model_type,disease,y_true,y_prob,y_pred,year,week,state
classifier_weekly_state,Covid-19,0.0,0.0,0.0,2025,46,Lagos
classifier_weekly_state,Covid-19,0.0,0.0,0.0,2025,46,Ogun
classifier_weekly_state,Covid-19,0.0,0.0,0.0,2025,46,Rivers
classifier_weekly_state,Covid-19,0.0,0.0,0.0,2020,1,Abia
classifier_weekly_state,Covid-19,0.0,0.0,0.0,2020,1,Akwa Ibom
classifier_weekly_state,Covid-19,0.0,0.0,0.0,2020,1,Anambra
classifier_weekly_state,Covid-19,0.0,0.0,0.0,2020,1,Borno
classifier_weekly_state,Covid-19,0.0,0.0,0.0,2020,1,Gombe
classifier_weekly_state,Covid-19,0.0,0.0,0.0,2020,1,Kwara
classifier_weekly_state,Covid-19,0.0,0.0,0.0,2020,1,Niger
classifier_weekly_state,Covid-19,0.0,0.0,0.0,2025,1,Abuja
classifier_weekly_state,Covid-19,0.0,0.0,0.0,2025,1,Adamawa
classifier_weekly_state,Covid-19,0.0,0.0,0.0,2025,1,Akwa Ibom
classifier_weekly_state,Covid-19,0.0,0.0,0.0,2025,1,Bauchi
classifier_weekly_state,Covid-19,0.0,0.0,0.0,2025,1,Benue
classifier_weekly_state,Covid-19,0.0,0.0,0.0,2025,1,Delta
classifier_weekly_state,Covid-19,0.0,0.0,0.0,2025,1,Edo
classifier_weekly_state,Covid-19,0.0,0.0,0.0,2025,1,Ekiti
classifier_weekly_state,Covid-19,0.0,0.0,0.0,2025,1,Enugu
classifier_weekly_state,Covid-19,0.0,0.0,0.0,2025,1,Jigawa
classifier_weekly_state,Covid-19,0.0,0.0,0.0,2025,1,Kaduna
classifier_weekly_state,Covid-19,0.0,0.0,0.0,2025,1,Kano
classifier_weekly_state,Covid-19,0.0,0.0,0.0,2025,1,Katsina
classifier_weekly_state,Covid-19,0.0,0.0,0.0,2025,1,Lagos
classifier_weekly_state,Covid-19,0.0,0.0,0.0,2025,1,Ogun
classifier_weekly_state,Covid-19,0.0,0.0,0.0,2025,1,Ondo
classifier_weekly_state,Covid-19,0.0,0.0,0.0,2025,1,Osun
classifier_weekly_state,Covid-19,0.0,0.0,0.0,2025,1,Oyo
classifier_weekly_state,Covid-19,0.0,0.0,0.0,2025,1,Plateau
classifier_weekly_state,Covid-19,0.0,0.0,0.0,2025,1,Rivers
classifier_weekly_state,Covid-19,0.0,0.0,0.0,2025,1,Sokoto
classifier_weekly_state,Covid-19,0.0,0.0,0.0,2025,30,Yobe
regressor_weekly_state,Covid-19,3.0,,3.008404761904761,2025,46,Rivers
regressor_weekly_state,Covid-19,1.0,,1.0,2025,46,Sokoto
regressor_weekly_state,Covid-19,0.0,,0.0,2025,48,Abuja
regressor_weekly_state,Covid-19,0.0,,0.0,2025,48,Edo
regressor_weekly_state,Covid-19,0.0,,0.0,2025,48,Kano
regressor_weekly_state,Covid-19,0.0,,0.0,2025,48,Lagos
regressor_weekly_state,Covid-19,0.0,,0.0,2025,48,Ogun
regressor_weekly_state,Covid-19,0.0,,0.0,2025,48,Rivers
regressor_weekly_state,Covid-19,0.0,,0.0,2025,48,Yobe
regressor_weekly_state,Covid-19,2.0,,2.002077228327228,2020,1,Abia
regressor_weekly_state,Covid-19,9.0,,9.115165674603174,2020,1,Akwa Ibom
regressor_weekly_state,Covid-19,1.0,,1.0,2020,1,Anambra
regressor_weekly_state,Covid-19,3.0,,3.0689105616605614,2020,1,Borno
regressor_weekly_state,Covid-19,5.0,,5.0780585317460325,2020,1,Gombe
regressor_weekly_state,Covid-19,9.0,,9.080493055555555,2020,1,Kwara
regressor_weekly_state,Covid-19,2.0,,2.002077228327228,2020,1,Niger
regressor_weekly_state,Covid-19,2.0,,2.002077228327228,2020,1,Zamfara
regressor_weekly_state,Covid-19,7.0,,6.8344558080808095,2025,1,Abuja
regressor_weekly_state,Covid-19,1.0,,1.0,2025,1,Adamawa
regressor_weekly_state,Covid-19,5.0,,5.049975198412699,2025,1,Akwa Ibom
regressor_weekly_state,Covid-19,2.0,,2.001607142857143,2025,1,Bauchi
regressor_weekly_state,Covid-19,1.0,,1.0,2025,1,Benue
regressor_weekly_state,Covid-19,4.0,,3.999246031746032,2025,1,Delta
regressor_weekly_state,Covid-19,1.0,,1.0,2025,1,Edo
regressor_weekly_state,Covid-19,1.0,,1.0,2025,1,Ekiti
regressor_weekly_state,Covid-19,2.0,,2.001607142857143,2025,1,Enugu
regressor_weekly_state,Covid-19,2.0,,2.001607142857143,2025,1,Jigawa
regressor_weekly_state,Covid-19,1.0,,1.0,2025,1,Kaduna
regressor_weekly_state,Covid-19,1.0,,1.0,2025,1,Kano
regressor_weekly_state,Covid-19,12.0,,11.12825793650793,2025,1,Katsina
regressor_weekly_state,Covid-19,0.0,,0.0,2025,1,Lagos
regressor_weekly_state,Covid-19,1.0,,1.0,2025,1,Ogun
regressor_weekly_state,Covid-19,3.0,,3.068440476190476,2025,1,Ondo
regressor_weekly_state,Covid-19,2.0,,2.001607142857143,2025,1,Osun
regressor_weekly_state,Covid-19,7.0,,6.873969696969698,2025,1,Oyo
regressor_weekly_state,Covid-19,1.0,,1.0,2025,1,Plateau
regressor_weekly_state,Covid-19,0.0,,0.0,2025,1,Rivers
regressor_weekly_state,Covid-19,1.0,,1.0,2025,1,Sokoto
regressor_weekly_state,Covid-19,0.0,,0.0,2025,30,Yobe
regressor_weekly_from_annual,Cholera,104.03846153846152,,103.2872115384615,2008,1,
regressor_weekly_from_annual,Cholera,104.03846153846152,,104.4038461538461,2008,2,
regressor_weekly_from_annual,Cholera,104.03846153846152,,104.4038461538461,2008,3,
regressor_weekly_from_annual,Cholera,104.03846153846152,,104.4038461538461,2008,4,
regressor_weekly_from_annual,Cholera,104.03846153846152,,104.4038461538461,2008,5,
regressor_weekly_from_annual,Cholera,104.03846153846152,,104.4038461538461,2008,6,
regressor_weekly_from_annual,Cholera,104.03846153846152,,104.4038461538461,2008,7,
regressor_weekly_from_annual,Cholera,104.03846153846152,,104.4038461538461,2008,8,
regressor_weekly_from_annual,Cholera,104.03846153846152,,104.4038461538461,2008,9,
regressor_weekly_from_annual,Cholera,104.03846153846152,,104.4038461538461,2008,10,
regressor_weekly_from_annual,Cholera,104.03846153846152,,104.4038461538461,2008,11,
regressor_weekly_from_annual,Cholera,104.03846153846152,,104.4038461538461,2008,12,
regressor_weekly_from_annual,Cholera,104.03846153846152,,104.4038461538461,2008,13,
regressor_weekly_from_annual,Cholera,104.03846153846152,,104.4038461538461,2008,14,
regressor_weekly_from_annual,Cholera,104.03846153846152,,104.4038461538461,2008,15,
regressor_weekly_from_annual,Cholera,104.03846153846152,,104.4038461538461,2008,16,
regressor_weekly_from_annual,Cholera,104.03846153846152,,104.4038461538461,2008,17,
regressor_weekly_from_annual,Cholera,104.03846153846152,,104.4038461538461,2008,18,
regressor_weekly_from_annual,Cholera,104.03846153846152,,104.4038461538461,2008,19,
regressor_weekly_from_annual,Cholera,104.03846153846152,,104.4038461538461,2008,20,
regressor_weekly_from_annual,Cholera,104.03846153846152,,104.4038461538461,2008,21,
regressor_weekly_from_annual,Cholera,104.03846153846152,,104.4038461538461,2008,22,
regressor_weekly_from_annual,Cholera,104.03846153846152,,104.4038461538461,2008,23,
regressor_weekly_from_annual,Cholera,104.03846153846152,,104.4038461538461,2008,24,
regressor_weekly_from_annual,Cholera,104.03846153846152,,104.4038461538461,2008,25,
regressor_weekly_from_annual,Cholera,104.03846153846152,,104.4038461538461,2008,26,
regressor_weekly_from_annual,Cholera,104.03846153846152,,104.4038461538461,2008,27,
regressor_weekly_from_annual,Cholera,104.03846153846152,,104.4038461538461,2008,28,
regressor_weekly_from_annual,Cholera,104.03846153846152,,104.4038461538461,2008,29,
regressor_weekly_from_annual,Cholera,104.03846153846152,,104.4038461538461,2008,30,
regressor_weekly_from_annual,Cholera,104.03846153846152,,104.4038461538461,2008,31,
regressor_weekly_from_annual,Cholera,104.03846153846152,,104.4038461538461,2008,32,
regressor_weekly_from_annual,Cholera,104.03846153846152,,104.4038461538461,2008,33,
regressor_weekly_from_annual,Cholera,104.03846153846152,,104.4038461538461,2008,34,
regressor_weekly_from_annual,Cholera,104.03846153846152,,104.4038461538461,2008,35,
regressor_weekly_from_annual,Cholera,104.03846153846152,,104.4038461538461,2008,36,
regressor_weekly_from_annual,Cholera,104.03846153846152,,104.4038461538461,2008,37,
regressor_weekly_from_annual,Cholera,104.03846153846152,,104.4038461538461,2008,38,
regressor_weekly_from_annual,Cholera,104.03846153846152,,104.4038461538461,2008,39,
regressor_weekly_from_annual,Cholera,104.03846153846152,,104.4038461538461,2008,40,
regressor_weekly_from_annual,Cholera,104.03846153846152,,104.4038461538461,2008,41,
regressor_weekly_from_annual,Cholera,104.03846153846152,,104.4038461538461,2008,42,
regressor_weekly_from_annual,Cholera,104.03846153846152,,104.4038461538461,2008,43,
regressor_weekly_from_annual,Cholera,104.03846153846152,,104.4038461538461,2008,44,
regressor_weekly_from_annual,Cholera,104.03846153846152,,104.4038461538461,2008,45,
regressor_weekly_from_annual,Cholera,104.03846153846152,,104.4038461538461,2008,46,
regressor_weekly_from_annual,Cholera,104.03846153846152,,104.4038461538461,2008,47,
regressor_weekly_from_annual,Cholera,104.03846153846152,,104.4038461538461,2008,48,
regressor_weekly_from_annual,Cholera,104.03846153846152,,104.4038461538461,2008,49,
regressor_weekly_from_annual,Cholera,104.03846153846152,,104.4038461538461,2008,50,
regressor_weekly_from_annual,Cholera,104.03846153846152,,104.4038461538461,2008,51,
regressor_weekly_from_annual,Cholera,104.03846153846152,,104.4038461538461,2008,52,
regressor_weekly_from_annual,Cholera,263.28846153846155,,232.80874999999835,2009,1,
regressor_weekly_from_annual,Cholera,263.28846153846155,,237.6276442307675,2009,2,
regressor_weekly_from_annual,Cholera,263.28846153846155,,237.6276442307675,2009,3,
regressor_weekly_from_annual,Cholera,263.28846153846155,,237.6276442307675,2009,4,
regressor_weekly_from_annual,Cholera,263.28846153846155,,237.6276442307675,2009,5,
regressor_weekly_from_annual,Cholera,263.28846153846155,,237.6276442307675,2009,6,
regressor_weekly_from_annual,Cholera,263.28846153846155,,237.6276442307675,2009,7,
regressor_weekly_from_annual,Cholera,263.28846153846155,,237.6276442307675,2009,8,
regressor_weekly_from_annual,Cholera,263.28846153846155,,237.6276442307675,2009,9,
regressor_weekly_from_annual,Cholera,263.28846153846155,,237.6276442307675,2009,10,
regressor_weekly_from_annual,Cholera,263.28846153846155,,237.6276442307675,2009,11,
regressor_weekly_from_annual,Cholera,263.28846153846155,,237.6276442307675,2009,12,
regressor_weekly_from_annual,Cholera,263.28846153846155,,237.6276442307675,2009,13,
regressor_weekly_from_annual,Cholera,263.28846153846155,,237.6276442307675,2009,14,
regressor_weekly_from_annual,Cholera,263.28846153846155,,237.6276442307675,2009,15,
regressor_weekly_from_annual,Cholera,263.28846153846155,,237.6276442307675,2009,16,
regressor_weekly_from_annual,Cholera,263.28846153846155,,237.6276442307675,2009,17,
regressor_weekly_from_annual,Cholera,263.28846153846155,,237.6276442307675,2009,18,
regressor_weekly_from_annual,Cholera,263.28846153846155,,237.6276442307675,2009,19,
regressor_weekly_from_annual,Cholera,263.28846153846155,,237.6276442307675,2009,20,
regressor_weekly_from_annual,Cholera,263.28846153846155,,237.6276442307675,2009,21,
regressor_weekly_from_annual,Cholera,263.28846153846155,,237.6276442307675,2009,22,
regressor_weekly_from_annual,Cholera,263.28846153846155,,237.6276442307675,2009,23,
regressor_weekly_from_annual,Cholera,263.28846153846155,,237.6276442307675,2009,24,
regressor_weekly_from_annual,Cholera,263.28846153846155,,237.6276442307675,2009,25,
regressor_weekly_from_annual,Cholera,263.28846153846155,,237.6276442307675,2009,26,
regressor_weekly_from_annual,Cholera,263.28846153846155,,237.6276442307675,2009,27,
regressor_weekly_from_annual,Cholera,263.28846153846155,,237.6276442307675,2009,28,
regressor_weekly_from_annual,Cholera,263.28846153846155,,237.6276442307675,2009,29,
regressor_weekly_from_annual,Cholera,263.28846153846155,,237.6276442307675,2009,30,
regressor_weekly_from_annual,Cholera,263.28846153846155,,237.6276442307675,2009,31,
regressor_weekly_from_annual,Cholera,263.28846153846155,,237.6276442307675,2009,32,
regressor_weekly_from_annual,Cholera,263.28846153846155,,237.6276442307675,2009,33,
regressor_weekly_from_annual,Cholera,263.28846153846155,,237.6276442307675,2009,34,
regressor_weekly_from_annual,Cholera,263.28846153846155,,237.6276442307675,2009,35,
regressor_weekly_from_annual,Cholera,263.28846153846155,,237.6276442307675,2009,36,
regressor_weekly_from_annual,Cholera,263.28846153846155,,237.6276442307675,2009,37,
regressor_weekly_from_annual,Cholera,263.28846153846155,,237.6276442307675,2009,38,
regressor_weekly_from_annual,Cholera,263.28846153846155,,237.6276442307675,2009,39,
regressor_weekly_from_annual,Cholera,263.28846153846155,,237.6276442307675,2009,40,
regressor_weekly_from_annual,Cholera,263.28846153846155,,237.6276442307675,2009,41,
regressor_weekly_from_annual,Cholera,263.28846153846155,,237.6276442307675,2009,42,
regressor_weekly_from_annual,Cholera,263.28846153846155,,237.6276442307675,2009,43,
regressor_weekly_from_annual,Cholera,263.28846153846155,,237.6276442307675,2009,44,
regressor_weekly_from_annual,Cholera,263.28846153846155,,237.6276442307675,2009,45,
regressor_weekly_from_annual,Cholera,263.28846153846155,,237.6276442307675,2009,46,
regressor_weekly_from_annual,Cholera,263.28846153846155,,237.6276442307675,2009,47,
regressor_weekly_from_annual,Cholera,263.28846153846155,,237.6276442307675,2009,48,
regressor_weekly_from_annual,Cholera,263.28846153846155,,237.6276442307675,2009,49,
regressor_weekly_from_annual,Cholera,263.28846153846155,,237.6276442307675,2009,50,
regressor_weekly_from_annual,Cholera,263.28846153846155,,237.6276442307675,2009,51,
regressor_weekly_from_annual,Cholera,263.28846153846155,,237.6276442307675,2009,52,
regressor_weekly_from_annual,Cholera,854.9230769230769,,1017.617307692306,2010,1,
regressor_weekly_from_annual,Cholera,854.9230769230769,,1143.8076923076887,2010,2,
regressor_weekly_from_annual,Cholera,854.9230769230769,,1143.8076923076887,2010,3,
regressor_weekly_from_annual,Cholera,854.9230769230769,,1143.8076923076887,2010,4,
regressor_weekly_from_annual,Cholera,854.9230769230769,,1143.8076923076887,2010,5,
regressor_weekly_from_annual,Cholera,854.9230769230769,,1143.8076923076887,2010,6,
regressor_weekly_from_annual,Cholera,854.9230769230769,,1143.8076923076887,2010,7,
regressor_weekly_from_annual,Cholera,854.9230769230769,,1143.8076923076887,2010,8,
regressor_weekly_from_annual,Cholera,854.9230769230769,,1143.8076923076887,2010,9,
regressor_weekly_from_annual,Cholera,854.9230769230769,,1143.8076923076887,2010,10,
regressor_weekly_from_annual,Cholera,854.9230769230769,,1143.8076923076887,2010,11,
regressor_weekly_from_annual,Cholera,854.9230769230769,,1143.8076923076887,2010,12,
regressor_weekly_from_annual,Cholera,854.9230769230769,,1143.8076923076887,2010,13,
regressor_weekly_from_annual,Cholera,854.9230769230769,,1143.8076923076887,2010,14,
regressor_weekly_from_annual,Cholera,854.9230769230769,,1143.8076923076887,2010,15,
regressor_weekly_from_annual,Cholera,854.9230769230769,,1143.8076923076887,2010,16,
regressor_weekly_from_annual,Cholera,854.9230769230769,,1143.8076923076887,2010,17,
regressor_weekly_from_annual,Cholera,854.9230769230769,,1143.8076923076887,2010,18,
regressor_weekly_from_annual,Cholera,854.9230769230769,,1143.8076923076887,2010,19,
regressor_weekly_from_annual,Cholera,854.9230769230769,,1143.8076923076887,2010,20,
regressor_weekly_from_annual,Cholera,854.9230769230769,,1143.8076923076887,2010,21,
regressor_weekly_from_annual,Cholera,854.9230769230769,,1143.8076923076887,2010,22,
regressor_weekly_from_annual,Cholera,854.9230769230769,,1143.8076923076887,2010,23,
regressor_weekly_from_annual,Cholera,854.9230769230769,,1143.8076923076887,2010,24,
regressor_weekly_from_annual,Cholera,854.9230769230769,,1143.8076923076887,2010,25,
regressor_weekly_from_annual,Cholera,854.9230769230769,,1143.8076923076887,2010,26,
regressor_weekly_from_annual,Cholera,854.9230769230769,,1143.8076923076887,2010,27,
regressor_weekly_from_annual,Cholera,854.9230769230769,,1143.8076923076887,2010,28,
regressor_weekly_from_annual,Cholera,854.9230769230769,,1143.8076923076887,2010,29,
regressor_weekly_from_annual,Cholera,854.9230769230769,,1143.8076923076887,2010,30,
regressor_weekly_from_annual,Cholera,854.9230769230769,,1143.8076923076887,2010,31,
regressor_weekly_from_annual,Cholera,854.9230769230769,,1143.8076923076887,2010,32,
regressor_weekly_from_annual,Cholera,854.9230769230769,,1143.8076923076887,2010,33,
regressor_weekly_from_annual,Cholera,854.9230769230769,,1143.8076923076887,2010,34,
regressor_weekly_from_annual,Cholera,854.9230769230769,,1143.8076923076887,2010,35,
regressor_weekly_from_annual,Cholera,854.9230769230769,,1143.8076923076887,2010,36,
regressor_weekly_from_annual,Cholera,854.9230769230769,,1143.8076923076887,2010,37,
regressor_weekly_from_annual,Cholera,854.9230769230769,,1143.8076923076887,2010,38,
regressor_weekly_from_annual,Cholera,854.9230769230769,,1143.8076923076887,2010,39,
regressor_weekly_from_annual,Cholera,854.9230769230769,,1143.8076923076887,2010,40,
regressor_weekly_from_annual,Cholera,854.9230769230769,,1143.8076923076887,2010,41,
regressor_weekly_from_annual,Cholera,854.9230769230769,,1143.8076923076887,2010,42,
regressor_weekly_from_annual,Cholera,854.9230769230769,,1143.8076923076887,2010,43,
regressor_weekly_from_annual,Cholera,854.9230769230769,,1143.8076923076887,2010,44,
regressor_weekly_from_annual,Cholera,854.9230769230769,,1143.8076923076887,2010,45,
regressor_weekly_from_annual,Cholera,854.9230769230769,,1143.8076923076887,2010,46,
regressor_weekly_from_annual,Cholera,854.9230769230769,,1143.8076923076887,2010,47,
regressor_weekly_from_annual,Cholera,854.9230769230769,,1143.8076923076887,2010,48,
regressor_weekly_from_annual,Cholera,854.9230769230769,,1143.8076923076887,2010,49,
regressor_weekly_from_annual,Cholera,854.9230769230769,,1143.8076923076887,2010,50,
regressor_weekly_from_annual,Cholera,854.9230769230769,,1143.8076923076887,2010,51,
regressor_weekly_from_annual,Cholera,854.9230769230769,,1143.8076923076887,2010,52,
regressor_weekly_from_annual,Cholera,449.5576923076923,,605.7669230769251,2011,1,
regressor_weekly_from_annual,Cholera,449.5576923076923,,469.3194230769245,2011,2,
regressor_weekly_from_annual,Cholera,449.5576923076923,,469.3194230769245,2011,3,
regressor_weekly_from_annual,Cholera,449.5576923076923,,469.3194230769245,2011,4,
regressor_weekly_from_annual,Cholera,449.5576923076923,,469.3194230769245,2011,5,
regressor_weekly_from_annual,Cholera,449.5576923076923,,469.3194230769245,2011,6,
regressor_weekly_from_annual,Cholera,449.5576923076923,,469.3194230769245,2011,7,
regressor_weekly_from_annual,Cholera,449.5576923076923,,469.3194230769245,2011,8,
regressor_weekly_from_annual,Cholera,449.5576923076923,,469.3194230769245,2011,9,
regressor_weekly_from_annual,Cholera,449.5576923076923,,469.3194230769245,2011,10,
regressor_weekly_from_annual,Cholera,449.5576923076923,,469.3194230769245,2011,11,
regressor_weekly_from_annual,Cholera,449.5576923076923,,469.3194230769245,2011,12,
regressor_weekly_from_annual,Cholera,449.5576923076923,,469.3194230769245,2011,13,
regressor_weekly_from_annual,Cholera,449.5576923076923,,469.3194230769245,2011,14,
regressor_weekly_from_annual,Cholera,449.5576923076923,,469.3194230769245,2011,15,
regressor_weekly_from_annual,Cholera,449.5576923076923,,469.3194230769245,2011,16,
regressor_weekly_from_annual,Cholera,449.5576923076923,,469.3194230769245,2011,17,
regressor_weekly_from_annual,Cholera,449.5576923076923,,469.3194230769245,2011,18,
regressor_weekly_from_annual,Cholera,449.5576923076923,,469.3194230769245,2011,19,
regressor_weekly_from_annual,Cholera,449.5576923076923,,469.3194230769245,2011,20,
regressor_weekly_from_annual,Cholera,449.5576923076923,,469.3194230769245,2011,21,
regressor_weekly_from_annual,Cholera,449.5576923076923,,469.3194230769245,2011,22,
regressor_weekly_from_annual,Cholera,449.5576923076923,,469.3194230769245,2011,23,
regressor_weekly_from_annual,Cholera,449.5576923076923,,469.3194230769245,2011,24,
regressor_weekly_from_annual,Cholera,449.5576923076923,,469.3194230769245,2011,25,
regressor_weekly_from_annual,Cholera,449.5576923076923,,469.3194230769245,2011,26,
regressor_weekly_from_annual,Cholera,449.5576923076923,,469.3194230769245,2011,27,
regressor_weekly_from_annual,Cholera,449.5576923076923,,469.3194230769245,2011,28,
regressor_weekly_from_annual,Cholera,449.5576923076923,,469.3194230769245,2011,29,
regressor_weekly_from_annual,Cholera,449.5576923076923,,469.3194230769245,2011,30,
regressor_weekly_from_annual,Cholera,449.5576923076923,,469.3194230769245,2011,31,
regressor_weekly_from_annual,Cholera,449.5576923076923,,469.3194230769245,2011,32,
regressor_weekly_from_annual,Cholera,449.5576923076923,,469.3194230769245,2011,33,
regressor_weekly_from_annual,Cholera,449.5576923076923,,469.3194230769245,2011,34,
regressor_weekly_from_annual,Cholera,449.5576923076923,,469.3194230769245,2011,35,
regressor_weekly_from_annual,Cholera,449.5576923076923,,469.3194230769245,2011,36,
regressor_weekly_from_annual,Cholera,449.5576923076923,,469.3194230769245,2011,37,
regressor_weekly_from_annual,Cholera,449.5576923076923,,469.3194230769245,2011,38,
regressor_weekly_from_annual,Cholera,449.5576923076923,,469.3194230769245,2011,39,
regressor_weekly_from_annual,Cholera,449.5576923076923,,469.3194230769245,2011,40,
regressor_weekly_from_annual,Cholera,449.5576923076923,,469.3194230769245,2011,41,
regressor_weekly_from_annual,Cholera,449.5576923076923,,469.3194230769245,2011,42,
regressor_weekly_from_annual,Cholera,449.5576923076923,,469.3194230769245,2011,43,
regressor_weekly_from_annual,Cholera,449.5576923076923,,469.3194230769245,2011,44,
regressor_weekly_from_annual,Cholera,449.5576923076923,,469.3194230769245,2011,45,
regressor_weekly_from_annual,Cholera,449.5576923076923,,469.3194230769245,2011,46,
regressor_weekly_from_annual,Cholera,449.5576923076923,,469.3194230769245,2011,47,
regressor_weekly_from_annual,Cholera,449.5576923076923,,469.3194230769245,2011,48,
regressor_weekly_from_annual,Cholera,449.5576923076923,,469.3194230769245,2011,49,
regressor_weekly_from_annual,Cholera,449.5576923076923,,469.3194230769245,2011,50,
regressor_weekly_from_annual,Cholera,449.5576923076923,,469.3194230769245,2011,51,
regressor_weekly_from_annual,Cholera,449.5576923076923,,469.3194230769245,2011,52,
regressor_weekly_from_annual,Cholera,11.48076923076923,,8.158124999999988,2012,1,
regressor_weekly_from_annual,Cholera,11.48076923076923,,6.908990384615371,2012,2,
regressor_weekly_from_annual,Cholera,11.48076923076923,,6.908990384615371,2012,3,
regressor_weekly_from_annual,Cholera,11.48076923076923,,6.908990384615371,2012,4,
regressor_weekly_from_annual,Cholera,11.48076923076923,,6.908990384615371,2012,5,
regressor_weekly_from_annual,Cholera,11.48076923076923,,6.908990384615371,2012,6,
regressor_weekly_from_annual,Cholera,11.48076923076923,,6.908990384615371,2012,7,
regressor_weekly_from_annual,Cholera,11.48076923076923,,6.908990384615371,2012,8,
regressor_weekly_from_annual,Cholera,11.48076923076923,,6.908990384615371,2012,9,
regressor_weekly_from_annual,Cholera,11.48076923076923,,6.908990384615371,2012,10,
regressor_weekly_from_annual,Cholera,11.48076923076923,,6.908990384615371,2012,11,
regressor_weekly_from_annual,Cholera,11.48076923076923,,6.908990384615371,2012,12,
regressor_weekly_from_annual,Cholera,11.48076923076923,,6.908990384615371,2012,13,
regressor_weekly_from_annual,Cholera,11.48076923076923,,6.908990384615371,2012,14,
regressor_weekly_from_annual,Cholera,11.48076923076923,,6.908990384615371,2012,15,
regressor_weekly_from_annual,Cholera,11.48076923076923,,6.908990384615371,2012,16,
regressor_weekly_from_annual,Cholera,11.48076923076923,,6.908990384615371,2012,17,
regressor_weekly_from_annual,Cholera,11.48076923076923,,6.908990384615371,2012,18,
regressor_weekly_from_annual,Cholera,11.48076923076923,,6.908990384615371,2012,19,
regressor_weekly_from_annual,Cholera,11.48076923076923,,6.908990384615371,2012,20,
regressor_weekly_from_annual,Cholera,11.48076923076923,,6.908990384615371,2012,21,
regressor_weekly_from_annual,Cholera,11.48076923076923,,6.908990384615371,2012,22,
regressor_weekly_from_annual,Cholera,11.48076923076923,,6.908990384615371,2012,23,
regressor_weekly_from_annual,Cholera,11.48076923076923,,6.908990384615371,2012,24,
regressor_weekly_from_annual,Cholera,11.48076923076923,,6.908990384615371,2012,25,
regressor_weekly_from_annual,Cholera,11.48076923076923,,6.908990384615371,2012,26,
regressor_weekly_from_annual,Cholera,11.48076923076923,,6.908990384615371,2012,27,
regressor_weekly_from_annual,Cholera,11.48076923076923,,6.908990384615371,2012,28,
regressor_weekly_from_annual,Cholera,11.48076923076923,,6.908990384615371,2012,29,
regressor_weekly_from_annual,Cholera,11.48076923076923,,6.908990384615371,2012,30,
regressor_weekly_from_annual,Cholera,11.48076923076923,,6.908990384615371,2012,31,
regressor_weekly_from_annual,Cholera,11.48076923076923,,6.908990384615371,2012,32,
regressor_weekly_from_annual,Cholera,11.48076923076923,,6.908990384615371,2012,33,
regressor_weekly_from_annual,Cholera,11.48076923076923,,6.908990384615371,2012,34,
regressor_weekly_from_annual,Cholera,11.48076923076923,,6.908990384615371,2012,35,
regressor_weekly_from_annual,Cholera,11.48076923076923,,6.908990384615371,2012,36,
regressor_weekly_from_annual,Cholera,11.48076923076923,,6.908990384615371,2012,37,
regressor_weekly_from_annual,Cholera,11.48076923076923,,6.908990384615371,2012,38,
regressor_weekly_from_annual,Cholera,11.48076923076923,,6.908990384615371,2012,39,
regressor_weekly_from_annual,Cholera,11.48076923076923,,6.908990384615371,2012,40,
regressor_weekly_from_annual,Cholera,11.48076923076923,,6.908990384615371,2012,41,
regressor_weekly_from_annual,Cholera,11.48076923076923,,6.908990384615371,2012,42,
regressor_weekly_from_annual,Cholera,11.48076923076923,,6.908990384615371,2012,43,
regressor_weekly_from_annual,Cholera,11.48076923076923,,6.908990384615371,2012,44,
regressor_weekly_from_annual,Cholera,11.48076923076923,,6.908990384615371,2012,45,
regressor_weekly_from_annual,Cholera,11.48076923076923,,6.908990384615371,2012,46,
regressor_weekly_from_annual,Cholera,11.48076923076923,,6.908990384615371,2012,47,
regressor_weekly_from_annual,Cholera,11.48076923076923,,6.908990384615371,2012,48,
regressor_weekly_from_annual,Cholera,11.48076923076923,,6.908990384615371,2012,49,
regressor_weekly_from_annual,Cholera,11.48076923076923,,6.908990384615371,2012,50,
regressor_weekly_from_annual,Cholera,11.48076923076923,,6.908990384615371,2012,51,
regressor_weekly_from_annual,Cholera,11.48076923076923,,6.908990384615371,2012,52,
regressor_weekly_from_annual,Cholera,126.92307692307692,,103.2872115384615,2013,1,
regressor_weekly_from_annual,Cholera,126.92307692307692,,104.4038461538461,2013,2,
regressor_weekly_from_annual,Cholera,126.92307692307692,,104.4038461538461,2013,3,
regressor_weekly_from_annual,Cholera,126.92307692307692,,104.4038461538461,2013,4,
regressor_weekly_from_annual,Cholera,126.92307692307692,,104.4038461538461,2013,5,
regressor_weekly_from_annual,Cholera,126.92307692307692,,104.4038461538461,2013,6,
regressor_weekly_from_annual,Cholera,126.92307692307692,,104.4038461538461,2013,7,
regressor_weekly_from_annual,Cholera,126.92307692307692,,104.4038461538461,2013,8,
regressor_weekly_from_annual,Cholera,126.92307692307692,,104.4038461538461,2013,9,
regressor_weekly_from_annual,Cholera,126.92307692307692,,104.4038461538461,2013,10,
regressor_weekly_from_annual,Cholera,126.92307692307692,,104.4038461538461,2013,11,
regressor_weekly_from_annual,Cholera,126.92307692307692,,104.4038461538461,2013,12,
regressor_weekly_from_annual,Cholera,126.92307692307692,,104.4038461538461,2013,13,
regressor_weekly_from_annual,Cholera,126.92307692307692,,104.4038461538461,2013,14,
regressor_weekly_from_annual,Cholera,126.92307692307692,,104.4038461538461,2013,15,
regressor_weekly_from_annual,Cholera,126.92307692307692,,104.4038461538461,2013,16,
regressor_weekly_from_annual,Cholera,126.92307692307692,,104.4038461538461,2013,17,
regressor_weekly_from_annual,Cholera,126.92307692307692,,104.4038461538461,2013,18,
regressor_weekly_from_annual,Cholera,126.92307692307692,,104.4038461538461,2013,19,
regressor_weekly_from_annual,Cholera,126.92307692307692,,104.4038461538461,2013,20,
regressor_weekly_from_annual,Cholera,126.92307692307692,,104.4038461538461,2013,21,
regressor_weekly_from_annual,Cholera,126.92307692307692,,104.4038461538461,2013,22,
regressor_weekly_from_annual,Cholera,126.92307692307692,,104.4038461538461,2013,23,
regressor_weekly_from_annual,Cholera,126.92307692307692,,104.4038461538461,2013,24,
regressor_weekly_from_annual,Cholera,126.92307692307692,,104.4038461538461,2013,25,
regressor_weekly_from_annual,Cholera,126.92307692307692,,104.4038461538461,2013,26,
regressor_weekly_from_annual,Cholera,126.92307692307692,,104.4038461538461,2013,27,
regressor_weekly_from_annual,Cholera,126.92307692307692,,104.4038461538461,2013,28,
regressor_weekly_from_annual,Cholera,126.92307692307692,,104.4038461538461,2013,29,
regressor_weekly_from_annual,Cholera,126.92307692307692,,104.4038461538461,2013,30,
regressor_weekly_from_annual,Cholera,126.92307692307692,,104.4038461538461,2013,31,
regressor_weekly_from_annual,Cholera,126.92307692307692,,104.4038461538461,2013,32,
regressor_weekly_from_annual,Cholera,126.92307692307692,,104.4038461538461,2013,33,
regressor_weekly_from_annual,Cholera,126.92307692307692,,104.4038461538461,2013,34,
regressor_weekly_from_annual,Cholera,126.92307692307692,,104.4038461538461,2013,35,
regressor_weekly_from_annual,Cholera,126.92307692307692,,104.4038461538461,2013,36,
regressor_weekly_from_annual,Cholera,126.92307692307692,,104.4038461538461,2013,37,
regressor_weekly_from_annual,Cholera,126.92307692307692,,104.4038461538461,2013,38,
regressor_weekly_from_annual,Cholera,126.92307692307692,,104.4038461538461,2013,39,
regressor_weekly_from_annual,Cholera,126.92307692307692,,104.4038461538461,2013,40,
regressor_weekly_from_annual,Cholera,126.92307692307692,,104.4038461538461,2013,41,
regressor_weekly_from_annual,Cholera,126.92307692307692,,104.4038461538461,2013,42,
regressor_weekly_from_annual,Cholera,126.92307692307692,,104.4038461538461,2013,43,
regressor_weekly_from_annual,Cholera,126.92307692307692,,104.4038461538461,2013,44,
regressor_weekly_from_annual,Cholera,126.92307692307692,,104.4038461538461,2013,45,
regressor_weekly_from_annual,Cholera,126.92307692307692,,104.4038461538461,2013,46,
regressor_weekly_from_annual,Cholera,126.92307692307692,,104.4038461538461,2013,47,
regressor_weekly_from_annual,Cholera,126.92307692307692,,104.4038461538461,2013,48,
regressor_weekly_from_annual,Cholera,126.92307692307692,,104.4038461538461,2013,49,
regressor_weekly_from_annual,Cholera,126.92307692307692,,104.4038461538461,2013,50,
regressor_weekly_from_annual,Cholera,126.92307692307692,,104.4038461538461,2013,51,
regressor_weekly_from_annual,Cholera,126.92307692307692,,104.4038461538461,2013,52,
regressor_weekly_from_annual,Cholera,692.2307692307693,,497.1372596153862,2014,1,
regressor_weekly_from_annual,Cholera,692.2307692307693,,506.8846153846171,2014,2,
regressor_weekly_from_annual,Cholera,692.2307692307693,,506.8846153846171,2014,3,
regressor_weekly_from_annual,Cholera,692.2307692307693,,506.8846153846171,2014,4,
regressor_weekly_from_annual,Cholera,692.2307692307693,,506.8846153846171,2014,5,
regressor_weekly_from_annual,Cholera,692.2307692307693,,506.8846153846171,2014,6,
regressor_weekly_from_annual,Cholera,692.2307692307693,,506.8846153846171,2014,7,
regressor_weekly_from_annual,Cholera,692.2307692307693,,506.8846153846171,2014,8,
regressor_weekly_from_annual,Cholera,692.2307692307693,,506.8846153846171,2014,9,
regressor_weekly_from_annual,Cholera,692.2307692307693,,506.8846153846171,2014,10,
regressor_weekly_from_annual,Cholera,692.2307692307693,,506.8846153846171,2014,11,
regressor_weekly_from_annual,Cholera,692.2307692307693,,506.8846153846171,2014,12,
regressor_weekly_from_annual,Cholera,692.2307692307693,,506.8846153846171,2014,13,
regressor_weekly_from_annual,Cholera,692.2307692307693,,506.8846153846171,2014,14,
regressor_weekly_from_annual,Cholera,692.2307692307693,,506.8846153846171,2014,15,
regressor_weekly_from_annual,Cholera,692.2307692307693,,506.8846153846171,2014,16,
regressor_weekly_from_annual,Cholera,692.2307692307693,,506.8846153846171,2014,17,
regressor_weekly_from_annual,Cholera,692.2307692307693,,506.8846153846171,2014,18,
regressor_weekly_from_annual,Cholera,692.2307692307693,,506.8846153846171,2014,19,
regressor_weekly_from_annual,Cholera,692.2307692307693,,506.8846153846171,2014,20,
regressor_weekly_from_annual,Cholera,692.2307692307693,,506.8846153846171,2014,21,
regressor_weekly_from_annual,Cholera,692.2307692307693,,506.8846153846171,2014,22,
regressor_weekly_from_annual,Cholera,692.2307692307693,,506.8846153846171,2014,23,
regressor_weekly_from_annual,Cholera,692.2307692307693,,506.8846153846171,2014,24,
regressor_weekly_from_annual,Cholera,692.2307692307693,,506.8846153846171,2014,25,
regressor_weekly_from_annual,Cholera,692.2307692307693,,506.8846153846171,2014,26,
regressor_weekly_from_annual,Cholera,692.2307692307693,,506.8846153846171,2014,27,
regressor_weekly_from_annual,Cholera,692.2307692307693,,506.8846153846171,2014,28,
regressor_weekly_from_annual,Cholera,692.2307692307693,,506.8846153846171,2014,29,
regressor_weekly_from_annual,Cholera,692.2307692307693,,506.8846153846171,2014,30,
regressor_weekly_from_annual,Cholera,692.2307692307693,,506.8846153846171,2014,31,
regressor_weekly_from_annual,Cholera,692.2307692307693,,506.8846153846171,2014,32,
regressor_weekly_from_annual,Cholera,692.2307692307693,,506.8846153846171,2014,33,
regressor_weekly_from_annual,Cholera,692.2307692307693,,506.8846153846171,2014,34,
regressor_weekly_from_annual,Cholera,692.2307692307693,,506.8846153846171,2014,35,
regressor_weekly_from_annual,Cholera,692.2307692307693,,506.8846153846171,2014,36,
regressor_weekly_from_annual,Cholera,692.2307692307693,,506.8846153846171,2014,37,
regressor_weekly_from_annual,Cholera,692.2307692307693,,506.8846153846171,2014,38,
regressor_weekly_from_annual,Cholera,692.2307692307693,,506.8846153846171,2014,39,
regressor_weekly_from_annual,Cholera,692.2307692307693,,506.8846153846171,2014,40,
regressor_weekly_from_annual,Cholera,692.2307692307693,,506.8846153846171,2014,41,
regressor_weekly_from_annual,Cholera,692.2307692307693,,506.8846153846171,2014,42,
regressor_weekly_from_annual,Cholera,692.2307692307693,,506.8846153846171,2014,43,
regressor_weekly_from_annual,Cholera,692.2307692307693,,506.8846153846171,2014,44,
regressor_weekly_from_annual,Cholera,692.2307692307693,,506.8846153846171,2014,45,
regressor_weekly_from_annual,Cholera,692.2307692307693,,506.8846153846171,2014,46,
regressor_weekly_from_annual,Cholera,692.2307692307693,,506.8846153846171,2014,47,
regressor_weekly_from_annual,Cholera,692.2307692307693,,506.8846153846171,2014,48,
regressor_weekly_from_annual,Cholera,692.2307692307693,,506.8846153846171,2014,49,
regressor_weekly_from_annual,Cholera,692.2307692307693,,506.8846153846171,2014,50,
regressor_weekly_from_annual,Cholera,692.2307692307693,,506.8846153846171,2014,51,
regressor_weekly_from_annual,Cholera,692.2307692307693,,506.8846153846171,2014,52,
regressor_weekly_from_annual,Cholera,101.73076923076924,,107.74730769230756,2015,1,
regressor_weekly_from_annual,Cholera,101.73076923076924,,104.4038461538461,2015,2,
regressor_weekly_from_annual,Cholera,101.73076923076924,,104.4038461538461,2015,3,
regressor_weekly_from_annual,Cholera,101.73076923076924,,104.4038461538461,2015,4,
regressor_weekly_from_annual,Cholera,101.73076923076924,,104.4038461538461,2015,5,
regressor_weekly_from_annual,Cholera,101.73076923076924,,104.4038461538461,2015,6,
regressor_weekly_from_annual,Cholera,101.73076923076924,,104.4038461538461,2015,7,
regressor_weekly_from_annual,Cholera,101.73076923076924,,104.4038461538461,2015,8,
regressor_weekly_from_annual,Cholera,101.73076923076924,,104.4038461538461,2015,9,
regressor_weekly_from_annual,Cholera,101.73076923076924,,104.4038461538461,2015,10,
regressor_weekly_from_annual,Cholera,101.73076923076924,,104.4038461538461,2015,11,
regressor_weekly_from_annual,Cholera,101.73076923076924,,104.4038461538461,2015,12,
regressor_weekly_from_annual,Cholera,101.73076923076924,,104.4038461538461,2015,13,
regressor_weekly_from_annual,Cholera,101.73076923076924,,104.4038461538461,2015,14,
regressor_weekly_from_annual,Cholera,101.73076923076924,,104.4038461538461,2015,15,
regressor_weekly_from_annual,Cholera,101.73076923076924,,104.4038461538461,2015,16,
regressor_weekly_from_annual,Cholera,101.73076923076924,,104.4038461538461,2015,17,
regressor_weekly_from_annual,Cholera,101.73076923076924,,104.4038461538461,2015,18,
regressor_weekly_from_annual,Cholera,101.73076923076924,,104.4038461538461,2015,19,
regressor_weekly_from_annual,Cholera,101.73076923076924,,104.4038461538461,2015,20,
regressor_weekly_from_annual,Cholera,101.73076923076924,,104.4038461538461,2015,21,
regressor_weekly_from_annual,Cholera,101.73076923076924,,104.4038461538461,2015,22,
regressor_weekly_from_annual,Cholera,101.73076923076924,,104.4038461538461,2015,23,
regressor_weekly_from_annual,Cholera,101.73076923076924,,104.4038461538461,2015,24,
regressor_weekly_from_annual,Cholera,101.73076923076924,,104.4038461538461,2015,25,
regressor_weekly_from_annual,Cholera,101.73076923076924,,104.4038461538461,2015,26,
regressor_weekly_from_annual,Cholera,101.73076923076924,,104.4038461538461,2015,27,
regressor_weekly_from_annual,Cholera,101.73076923076924,,104.4038461538461,2015,28,
regressor_weekly_from_annual,Cholera,101.73076923076924,,104.4038461538461,2015,29,
regressor_weekly_from_annual,Cholera,101.73076923076924,,104.4038461538461,2015,30,
regressor_weekly_from_annual,Cholera,101.73076923076924,,104.4038461538461,2015,31,
regressor_weekly_from_annual,Cholera,101.73076923076924,,104.4038461538461,2015,32,
regressor_weekly_from_annual,Cholera,101.73076923076924,,104.4038461538461,2015,33,
regressor_weekly_from_annual,Cholera,101.73076923076924,,104.4038461538461,2015,34,
regressor_weekly_from_annual,Cholera,101.73076923076924,,104.4038461538461,2015,35,
regressor_weekly_from_annual,Cholera,101.73076923076924,,104.4038461538461,2015,36,
regressor_weekly_from_annual,Cholera,101.73076923076924,,104.4038461538461,2015,37,
regressor_weekly_from_annual,Cholera,101.73076923076924,,104.4038461538461,2015,38,
regressor_weekly_from_annual,Cholera,101.73076923076924,,104.4038461538461,2015,39,
regressor_weekly_from_annual,Cholera,101.73076923076924,,104.4038461538461,2015,40,
regressor_weekly_from_annual,Cholera,101.73076923076924,,104.4038461538461,2015,41,
regressor_weekly_from_annual,Cholera,101.73076923076924,,104.4038461538461,2015,42,
regressor_weekly_from_annual,Cholera,101.73076923076924,,104.4038461538461,2015,43,
regressor_weekly_from_annual,Cholera,101.73076923076924,,104.4038461538461,2015,44,
regressor_weekly_from_annual,Cholera,101.73076923076924,,104.4038461538461,2015,45,
regressor_weekly_from_annual,Cholera,101.73076923076924,,104.4038461538461,2015,46,
regressor_weekly_from_annual,Cholera,101.73076923076924,,104.4038461538461,2015,47,
regressor_weekly_from_annual,Cholera,101.73076923076924,,104.4038461538461,2015,48,
regressor_weekly_from_annual,Cholera,101.73076923076924,,104.4038461538461,2015,49,
regressor_weekly_from_annual,Cholera,101.73076923076924,,104.4038461538461,2015,50,
regressor_weekly_from_annual,Cholera,101.73076923076924,,104.4038461538461,2015,51,
regressor_weekly_from_annual,Cholera,101.73076923076924,,104.4038461538461,2015,52,
regressor_weekly_from_annual,Cholera,14.76923076923077,,20.794182692307785,2016,1,
regressor_weekly_from_annual,Cholera,14.76923076923077,,20.365384615384716,2016,2,
regressor_weekly_from_annual,Cholera,14.76923076923077,,20.365384615384716,2016,3,
regressor_weekly_from_annual,Cholera,14.76923076923077,,20.365384615384716,2016,4,
regressor_weekly_from_annual,Cholera,14.76923076923077,,20.365384615384716,2016,5,
regressor_weekly_from_annual,Cholera,14.76923076923077,,20.365384615384716,2016,6,
regressor_weekly_from_annual,Cholera,14.76923076923077,,20.365384615384716,2016,7,
regressor_weekly_from_annual,Cholera,14.76923076923077,,20.365384615384716,2016,8,
regressor_weekly_from_annual,Cholera,14.76923076923077,,20.365384615384716,2016,9,
regressor_weekly_from_annual,Cholera,14.76923076923077,,20.365384615384716,2016,10,
regressor_weekly_from_annual,Cholera,14.76923076923077,,20.365384615384716,2016,11,
regressor_weekly_from_annual,Cholera,14.76923076923077,,20.365384615384716,2016,12,
regressor_weekly_from_annual,Cholera,14.76923076923077,,20.365384615384716,2016,13,
regressor_weekly_from_annual,Cholera,14.76923076923077,,20.365384615384716,2016,14,
regressor_weekly_from_annual,Cholera,14.76923076923077,,20.365384615384716,2016,15,
regressor_weekly_from_annual,Cholera,14.76923076923077,,20.365384615384716,2016,16,
regressor_weekly_from_annual,Cholera,14.76923076923077,,20.365384615384716,2016,17,
regressor_weekly_from_annual,Cholera,14.76923076923077,,20.365384615384716,2016,18,
regressor_weekly_from_annual,Cholera,14.76923076923077,,20.365384615384716,2016,19,
regressor_weekly_from_annual,Cholera,14.76923076923077,,20.365384615384716,2016,20,
regressor_weekly_from_annual,Cholera,14.76923076923077,,20.365384615384716,2016,21,
regressor_weekly_from_annual,Cholera,14.76923076923077,,20.365384615384716,2016,22,
regressor_weekly_from_annual,Cholera,14.76923076923077,,20.365384615384716,2016,23,
regressor_weekly_from_annual,Cholera,14.76923076923077,,20.365384615384716,2016,24,
regressor_weekly_from_annual,Cholera,14.76923076923077,,20.365384615384716,2016,25,
regressor_weekly_from_annual,Cholera,14.76923076923077,,20.365384615384716,2016,26,
regressor_weekly_from_annual,Cholera,14.76923076923077,,20.365384615384716,2016,27,
regressor_weekly_from_annual,Cholera,14.76923076923077,,20.365384615384716,2016,28,
regressor_weekly_from_annual,Cholera,14.76923076923077,,20.365384615384716,2016,29,
regressor_weekly_from_annual,Cholera,14.76923076923077,,20.365384615384716,2016,30,
regressor_weekly_from_annual,Cholera,14.76923076923077,,20.365384615384716,2016,31,
regressor_weekly_from_annual,Cholera,14.76923076923077,,20.365384615384716,2016,32,
regressor_weekly_from_annual,Cholera,14.76923076923077,,20.365384615384716,2016,33,
regressor_weekly_from_annual,Cholera,14.76923076923077,,20.365384615384716,2016,34,
regressor_weekly_from_annual,Cholera,14.76923076923077,,20.365384615384716,2016,35,
regressor_weekly_from_annual,Cholera,14.76923076923077,,20.365384615384716,2016,36,
regressor_weekly_from_annual,Cholera,14.76923076923077,,20.365384615384716,2016,37,
regressor_weekly_from_annual,Cholera,14.76923076923077,,20.365384615384716,2016,38,
regressor_weekly_from_annual,Cholera,14.76923076923077,,20.365384615384716,2016,39,
regressor_weekly_from_annual,Cholera,14.76923076923077,,20.365384615384716,2016,40,
regressor_weekly_from_annual,Cholera,14.76923076923077,,20.365384615384716,2016,41,
regressor_weekly_from_annual,Cholera,14.76923076923077,,20.365384615384716,2016,42,
regressor_weekly_from_annual,Cholera,14.76923076923077,,20.365384615384716,2016,43,
regressor_weekly_from_annual,Cholera,14.76923076923077,,20.365384615384716,2016,44,
regressor_weekly_from_annual,Cholera,14.76923076923077,,20.365384615384716,2016,45,
regressor_weekly_from_annual,Cholera,14.76923076923077,,20.365384615384716,2016,46,
regressor_weekly_from_annual,Cholera,14.76923076923077,,20.365384615384716,2016,47,
regressor_weekly_from_annual,Cholera,14.76923076923077,,20.365384615384716,2016,48,
regressor_weekly_from_annual,Cholera,14.76923076923077,,20.365384615384716,2016,49,
regressor_weekly_from_annual,Cholera,14.76923076923077,,20.365384615384716,2016,50,
regressor_weekly_from_annual,Cholera,14.76923076923077,,20.365384615384716,2016,51,
regressor_weekly_from_annual,Cholera,14.76923076923077,,20.365384615384716,2016,52,
regressor_weekly_from_annual,Measles,131.82692307692307,,131.82692307692238,2014,42,
regressor_weekly_from_annual,Measles,131.82692307692307,,131.82692307692238,2014,43,
regressor_weekly_from_annual,Measles,131.82692307692307,,131.82692307692238,2014,44,
regressor_weekly_from_annual,Measles,131.82692307692307,,131.82692307692238,2014,45,
regressor_weekly_from_annual,Measles,131.82692307692307,,131.82692307692238,2014,46,
regressor_weekly_from_annual,Measles,131.82692307692307,,131.82692307692238,2014,47,
regressor_weekly_from_annual,Measles,131.82692307692307,,131.82692307692238,2014,48,
regressor_weekly_from_annual,Measles,131.82692307692307,,131.82692307692238,2014,49,
regressor_weekly_from_annual,Measles,131.82692307692307,,131.82692307692238,2014,50,
regressor_weekly_from_annual,Measles,131.82692307692307,,131.82692307692238,2014,51,
regressor_weekly_from_annual,Measles,131.82692307692307,,131.82692307692238,2014,52,
regressor_weekly_from_annual,Measles,0.0,,0.6923076923076924,2015,1,
regressor_weekly_from_annual,Measles,0.0,,0.0,2015,2,
regressor_weekly_from_annual,Measles,0.0,,0.0,2015,3,
regressor_weekly_from_annual,Measles,0.0,,0.0,2015,4,
regressor_weekly_from_annual,Measles,0.0,,0.0,2015,5,
regressor_weekly_from_annual,Measles,0.0,,0.0,2015,6,
regressor_weekly_from_annual,Measles,0.0,,0.0,2015,7,
regressor_weekly_from_annual,Measles,0.0,,0.0,2015,8,
regressor_weekly_from_annual,Measles,0.0,,0.0,2015,9,
regressor_weekly_from_annual,Measles,0.0,,0.0,2015,10,
regressor_weekly_from_annual,Measles,0.0,,0.0,2015,11,
regressor_weekly_from_annual,Measles,0.0,,0.0,2015,12,
regressor_weekly_from_annual,Measles,0.0,,0.0,2015,13,
regressor_weekly_from_annual,Measles,0.0,,0.0,2015,14,
regressor_weekly_from_annual,Measles,0.0,,0.0,2015,15,
regressor_weekly_from_annual,Measles,0.0,,0.0,2015,16,
regressor_weekly_from_annual,Measles,0.0,,0.0,2015,17,
regressor_weekly_from_annual,Measles,0.0,,0.0,2015,18,
regressor_weekly_from_annual,Measles,0.0,,0.0,2015,19,
regressor_weekly_from_annual,Measles,0.0,,0.0,2015,20,
regressor_weekly_from_annual,Measles,0.0,,0.0,2015,21,
regressor_weekly_from_annual,Measles,0.0,,0.0,2015,22,
regressor_weekly_from_annual,Measles,0.0,,0.0,2015,23,
regressor_weekly_from_annual,Measles,0.0,,0.0,2015,24,
regressor_weekly_from_annual,Measles,0.0,,0.0,2015,25,
regressor_weekly_from_annual,Measles,0.0,,0.0,2015,26,
regressor_weekly_from_annual,Measles,0.0,,0.0,2015,27,
regressor_weekly_from_annual,Measles,0.0,,0.0,2015,28,
regressor_weekly_from_annual,Measles,0.0,,0.0,2015,29,
regressor_weekly_from_annual,Measles,0.0,,0.0,2015,30,
regressor_weekly_from_annual,Measles,0.0,,0.0,2015,31,
regressor_weekly_from_annual,Measles,0.0,,0.0,2015,32,
regressor_weekly_from_annual,Measles,0.0,,0.0,2015,33,
regressor_weekly_from_annual,Measles,0.0,,0.0,2015,34,
regressor_weekly_from_annual,Measles,0.0,,0.0,2015,35,
regressor_weekly_from_annual,Measles,0.0,,0.0,2015,36,
regressor_weekly_from_annual,Measles,0.0,,0.0,2015,37,
regressor_weekly_from_annual,Measles,0.0,,0.0,2015,38,
regressor_weekly_from_annual,Measles,0.0,,0.0,2015,39,
regressor_weekly_from_annual,Measles,0.0,,0.0,2015,40,
regressor_weekly_from_annual,Measles,0.0,,0.0,2015,41,
regressor_weekly_from_annual,Measles,0.0,,0.0,2015,42,
regressor_weekly_from_annual,Measles,0.0,,0.0,2015,43,
regressor_weekly_from_annual,Measles,0.0,,0.0,2015,44,
regressor_weekly_from_annual,Measles,0.0,,0.0,2015,45,
regressor_weekly_from_annual,Measles,0.0,,0.0,2015,46,
regressor_weekly_from_annual,Measles,0.0,,0.0,2015,47,
regressor_weekly_from_annual,Measles,0.0,,0.0,2015,48,
regressor_weekly_from_annual,Measles,0.0,,0.0,2015,49,
regressor_weekly_from_annual,Measles,0.0,,0.0,2015,50,
regressor_weekly_from_annual,Measles,0.0,,0.0,2015,51,
regressor_weekly_from_annual,Measles,0.0,,0.0,2015,52,
regressor_weekly_from_annual,Measles,0.0,,0.0,2016,1,
regressor_weekly_from_annual,Measles,0.0,,0.0,2016,2,
regressor_weekly_from_annual,Measles,0.0,,0.0,2016,3,
regressor_weekly_from_annual,Measles,0.0,,0.0,2016,4,
regressor_weekly_from_annual,Measles,0.0,,0.0,2016,5,
regressor_weekly_from_annual,Measles,0.0,,0.0,2016,6,
regressor_weekly_from_annual,Measles,0.0,,0.0,2016,7,
regressor_weekly_from_annual,Measles,0.0,,0.0,2016,8,
regressor_weekly_from_annual,Measles,0.0,,0.0,2016,9,
regressor_weekly_from_annual,Measles,0.0,,0.0,2016,10,
regressor_weekly_from_annual,Measles,0.0,,0.0,2016,11,
regressor_weekly_from_annual,Measles,0.0,,0.0,2016,12,
regressor_weekly_from_annual,Measles,0.0,,0.0,2016,13,
regressor_weekly_from_annual,Measles,0.0,,0.0,2016,14,
regressor_weekly_from_annual,Measles,0.0,,0.0,2016,15,
regressor_weekly_from_annual,Measles,0.0,,0.0,2016,16,
regressor_weekly_from_annual,Measles,0.0,,0.0,2016,17,
regressor_weekly_from_annual,Measles,0.0,,0.0,2016,18,
regressor_weekly_from_annual,Measles,0.0,,0.0,2016,19,
regressor_weekly_from_annual,Measles,0.0,,0.0,2016,20,
regressor_weekly_from_annual,Measles,0.0,,0.0,2016,21,
regressor_weekly_from_annual,Measles,0.0,,0.0,2016,22,
regressor_weekly_from_annual,Measles,0.0,,0.0,2016,23,
regressor_weekly_from_annual,Measles,0.0,,0.0,2016,24,
regressor_weekly_from_annual,Measles,0.0,,0.0,2016,25,
regressor_weekly_from_annual,Measles,0.0,,0.0,2016,26,
regressor_weekly_from_annual,Measles,0.0,,0.0,2016,27,
regressor_weekly_from_annual,Measles,0.0,,0.0,2016,28,
regressor_weekly_from_annual,Measles,0.0,,0.0,2016,29,
regressor_weekly_from_annual,Measles,0.0,,0.0,2016,30,
regressor_weekly_from_annual,Measles,0.0,,0.0,2016,31,
regressor_weekly_from_annual,Measles,0.0,,0.0,2016,32,
regressor_weekly_from_annual,Measles,0.0,,0.0,2016,33,
regressor_weekly_from_annual,Measles,0.0,,0.0,2016,34,
regressor_weekly_from_annual,Measles,0.0,,0.0,2016,35,
regressor_weekly_from_annual,Measles,0.0,,0.0,2016,36,
regressor_weekly_from_annual,Measles,0.0,,0.0,2016,37,
regressor_weekly_from_annual,Measles,0.0,,0.0,2016,38,
regressor_weekly_from_annual,Measles,0.0,,0.0,2016,39,
regressor_weekly_from_annual,Measles,0.0,,0.0,2016,40,
regressor_weekly_from_annual,Measles,0.0,,0.0,2016,41,
regressor_weekly_from_annual,Measles,0.0,,0.0,2016,42,
regressor_weekly_from_annual,Measles,0.0,,0.0,2016,43,
regressor_weekly_from_annual,Measles,0.0,,0.0,2016,44,
regressor_weekly_from_annual,Measles,0.0,,0.0,2016,45,
regressor_weekly_from_annual,Measles,0.0,,0.0,2016,46,
regressor_weekly_from_annual,Measles,0.0,,0.0,2016,47,
regressor_weekly_from_annual,Measles,0.0,,0.0,2016,48,
regressor_weekly_from_annual,Measles,0.0,,0.0,2016,49,
regressor_weekly_from_annual,Measles,0.0,,0.0,2016,50,
regressor_weekly_from_annual,Measles,0.0,,0.0,2016,51,
regressor_weekly_from_annual,Measles,0.0,,0.0,2016,52,
regressor_weekly_from_annual,Measles,0.0,,0.0,2017,1,
regressor_weekly_from_annual,Measles,0.0,,0.0,2017,2,
regressor_weekly_from_annual,Measles,0.0,,0.0,2017,3,
regressor_weekly_from_annual,Measles,0.0,,0.0,2017,4,
regressor_weekly_from_annual,Measles,0.0,,0.0,2017,5,
regressor_weekly_from_annual,Measles,0.0,,0.0,2017,6,
regressor_weekly_from_annual,Measles,0.0,,0.0,2017,7,
regressor_weekly_from_annual,Measles,0.0,,0.0,2017,8,
regressor_weekly_from_annual,Measles,0.0,,0.0,2017,9,
regressor_weekly_from_annual,Measles,0.0,,0.0,2017,10,
regressor_weekly_from_annual,Measles,0.0,,0.0,2017,11,
regressor_weekly_from_annual,Measles,0.0,,0.0,2017,12,
regressor_weekly_from_annual,Measles,0.0,,0.0,2017,13,
regressor_weekly_from_annual,Measles,0.0,,0.0,2017,14,
regressor_weekly_from_annual,Measles,0.0,,0.0,2017,15,
regressor_weekly_from_annual,Measles,0.0,,0.0,2017,16,
regressor_weekly_from_annual,Measles,0.0,,0.0,2017,17,
regressor_weekly_from_annual,Measles,0.0,,0.0,2017,18,
regressor_weekly_from_annual,Measles,0.0,,0.0,2017,19,
regressor_weekly_from_annual,Measles,0.0,,0.0,2017,20,
regressor_weekly_from_annual,Measles,0.0,,0.0,2017,21,
regressor_weekly_from_annual,Measles,0.0,,0.0,2017,22,
regressor_weekly_from_annual,Measles,0.0,,0.0,2017,23,
regressor_weekly_from_annual,Measles,0.0,,0.0,2017,24,
regressor_weekly_from_annual,Measles,0.0,,0.0,2017,25,
regressor_weekly_from_annual,Measles,0.0,,0.0,2017,26,
regressor_weekly_from_annual,Measles,0.0,,0.0,2017,27,
regressor_weekly_from_annual,Measles,0.0,,0.0,2017,28,
regressor_weekly_from_annual,Measles,0.0,,0.0,2017,29,
regressor_weekly_from_annual,Measles,0.0,,0.0,2017,30,
regressor_weekly_from_annual,Measles,0.0,,0.0,2017,31,
regressor_weekly_from_annual,Measles,0.0,,0.0,2017,32,
regressor_weekly_from_annual,Measles,0.0,,0.0,2017,33,
regressor_weekly_from_annual,Measles,0.0,,0.0,2017,34,
regressor_weekly_from_annual,Measles,0.0,,0.0,2017,35,
regressor_weekly_from_annual,Measles,0.0,,0.0,2017,36,
regressor_weekly_from_annual,Measles,0.0,,0.0,2017,37,
regressor_weekly_from_annual,Measles,0.0,,0.0,2017,38,
regressor_weekly_from_annual,Measles,0.0,,0.0,2017,39,
regressor_weekly_from_annual,Measles,0.0,,0.0,2017,40,
regressor_weekly_from_annual,Measles,0.0,,0.0,2017,41,
regressor_weekly_from_annual,Measles,0.0,,0.0,2017,42,
regressor_weekly_from_annual,Measles,0.0,,0.0,2017,43,
regressor_weekly_from_annual,Measles,0.0,,0.0,2017,44,
regressor_weekly_from_annual,Measles,0.0,,0.0,2017,45,
regressor_weekly_from_annual,Measles,0.0,,0.0,2017,46,
regressor_weekly_from_annual,Measles,0.0,,0.0,2017,47,
regressor_weekly_from_annual,Measles,0.0,,0.0,2017,48,
regressor_weekly_from_annual,Measles,0.0,,0.0,2017,49,
regressor_weekly_from_annual,Measles,0.0,,0.0,2017,50,
regressor_weekly_from_annual,Measles,0.0,,0.0,2017,51,
regressor_weekly_from_annual,Measles,0.0,,0.0,2017,52,
regressor_weekly_from_annual,Measles,135.82692307692307,,130.7480769230762,2018,1,
regressor_weekly_from_annual,Measles,135.82692307692307,,131.82692307692238,2018,2,
regressor_weekly_from_annual,Measles,135.82692307692307,,131.82692307692238,2018,3,
regressor_weekly_from_annual,Measles,135.82692307692307,,131.82692307692238,2018,4,
regressor_weekly_from_annual,Measles,135.82692307692307,,131.82692307692238,2018,5,
regressor_weekly_from_annual,Measles,135.82692307692307,,131.82692307692238,2018,6,
regressor_weekly_from_annual,Measles,135.82692307692307,,131.82692307692238,2018,7,
regressor_weekly_from_annual,Measles,135.82692307692307,,131.82692307692238,2018,8,
regressor_weekly_from_annual,Measles,135.82692307692307,,131.82692307692238,2018,9,
regressor_weekly_from_annual,Measles,135.82692307692307,,131.82692307692238,2018,10,
regressor_weekly_from_annual,Measles,135.82692307692307,,131.82692307692238,2018,11,
regressor_weekly_from_annual,Measles,135.82692307692307,,131.82692307692238,2018,12,
regressor_weekly_from_annual,Measles,135.82692307692307,,131.82692307692238,2018,13,
regressor_weekly_from_annual,Measles,135.82692307692307,,131.82692307692238,2018,14,
regressor_weekly_from_annual,Measles,135.82692307692307,,131.82692307692238,2018,15,
regressor_weekly_from_annual,Measles,135.82692307692307,,131.82692307692238,2018,16,
regressor_weekly_from_annual,Measles,135.82692307692307,,131.82692307692238,2018,17,
regressor_weekly_from_annual,Measles,135.82692307692307,,131.82692307692238,2018,18,
regressor_weekly_from_annual,Measles,135.82692307692307,,131.82692307692238,2018,19,
regressor_weekly_from_annual,Measles,135.82692307692307,,131.82692307692238,2018,20,
regressor_weekly_from_annual,Measles,135.82692307692307,,131.82692307692238,2018,21,
regressor_weekly_from_annual,Measles,135.82692307692307,,131.82692307692238,2018,22,
regressor_weekly_from_annual,Measles,135.82692307692307,,131.82692307692238,2018,23,
regressor_weekly_from_annual,Measles,135.82692307692307,,131.82692307692238,2018,24,
regressor_weekly_from_annual,Measles,135.82692307692307,,131.82692307692238,2018,25,
regressor_weekly_from_annual,Measles,135.82692307692307,,131.82692307692238,2018,26,
regressor_weekly_from_annual,Measles,135.82692307692307,,131.82692307692238,2018,27,
regressor_weekly_from_annual,Measles,135.82692307692307,,131.82692307692238,2018,28,
regressor_weekly_from_annual,Measles,135.82692307692307,,131.82692307692238,2018,29,
regressor_weekly_from_annual,Measles,135.82692307692307,,131.82692307692238,2018,30,
regressor_weekly_from_annual,Measles,135.82692307692307,,131.82692307692238,2018,31,
regressor_weekly_from_annual,Measles,135.82692307692307,,131.82692307692238,2018,32,
regressor_weekly_from_annual,Measles,135.82692307692307,,131.82692307692238,2018,33,
regressor_weekly_from_annual,Measles,135.82692307692307,,131.82692307692238,2018,34,
regressor_weekly_from_annual,Measles,135.82692307692307,,131.82692307692238,2018,35,
regressor_weekly_from_annual,Measles,135.82692307692307,,131.82692307692238,2018,36,
regressor_weekly_from_annual,Measles,135.82692307692307,,131.82692307692238,2018,37,
regressor_weekly_from_annual,Measles,135.82692307692307,,131.82692307692238,2018,38,
regressor_weekly_from_annual,Measles,135.82692307692307,,131.82692307692238,2018,39,
regressor_weekly_from_annual,Measles,135.82692307692307,,131.82692307692238,2018,40,
regressor_weekly_from_annual,Measles,135.82692307692307,,131.82692307692238,2018,41,
regressor_weekly_from_annual,Measles,135.82692307692307,,131.82692307692238,2018,42,
regressor_weekly_from_annual,Measles,135.82692307692307,,131.82692307692238,2018,43,
regressor_weekly_from_annual,Measles,135.82692307692307,,131.82692307692238,2018,44,
regressor_weekly_from_annual,Measles,135.82692307692307,,131.82692307692238,2018,45,
regressor_weekly_from_annual,Measles,135.82692307692307,,131.82692307692238,2018,46,
regressor_weekly_from_annual,Measles,135.82692307692307,,131.82692307692238,2018,47,
regressor_weekly_from_annual,Measles,135.82692307692307,,131.82692307692238,2018,48,
regressor_weekly_from_annual,Measles,135.82692307692307,,131.82692307692238,2018,49,
regressor_weekly_from_annual,Measles,135.82692307692307,,131.82692307692238,2018,50,
regressor_weekly_from_annual,Measles,135.82692307692307,,131.82692307692238,2018,51,
regressor_weekly_from_annual,Measles,135.82692307692307,,131.82692307692238,2018,52,
regressor_weekly_from_annual,Measles,0.0,,0.6923076923076924,2019,1,
regressor_weekly_from_annual,Measles,0.0,,0.0,2019,2,
regressor_weekly_from_annual,Measles,0.0,,0.0,2019,3,
regressor_weekly_from_annual,Measles,0.0,,0.0,2019,4,
regressor_weekly_from_annual,Measles,0.0,,0.0,2019,5,
regressor_weekly_from_annual,Measles,0.0,,0.0,2019,6,
regressor_weekly_from_annual,Measles,0.0,,0.0,2019,7,
regressor_weekly_from_annual,Measles,0.0,,0.0,2019,8,
regressor_weekly_from_annual,Measles,0.0,,0.0,2019,9,
regressor_weekly_from_annual,Measles,0.0,,0.0,2019,10,
regressor_weekly_from_annual,Measles,0.0,,0.0,2019,11,
regressor_weekly_from_annual,Measles,0.0,,0.0,2019,12,
regressor_weekly_from_annual,Measles,0.0,,0.0,2019,13,
regressor_weekly_from_annual,Measles,0.0,,0.0,2019,14,
regressor_weekly_from_annual,Measles,0.0,,0.0,2019,15,
regressor_weekly_from_annual,Measles,0.0,,0.0,2019,16,
regressor_weekly_from_annual,Measles,0.0,,0.0,2019,17,
regressor_weekly_from_annual,Measles,0.0,,0.0,2019,18,
regressor_weekly_from_annual,Measles,0.0,,0.0,2019,19,
regressor_weekly_from_annual,Measles,0.0,,0.0,2019,20,
regressor_weekly_from_annual,Measles,0.0,,0.0,2019,21,
regressor_weekly_from_annual,Measles,0.0,,0.0,2019,22,
regressor_weekly_from_annual,Measles,0.0,,0.0,2019,23,
regressor_weekly_from_annual,Measles,0.0,,0.0,2019,24,
regressor_weekly_from_annual,Measles,0.0,,0.0,2019,25,
regressor_weekly_from_annual,Measles,0.0,,0.0,2019,26,
regressor_weekly_from_annual,Measles,0.0,,0.0,2019,27,
regressor_weekly_from_annual,Measles,0.0,,0.0,2019,28,
regressor_weekly_from_annual,Measles,0.0,,0.0,2019,29,
regressor_weekly_from_annual,Measles,0.0,,0.0,2019,30,
regressor_weekly_from_annual,Measles,0.0,,0.0,2019,31,
regressor_weekly_from_annual,Measles,0.0,,0.0,2019,32,
regressor_weekly_from_annual,Measles,0.0,,0.0,2019,33,
regressor_weekly_from_annual,Measles,0.0,,0.0,2019,34,
regressor_weekly_from_annual,Measles,0.0,,0.0,2019,35,
regressor_weekly_from_annual,Measles,0.0,,0.0,2019,36,
regressor_weekly_from_annual,Measles,0.0,,0.0,2019,37,
regressor_weekly_from_annual,Measles,0.0,,0.0,2019,38,
regressor_weekly_from_annual,Measles,0.0,,0.0,2019,39,
regressor_weekly_from_annual,Measles,0.0,,0.0,2019,40,
regressor_weekly_from_annual,Measles,0.0,,0.0,2019,41,
regressor_weekly_from_annual,Measles,0.0,,0.0,2019,42,
regressor_weekly_from_annual,Measles,0.0,,0.0,2019,43,
regressor_weekly_from_annual,Measles,0.0,,0.0,2019,44,
regressor_weekly_from_annual,Measles,0.0,,0.0,2019,45,
regressor_weekly_from_annual,Measles,0.0,,0.0,2019,46,
regressor_weekly_from_annual,Measles,0.0,,0.0,2019,47,
regressor_weekly_from_annual,Measles,0.0,,0.0,2019,48,
regressor_weekly_from_annual,Measles,0.0,,0.0,2019,49,
regressor_weekly_from_annual,Measles,0.0,,0.0,2019,50,
regressor_weekly_from_annual,Measles,0.0,,0.0,2019,51,
regressor_weekly_from_annual,Measles,0.0,,0.0,2019,52,
regressor_weekly_from_annual,Measles,170.71153846153845,,134.24788461538392,2020,1,
regressor_weekly_from_annual,Measles,170.71153846153845,,135.44499999999934,2020,2,
regressor_weekly_from_annual,Measles,170.71153846153845,,135.44499999999934,2020,3,
regressor_weekly_from_annual,Measles,170.71153846153845,,135.44499999999934,2020,4,
regressor_weekly_from_annual,Measles,170.71153846153845,,135.44499999999934,2020,5,
regressor_weekly_from_annual,Measles,170.71153846153845,,135.44499999999934,2020,6,
regressor_weekly_from_annual,Measles,170.71153846153845,,135.44499999999934,2020,7,
regressor_weekly_from_annual,Measles,170.71153846153845,,135.44499999999934,2020,8,
regressor_weekly_from_annual,Measles,170.71153846153845,,135.44499999999934,2020,9,
regressor_weekly_from_annual,Measles,170.71153846153845,,135.44499999999934,2020,10,
regressor_weekly_from_annual,Measles,170.71153846153845,,135.44499999999934,2020,11,
regressor_weekly_from_annual,Measles,170.71153846153845,,135.44499999999934,2020,12,
regressor_weekly_from_annual,Measles,170.71153846153845,,135.44499999999934,2020,13,
regressor_weekly_from_annual,Measles,170.71153846153845,,135.44499999999934,2020,14,
regressor_weekly_from_annual,Measles,170.71153846153845,,135.44499999999934,2020,15,
regressor_weekly_from_annual,Measles,170.71153846153845,,135.44499999999934,2020,16,
regressor_weekly_from_annual,Measles,170.71153846153845,,135.44499999999934,2020,17,
regressor_weekly_from_annual,Measles,170.71153846153845,,135.44499999999934,2020,18,
regressor_weekly_from_annual,Measles,170.71153846153845,,135.44499999999934,2020,19,
regressor_weekly_from_annual,Measles,170.71153846153845,,135.44499999999934,2020,20,
regressor_weekly_from_annual,Measles,170.71153846153845,,135.44499999999934,2020,21,
regressor_weekly_from_annual,Measles,170.71153846153845,,135.44499999999934,2020,22,
regressor_weekly_from_annual,Measles,170.71153846153845,,135.44499999999934,2020,23,
regressor_weekly_from_annual,Measles,170.71153846153845,,135.44499999999934,2020,24,
regressor_weekly_from_annual,Measles,170.71153846153845,,135.44499999999934,2020,25,
regressor_weekly_from_annual,Measles,170.71153846153845,,135.44499999999934,2020,26,
regressor_weekly_from_annual,Measles,170.71153846153845,,135.44499999999934,2020,27,
regressor_weekly_from_annual,Measles,170.71153846153845,,135.44499999999934,2020,28,
regressor_weekly_from_annual,Measles,170.71153846153845,,135.44499999999934,2020,29,
regressor_weekly_from_annual,Measles,170.71153846153845,,135.44499999999934,2020,30,
regressor_weekly_from_annual,Measles,170.71153846153845,,135.44499999999934,2020,31,
regressor_weekly_from_annual,Measles,170.71153846153845,,135.44499999999934,2020,32,
regressor_weekly_from_annual,Measles,170.71153846153845,,135.44499999999934,2020,33,
regressor_weekly_from_annual,Measles,170.71153846153845,,135.44499999999934,2020,34,
regressor_weekly_from_annual,Measles,170.71153846153845,,135.44499999999934,2020,35,
regressor_weekly_from_annual,Measles,170.71153846153845,,135.44499999999934,2020,36,
regressor_weekly_from_annual,Measles,170.71153846153845,,135.44499999999934,2020,37,
regressor_weekly_from_annual,Measles,170.71153846153845,,135.44499999999934,2020,38,
regressor_weekly_from_annual,Measles,170.71153846153845,,135.44499999999934,2020,39,
regressor_weekly_from_annual,Measles,170.71153846153845,,135.44499999999934,2020,40,
regressor_weekly_from_annual,Measles,170.71153846153845,,135.44499999999934,2020,41,
regressor_weekly_from_annual,Measles,170.71153846153845,,135.44499999999934,2020,42,
regressor_weekly_from_annual,Measles,170.71153846153845,,135.44499999999934,2020,43,
regressor_weekly_from_annual,Measles,170.71153846153845,,135.44499999999934,2020,44,
regressor_weekly_from_annual,Measles,170.71153846153845,,135.44499999999934,2020,45,
regressor_weekly_from_annual,Measles,170.71153846153845,,135.44499999999934,2020,46,
regressor_weekly_from_annual,Measles,170.71153846153845,,135.44499999999934,2020,47,
regressor_weekly_from_annual,Measles,170.71153846153845,,135.44499999999934,2020,48,
regressor_weekly_from_annual,Measles,170.71153846153845,,135.44499999999934,2020,49,
regressor_weekly_from_annual,Measles,170.71153846153845,,135.44499999999934,2020,50,
regressor_weekly_from_annual,Measles,170.71153846153845,,135.44499999999934,2020,51,
regressor_weekly_from_annual,Measles,170.71153846153845,,135.44499999999934,2020,52,
regressor_weekly_from_annual,Measles,0.0,,0.6923076923076924,2021,1,
regressor_weekly_from_annual,Measles,0.0,,0.0,2021,2,
regressor_weekly_from_annual,Measles,0.0,,0.0,2021,3,
regressor_weekly_from_annual,Measles,0.0,,0.0,2021,4,
regressor_weekly_from_annual,Measles,0.0,,0.0,2021,5,
regressor_weekly_from_annual,Measles,0.0,,0.0,2021,6,
regressor_weekly_from_annual,Measles,0.0,,0.0,2021,7,
regressor_weekly_from_annual,Measles,0.0,,0.0,2021,8,
regressor_weekly_from_annual,Measles,0.0,,0.0,2021,9,
regressor_weekly_from_annual,Measles,0.0,,0.0,2021,10,
regressor_weekly_from_annual,Measles,0.0,,0.0,2021,11,
regressor_weekly_from_annual,Measles,0.0,,0.0,2021,12,
regressor_weekly_from_annual,Measles,0.0,,0.0,2021,13,
regressor_weekly_from_annual,Measles,0.0,,0.0,2021,14,
regressor_weekly_from_annual,Measles,0.0,,0.0,2021,15,
regressor_weekly_from_annual,Measles,0.0,,0.0,2021,16,
regressor_weekly_from_annual,Measles,0.0,,0.0,2021,17,
regressor_weekly_from_annual,Measles,0.0,,0.0,2021,18,
regressor_weekly_from_annual,Measles,0.0,,0.0,2021,19,
regressor_weekly_from_annual,Measles,0.0,,0.0,2021,20,
regressor_weekly_from_annual,Measles,0.0,,0.0,2021,21,
regressor_weekly_from_annual,Measles,0.0,,0.0,2021,22,
regressor_weekly_from_annual,Measles,0.0,,0.0,2021,23,
regressor_weekly_from_annual,Measles,0.0,,0.0,2021,24,
regressor_weekly_from_annual,Measles,0.0,,0.0,2021,25,
regressor_weekly_from_annual,Measles,0.0,,0.0,2021,26,
regressor_weekly_from_annual,Measles,0.0,,0.0,2021,27,
regressor_weekly_from_annual,Measles,0.0,,0.0,2021,28,
regressor_weekly_from_annual,Measles,0.0,,0.0,2021,29,
regressor_weekly_from_annual,Measles,0.0,,0.0,2021,30,
regressor_weekly_from_annual,Measles,0.0,,0.0,2021,31,
regressor_weekly_from_annual,Measles,0.0,,0.0,2021,32,
regressor_weekly_from_annual,Measles,0.0,,0.0,2021,33,
regressor_weekly_from_annual,Measles,0.0,,0.0,2021,34,
regressor_weekly_from_annual,Measles,0.0,,0.0,2021,35,
regressor_weekly_from_annual,Measles,0.0,,0.0,2021,36,
regressor_weekly_from_annual,Measles,0.0,,0.0,2021,37,
regressor_weekly_from_annual,Measles,0.0,,0.0,2021,38,
regressor_weekly_from_annual,Measles,0.0,,0.0,2021,39,
regressor_weekly_from_annual,Measles,0.0,,0.0,2021,40,
regressor_weekly_from_annual,Measles,0.0,,0.0,2021,41,
regressor_weekly_from_annual,Measles,0.0,,0.0,2021,42,
regressor_weekly_from_annual,Measles,0.0,,0.0,2021,43,
regressor_weekly_from_annual,Measles,0.0,,0.0,2021,44,
regressor_weekly_from_annual,Measles,0.0,,0.0,2021,45,
regressor_weekly_from_annual,Measles,0.0,,0.0,2021,46,
regressor_weekly_from_annual,Measles,0.0,,0.0,2021,47,
regressor_weekly_from_annual,Measles,0.0,,0.0,2021,48,
regressor_weekly_from_annual,Measles,0.0,,0.0,2021,49,
regressor_weekly_from_annual,Measles,0.0,,0.0,2021,50,
regressor_weekly_from_annual,Measles,0.0,,0.0,2021,51,
regressor_weekly_from_annual,Measles,0.0,,0.0,2021,52,
regressor_weekly_from_annual,Measles,0.0,,0.0,2022,1,
regressor_weekly_from_annual,Measles,0.0,,0.0,2022,2,
regressor_weekly_from_annual,Measles,0.0,,0.0,2022,3,
regressor_weekly_from_annual,Measles,0.0,,0.0,2022,4,
regressor_weekly_from_annual,Measles,0.0,,0.0,2022,5,
regressor_weekly_from_annual,Measles,0.0,,0.0,2022,6,
regressor_weekly_from_annual,Measles,0.0,,0.0,2022,7,
regressor_weekly_from_annual,Measles,0.0,,0.0,2022,8,
regressor_weekly_from_annual,Measles,0.0,,0.0,2022,9,
regressor_weekly_from_annual,Measles,0.0,,0.0,2022,10,
regressor_weekly_from_annual,Measles,0.0,,0.0,2022,11,
regressor_weekly_from_annual,Measles,0.0,,0.0,2022,12,
regressor_weekly_from_annual,Measles,0.0,,0.0,2022,13,
regressor_weekly_from_annual,Measles,0.0,,0.0,2022,14,
regressor_weekly_from_annual,Measles,0.0,,0.0,2022,15,
regressor_weekly_from_annual,Measles,0.0,,0.0,2022,16,
regressor_weekly_from_annual,Measles,0.0,,0.0,2022,17,
regressor_weekly_from_annual,Measles,0.0,,0.0,2022,18,
regressor_weekly_from_annual,Measles,0.0,,0.0,2022,19,
regressor_weekly_from_annual,Measles,0.0,,0.0,2022,20,
regressor_weekly_from_annual,Measles,0.0,,0.0,2022,21,
regressor_weekly_from_annual,Measles,0.0,,0.0,2022,22,
regressor_weekly_from_annual,Measles,0.0,,0.0,2022,23,
regressor_weekly_from_annual,Measles,0.0,,0.0,2022,24,
regressor_weekly_from_annual,Measles,0.0,,0.0,2022,25,
regressor_weekly_from_annual,Measles,0.0,,0.0,2022,26,
regressor_weekly_from_annual,Measles,0.0,,0.0,2022,27,
regressor_weekly_from_annual,Measles,0.0,,0.0,2022,28,
regressor_weekly_from_annual,Measles,0.0,,0.0,2022,29,
regressor_weekly_from_annual,Measles,0.0,,0.0,2022,30,
regressor_weekly_from_annual,Measles,0.0,,0.0,2022,31,
regressor_weekly_from_annual,Measles,0.0,,0.0,2022,32,
regressor_weekly_from_annual,Measles,0.0,,0.0,2022,33,
regressor_weekly_from_annual,Measles,0.0,,0.0,2022,34,
regressor_weekly_from_annual,Measles,0.0,,0.0,2022,35,
regressor_weekly_from_annual,Measles,0.0,,0.0,2022,36,
regressor_weekly_from_annual,Measles,0.0,,0.0,2022,37,
regressor_weekly_from_annual,Measles,0.0,,0.0,2022,38,
regressor_weekly_from_annual,Measles,0.0,,0.0,2022,39,
regressor_weekly_from_annual,Measles,0.0,,0.0,2022,40,
regressor_weekly_from_annual,Measles,0.0,,0.0,2022,41,
regressor_weekly_from_annual,Measles,0.0,,0.0,2022,42,
regressor_weekly_from_annual,Measles,0.0,,0.0,2022,43,
regressor_weekly_from_annual,Measles,0.0,,0.0,2022,44,
regressor_weekly_from_annual,Measles,0.0,,0.0,2022,45,
regressor_weekly_from_annual,Measles,0.0,,0.0,2022,46,
regressor_weekly_from_annual,Measles,0.0,,0.0,2022,47,
regressor_weekly_from_annual,Measles,0.0,,0.0,2022,48,
regressor_weekly_from_annual,Measles,0.0,,0.0,2022,49,
regressor_weekly_from_annual,Measles,0.0,,0.0,2022,50,
regressor_weekly_from_annual,Measles,0.0,,0.0,2022,51,
regressor_weekly_from_annual,Measles,0.0,,0.0,2022,52,
regressor_weekly_from_annual,Measles,0.0,,0.0,2023,1,
regressor_weekly_from_annual,Measles,0.0,,0.0,2023,2,
regressor_weekly_from_annual,Measles,0.0,,0.0,2023,3,
regressor_weekly_from_annual,Measles,0.0,,0.0,2023,4,
regressor_weekly_from_annual,Measles,0.0,,0.0,2023,5,
regressor_weekly_from_annual,Measles,0.0,,0.0,2023,6,
regressor_weekly_from_annual,Measles,0.0,,0.0,2023,7,
regressor_weekly_from_annual,Measles,0.0,,0.0,2023,8,
regressor_weekly_from_annual,Measles,0.0,,0.0,2023,9,
regressor_weekly_from_annual,Measles,0.0,,0.0,2023,10,
regressor_weekly_from_annual,Measles,0.0,,0.0,2023,11,
regressor_weekly_from_annual,Measles,0.0,,0.0,2023,12,
regressor_weekly_from_annual,Measles,0.0,,0.0,2023,13,
regressor_weekly_from_annual,Measles,0.0,,0.0,2023,14,
regressor_weekly_from_annual,Measles,0.0,,0.0,2023,15,
regressor_weekly_from_annual,Measles,0.0,,0.0,2023,16,
regressor_weekly_from_annual,Measles,0.0,,0.0,2023,17,
regressor_weekly_from_annual,Measles,0.0,,0.0,2023,18,
regressor_weekly_from_annual,Measles,0.0,,0.0,2023,19,
regressor_weekly_from_annual,Measles,0.0,,0.0,2023,20,
regressor_weekly_from_annual,Measles,0.0,,0.0,2023,21,
regressor_weekly_from_annual,Measles,0.0,,0.0,2023,22,
regressor_weekly_from_annual,Measles,0.0,,0.0,2023,23,
regressor_weekly_from_annual,Measles,0.0,,0.0,2023,24,
regressor_weekly_from_annual,Measles,0.0,,0.0,2023,25,
regressor_weekly_from_annual,Measles,0.0,,0.0,2023,26,
regressor_weekly_from_annual,Measles,0.0,,0.0,2023,27,
regressor_weekly_from_annual,Measles,0.0,,0.0,2023,28,
regressor_weekly_from_annual,Measles,0.0,,0.0,2023,29,
regressor_weekly_from_annual,Measles,0.0,,0.0,2023,30,
regressor_weekly_from_annual,Measles,0.0,,0.0,2023,31,
regressor_weekly_from_annual,Measles,0.0,,0.0,2023,32,
regressor_weekly_from_annual,Measles,0.0,,0.0,2023,33,
regressor_weekly_from_annual,Measles,0.0,,0.0,2023,34,
regressor_weekly_from_annual,Measles,0.0,,0.0,2023,35,
regressor_weekly_from_annual,Measles,0.0,,0.0,2023,36,
regressor_weekly_from_annual,Measles,0.0,,0.0,2023,37,
regressor_weekly_from_annual,Measles,0.0,,0.0,2023,38,
regressor_weekly_from_annual,Measles,0.0,,0.0,2023,39,
regressor_weekly_from_annual,Measles,0.0,,0.0,2023,40,
regressor_weekly_from_annual,Measles,0.0,,0.0,2023,41,
regressor_weekly_from_annual,Measles,0.0,,0.0,2023,42,
regressor_weekly_from_annual,Measles,0.0,,0.0,2023,43,
regressor_weekly_from_annual,Measles,0.0,,0.0,2023,44,
regressor_weekly_from_annual,Measles,0.0,,0.0,2023,45,
regressor_weekly_from_annual,Measles,0.0,,0.0,2023,46,
regressor_weekly_from_annual,Measles,0.0,,0.0,2023,47,
regressor_weekly_from_annual,Measles,0.0,,0.0,2023,48,
regressor_weekly_from_annual,Measles,0.0,,0.0,2023,49,
regressor_weekly_from_annual,Measles,0.0,,0.0,2023,50,
regressor_weekly_from_annual,Measles,0.0,,0.0,2023,51,
regressor_weekly_from_annual,Measles,0.0,,0.0,2023,52,
regressor_weekly_from_annual,Measles,0.0,,0.0,2024,1,
regressor_weekly_from_annual,Measles,0.0,,0.0,2024,2,
regressor_weekly_from_annual,Measles,0.0,,0.0,2024,3,
regressor_weekly_from_annual,Measles,0.0,,0.0,2024,4,
regressor_weekly_from_annual,Measles,0.0,,0.0,2024,5,
regressor_weekly_from_annual,Measles,0.0,,0.0,2024,6,
regressor_weekly_from_annual,Measles,0.0,,0.0,2024,7,
regressor_weekly_from_annual,Measles,0.0,,0.0,2024,8,
regressor_weekly_from_annual,Measles,0.0,,0.0,2024,9,
regressor_weekly_from_annual,Measles,0.0,,0.0,2024,10,
regressor_weekly_from_annual,Measles,0.0,,0.0,2024,11,
regressor_weekly_from_annual,Measles,0.0,,0.0,2024,12,
regressor_weekly_from_annual,Measles,0.0,,0.0,2024,13,
regressor_weekly_from_annual,Measles,0.0,,0.0,2024,14,
regressor_weekly_from_annual,Measles,0.0,,0.0,2024,15,
regressor_weekly_from_annual,Measles,0.0,,0.0,2024,16,
regressor_weekly_from_annual,Measles,0.0,,0.0,2024,17,
regressor_weekly_from_annual,Measles,0.0,,0.0,2024,18,
regressor_weekly_from_annual,Measles,0.0,,0.0,2024,19,
regressor_weekly_from_annual,Measles,0.0,,0.0,2024,20,
regressor_weekly_from_annual,Measles,0.0,,0.0,2024,21,
regressor_weekly_from_annual,Measles,0.0,,0.0,2024,22,
regressor_weekly_from_annual,Measles,0.0,,0.0,2024,23,
regressor_weekly_from_annual,Measles,0.0,,0.0,2024,24,
regressor_weekly_from_annual,Measles,0.0,,0.0,2024,25,
regressor_weekly_from_annual,Measles,0.0,,0.0,2024,26,
regressor_weekly_from_annual,Measles,0.0,,0.0,2024,27,
regressor_weekly_from_annual,Measles,0.0,,0.0,2024,28,
regressor_weekly_from_annual,Measles,0.0,,0.0,2024,29,
regressor_weekly_from_annual,Measles,0.0,,0.0,2024,30,
regressor_weekly_from_annual,Measles,0.0,,0.0,2024,31,
regressor_weekly_from_annual,Measles,0.0,,0.0,2024,32,
regressor_weekly_from_annual,Measles,0.0,,0.0,2024,33,
regressor_weekly_from_annual,Measles,0.0,,0.0,2024,34,
regressor_weekly_from_annual,Measles,0.0,,0.0,2024,35,
regressor_weekly_from_annual,Measles,0.0,,0.0,2024,36,
regressor_weekly_from_annual,Measles,0.0,,0.0,2024,37,
regressor_weekly_from_annual,Measles,0.0,,0.0,2024,38,
regressor_weekly_from_annual,Measles,0.0,,0.0,2024,39,
regressor_weekly_from_annual,Measles,0.0,,0.0,2024,40,
regressor_weekly_from_annual,Measles,0.0,,0.0,2024,41,
regressor_weekly_from_annual,Measles,0.0,,0.0,2024,42,
regressor_weekly_from_annual,Measles,0.0,,0.0,2024,43,
regressor_weekly_from_annual,Measles,0.0,,0.0,2024,44,
regressor_weekly_from_annual,Measles,0.0,,0.0,2024,45,
regressor_weekly_from_annual,Measles,0.0,,0.0,2024,46,
regressor_weekly_from_annual,Measles,0.0,,0.0,2024,47,
regressor_weekly_from_annual,Measles,0.0,,0.0,2024,48,
regressor_weekly_from_annual,Measles,0.0,,0.0,2024,49,
regressor_weekly_from_annual,Measles,0.0,,0.0,2024,50,
regressor_weekly_from_annual,Measles,0.0,,0.0,2024,51,
regressor_weekly_from_annual,Measles,0.0,,0.0,2024,52,
regressor_weekly_from_annual,Yellow Fever,0.5,,0.5,2017,11,
regressor_weekly_from_annual,Yellow Fever,0.5,,0.5,2017,12,
regressor_weekly_from_annual,Yellow Fever,0.5,,0.5,2017,13,
regressor_weekly_from_annual,Yellow Fever,0.5,,0.5,2017,14,
regressor_weekly_from_annual,Yellow Fever,0.5,,0.5,2017,15,
regressor_weekly_from_annual,Yellow Fever,0.5,,0.5,2017,16,
regressor_weekly_from_annual,Yellow Fever,0.5,,0.5,2017,17,
regressor_weekly_from_annual,Yellow Fever,0.5,,0.5,2017,18,
regressor_weekly_from_annual,Yellow Fever,0.5,,0.5,2017,19,
regressor_weekly_from_annual,Yellow Fever,0.5,,0.5,2017,20,
regressor_weekly_from_annual,Yellow Fever,0.5,,0.5,2017,21,
regressor_weekly_from_annual,Yellow Fever,0.5,,0.5,2017,22,
regressor_weekly_from_annual,Yellow Fever,0.5,,0.5,2017,23,
regressor_weekly_from_annual,Yellow Fever,0.5,,0.5,2017,24,
regressor_weekly_from_annual,Yellow Fever,0.5,,0.5,2017,25,
regressor_weekly_from_annual,Yellow Fever,0.5,,0.5,2017,26,
regressor_weekly_from_annual,Yellow Fever,0.5,,0.5,2017,27,
regressor_weekly_from_annual,Yellow Fever,0.5,,0.5,2017,28,
regressor_weekly_from_annual,Yellow Fever,0.5,,0.5,2017,29,
regressor_weekly_from_annual,Yellow Fever,0.5,,0.5,2017,30,
regressor_weekly_from_annual,Yellow Fever,0.5,,0.5,2017,31,
regressor_weekly_from_annual,Yellow Fever,0.5,,0.5,2017,32,
regressor_weekly_from_annual,Yellow Fever,0.5,,0.5,2017,33,
regressor_weekly_from_annual,Yellow Fever,0.5,,0.5,2017,34,
regressor_weekly_from_annual,Yellow Fever,0.5,,0.5,2017,35,
regressor_weekly_from_annual,Yellow Fever,0.5,,0.5,2017,36,
regressor_weekly_from_annual,Yellow Fever,0.5,,0.5,2017,37,
regressor_weekly_from_annual,Yellow Fever,0.5,,0.5,2017,38,
regressor_weekly_from_annual,Yellow Fever,0.5,,0.5,2017,39,
regressor_weekly_from_annual,Yellow Fever,0.5,,0.5,2017,40,
regressor_weekly_from_annual,Yellow Fever,0.5,,0.5,2017,41,
regressor_weekly_from_annual,Yellow Fever,0.5,,0.5,2017,42,
regressor_weekly_from_annual,Yellow Fever,0.5,,0.5,2017,43,
regressor_weekly_from_annual,Yellow Fever,0.5,,0.5,2017,44,
regressor_weekly_from_annual,Yellow Fever,0.5,,0.5,2017,45,
regressor_weekly_from_annual,Yellow Fever,0.5,,0.5,2017,46,
regressor_weekly_from_annual,Yellow Fever,0.5,,0.5,2017,47,
regressor_weekly_from_annual,Yellow Fever,0.5,,0.5,2017,48,
regressor_weekly_from_annual,Yellow Fever,0.5,,0.5,2017,49,
regressor_weekly_from_annual,Yellow Fever,0.5,,0.5,2017,50,
regressor_weekly_from_annual,Yellow Fever,0.5,,0.5,2017,51,
regressor_weekly_from_annual,Yellow Fever,0.5,,0.5,2017,52,
regressor_weekly_from_annual,Yellow Fever,0.903846153846154,,1.150576923076916,2018,1,
regressor_weekly_from_annual,Yellow Fever,0.903846153846154,,1.1538461538461469,2018,2,
regressor_weekly_from_annual,Yellow Fever,0.903846153846154,,1.1538461538461469,2018,3,
regressor_weekly_from_annual,Yellow Fever,0.903846153846154,,1.1538461538461469,2018,4,
regressor_weekly_from_annual,Yellow Fever,0.903846153846154,,1.1538461538461469,2018,5,
regressor_weekly_from_annual,Yellow Fever,0.903846153846154,,1.1538461538461469,2018,6,
regressor_weekly_from_annual,Yellow Fever,0.903846153846154,,1.1538461538461469,2018,7,
regressor_weekly_from_annual,Yellow Fever,0.903846153846154,,1.1538461538461469,2018,8,
regressor_weekly_from_annual,Yellow Fever,0.903846153846154,,1.1538461538461469,2018,9,
regressor_weekly_from_annual,Yellow Fever,0.903846153846154,,1.1538461538461469,2018,10,
regressor_weekly_from_annual,Yellow Fever,0.903846153846154,,1.1538461538461469,2018,11,
regressor_weekly_from_annual,Yellow Fever,0.903846153846154,,1.1538461538461469,2018,12,
regressor_weekly_from_annual,Yellow Fever,0.903846153846154,,1.1538461538461469,2018,13,
regressor_weekly_from_annual,Yellow Fever,0.903846153846154,,1.1538461538461469,2018,14,
regressor_weekly_from_annual,Yellow Fever,0.903846153846154,,1.1538461538461469,2018,15,
regressor_weekly_from_annual,Yellow Fever,0.903846153846154,,1.1538461538461469,2018,16,
regressor_weekly_from_annual,Yellow Fever,0.903846153846154,,1.1538461538461469,2018,17,
regressor_weekly_from_annual,Yellow Fever,0.903846153846154,,1.1538461538461469,2018,18,
regressor_weekly_from_annual,Yellow Fever,0.903846153846154,,1.1538461538461469,2018,19,
regressor_weekly_from_annual,Yellow Fever,0.903846153846154,,1.1538461538461469,2018,20,
regressor_weekly_from_annual,Yellow Fever,0.903846153846154,,1.1538461538461469,2018,21,
regressor_weekly_from_annual,Yellow Fever,0.903846153846154,,1.1538461538461469,2018,22,
regressor_weekly_from_annual,Yellow Fever,0.903846153846154,,1.1538461538461469,2018,23,
regressor_weekly_from_annual,Yellow Fever,0.903846153846154,,1.1538461538461469,2018,24,
regressor_weekly_from_annual,Yellow Fever,0.903846153846154,,1.1538461538461469,2018,25,
regressor_weekly_from_annual,Yellow Fever,0.903846153846154,,1.1538461538461469,2018,26,
regressor_weekly_from_annual,Yellow Fever,0.903846153846154,,1.1538461538461469,2018,27,
regressor_weekly_from_annual,Yellow Fever,0.903846153846154,,1.1538461538461469,2018,28,
regressor_weekly_from_annual,Yellow Fever,0.903846153846154,,1.1538461538461469,2018,29,
regressor_weekly_from_annual,Yellow Fever,0.903846153846154,,1.1538461538461469,2018,30,
regressor_weekly_from_annual,Yellow Fever,0.903846153846154,,1.1538461538461469,2018,31,
regressor_weekly_from_annual,Yellow Fever,0.903846153846154,,1.1538461538461469,2018,32,
regressor_weekly_from_annual,Yellow Fever,0.903846153846154,,1.1538461538461469,2018,33,
regressor_weekly_from_annual,Yellow Fever,0.903846153846154,,1.1538461538461469,2018,34,
regressor_weekly_from_annual,Yellow Fever,0.903846153846154,,1.1538461538461469,2018,35,
regressor_weekly_from_annual,Yellow Fever,0.903846153846154,,1.1538461538461469,2018,36,
regressor_weekly_from_annual,Yellow Fever,0.903846153846154,,1.1538461538461469,2018,37,
regressor_weekly_from_annual,Yellow Fever,0.903846153846154,,1.1538461538461469,2018,38,
regressor_weekly_from_annual,Yellow Fever,0.903846153846154,,1.1538461538461469,2018,39,
regressor_weekly_from_annual,Yellow Fever,0.903846153846154,,1.1538461538461469,2018,40,
regressor_weekly_from_annual,Yellow Fever,0.903846153846154,,1.1538461538461469,2018,41,
regressor_weekly_from_annual,Yellow Fever,0.903846153846154,,1.1538461538461469,2018,42,
regressor_weekly_from_annual,Yellow Fever,0.903846153846154,,1.1538461538461469,2018,43,
regressor_weekly_from_annual,Yellow Fever,0.903846153846154,,1.1538461538461469,2018,44,
regressor_weekly_from_annual,Yellow Fever,0.903846153846154,,1.1538461538461469,2018,45,
regressor_weekly_from_annual,Yellow Fever,0.903846153846154,,1.1538461538461469,2018,46,
regressor_weekly_from_annual,Yellow Fever,0.903846153846154,,1.1538461538461469,2018,47,
regressor_weekly_from_annual,Yellow Fever,0.903846153846154,,1.1538461538461469,2018,48,
regressor_weekly_from_annual,Yellow Fever,0.903846153846154,,1.1538461538461469,2018,49,
regressor_weekly_from_annual,Yellow Fever,0.903846153846154,,1.1538461538461469,2018,50,
regressor_weekly_from_annual,Yellow Fever,0.903846153846154,,1.1538461538461469,2018,51,
regressor_weekly_from_annual,Yellow Fever,0.903846153846154,,1.1538461538461469,2018,52,
regressor_weekly_from_annual,Yellow Fever,2.9615384615384617,,4.317644230769216,2019,1,
regressor_weekly_from_annual,Yellow Fever,2.9615384615384617,,4.357932692307677,2019,2,
regressor_weekly_from_annual,Yellow Fever,2.9615384615384617,,4.357932692307677,2019,3,
regressor_weekly_from_annual,Yellow Fever,2.9615384615384617,,4.357932692307677,2019,4,
regressor_weekly_from_annual,Yellow Fever,2.9615384615384617,,4.357932692307677,2019,5,
regressor_weekly_from_annual,Yellow Fever,2.9615384615384617,,4.357932692307677,2019,6,
regressor_weekly_from_annual,Yellow Fever,2.9615384615384617,,4.357932692307677,2019,7,
regressor_weekly_from_annual,Yellow Fever,2.9615384615384617,,4.357932692307677,2019,8,
regressor_weekly_from_annual,Yellow Fever,2.9615384615384617,,4.357932692307677,2019,9,
regressor_weekly_from_annual,Yellow Fever,2.9615384615384617,,4.357932692307677,2019,10,
regressor_weekly_from_annual,Yellow Fever,2.9615384615384617,,4.357932692307677,2019,11,
regressor_weekly_from_annual,Yellow Fever,2.9615384615384617,,4.357932692307677,2019,12,
regressor_weekly_from_annual,Yellow Fever,2.9615384615384617,,4.357932692307677,2019,13,
regressor_weekly_from_annual,Yellow Fever,2.9615384615384617,,4.357932692307677,2019,14,
regressor_weekly_from_annual,Yellow Fever,2.9615384615384617,,4.357932692307677,2019,15,
regressor_weekly_from_annual,Yellow Fever,2.9615384615384617,,4.357932692307677,2019,16,
regressor_weekly_from_annual,Yellow Fever,2.9615384615384617,,4.357932692307677,2019,17,
regressor_weekly_from_annual,Yellow Fever,2.9615384615384617,,4.357932692307677,2019,18,
regressor_weekly_from_annual,Yellow Fever,2.9615384615384617,,4.357932692307677,2019,19,
regressor_weekly_from_annual,Yellow Fever,2.9615384615384617,,4.357932692307677,2019,20,
regressor_weekly_from_annual,Yellow Fever,2.9615384615384617,,4.357932692307677,2019,21,
regressor_weekly_from_annual,Yellow Fever,2.9615384615384617,,4.357932692307677,2019,22,
regressor_weekly_from_annual,Yellow Fever,2.9615384615384617,,4.357932692307677,2019,23,
regressor_weekly_from_annual,Yellow Fever,2.9615384615384617,,4.357932692307677,2019,24,
regressor_weekly_from_annual,Yellow Fever,2.9615384615384617,,4.357932692307677,2019,25,
regressor_weekly_from_annual,Yellow Fever,2.9615384615384617,,4.357932692307677,2019,26,
regressor_weekly_from_annual,Yellow Fever,2.9615384615384617,,4.357932692307677,2019,27,
regressor_weekly_from_annual,Yellow Fever,2.9615384615384617,,4.357932692307677,2019,28,
regressor_weekly_from_annual,Yellow Fever,2.9615384615384617,,4.357932692307677,2019,29,
regressor_weekly_from_annual,Yellow Fever,2.9615384615384617,,4.357932692307677,2019,30,
regressor_weekly_from_annual,Yellow Fever,2.9615384615384617,,4.357932692307677,2019,31,
regressor_weekly_from_annual,Yellow Fever,2.9615384615384617,,4.357932692307677,2019,32,
regressor_weekly_from_annual,Yellow Fever,2.9615384615384617,,4.357932692307677,2019,33,
regressor_weekly_from_annual,Yellow Fever,2.9615384615384617,,4.357932692307677,2019,34,
regressor_weekly_from_annual,Yellow Fever,2.9615384615384617,,4.357932692307677,2019,35,
regressor_weekly_from_annual,Yellow Fever,2.9615384615384617,,4.357932692307677,2019,36,
regressor_weekly_from_annual,Yellow Fever,2.9615384615384617,,4.357932692307677,2019,37,
regressor_weekly_from_annual,Yellow Fever,2.9615384615384617,,4.357932692307677,2019,38,
regressor_weekly_from_annual,Yellow Fever,2.9615384615384617,,4.357932692307677,2019,39,
regressor_weekly_from_annual,Yellow Fever,2.9615384615384617,,4.357932692307677,2019,40,
regressor_weekly_from_annual,Yellow Fever,2.9615384615384617,,4.357932692307677,2019,41,
regressor_weekly_from_annual,Yellow Fever,2.9615384615384617,,4.357932692307677,2019,42,
regressor_weekly_from_annual,Yellow Fever,2.9615384615384617,,4.357932692307677,2019,43,
regressor_weekly_from_annual,Yellow Fever,2.9615384615384617,,4.357932692307677,2019,44,
regressor_weekly_from_annual,Yellow Fever,2.9615384615384617,,4.357932692307677,2019,45,
regressor_weekly_from_annual,Yellow Fever,2.9615384615384617,,4.357932692307677,2019,46,
regressor_weekly_from_annual,Yellow Fever,2.9615384615384617,,4.357932692307677,2019,47,
regressor_weekly_from_annual,Yellow Fever,2.9615384615384617,,4.357932692307677,2019,48,
regressor_weekly_from_annual,Yellow Fever,2.9615384615384617,,4.357932692307677,2019,49,
regressor_weekly_from_annual,Yellow Fever,2.9615384615384617,,4.357932692307677,2019,50,
regressor_weekly_from_annual,Yellow Fever,2.9615384615384617,,4.357932692307677,2019,51,
regressor_weekly_from_annual,Yellow Fever,2.9615384615384617,,4.357932692307677,2019,52,
regressor_weekly_from_annual,Yellow Fever,4.153846153846154,,4.357932692307677,2020,1,
regressor_weekly_from_annual,Yellow Fever,4.153846153846154,,4.357932692307677,2020,2,
regressor_weekly_from_annual,Yellow Fever,4.153846153846154,,4.357932692307677,2020,3,
regressor_weekly_from_annual,Yellow Fever,4.153846153846154,,4.357932692307677,2020,4,
regressor_weekly_from_annual,Yellow Fever,4.153846153846154,,4.357932692307677,2020,5,
regressor_weekly_from_annual,Yellow Fever,4.153846153846154,,4.357932692307677,2020,6,
regressor_weekly_from_annual,Yellow Fever,4.153846153846154,,4.357932692307677,2020,7,
regressor_weekly_from_annual,Yellow Fever,4.153846153846154,,4.357932692307677,2020,8,
regressor_weekly_from_annual,Yellow Fever,4.153846153846154,,4.357932692307677,2020,9,
regressor_weekly_from_annual,Yellow Fever,4.153846153846154,,4.357932692307677,2020,10,
regressor_weekly_from_annual,Yellow Fever,4.153846153846154,,4.357932692307677,2020,11,
regressor_weekly_from_annual,Yellow Fever,4.153846153846154,,4.357932692307677,2020,12,
regressor_weekly_from_annual,Yellow Fever,4.153846153846154,,4.357932692307677,2020,13,
regressor_weekly_from_annual,Yellow Fever,4.153846153846154,,4.357932692307677,2020,14,
regressor_weekly_from_annual,Yellow Fever,4.153846153846154,,4.357932692307677,2020,15,
regressor_weekly_from_annual,Yellow Fever,4.153846153846154,,4.357932692307677,2020,16,
regressor_weekly_from_annual,Yellow Fever,4.153846153846154,,4.357932692307677,2020,17,
regressor_weekly_from_annual,Yellow Fever,4.153846153846154,,4.357932692307677,2020,18,
regressor_weekly_from_annual,Yellow Fever,4.153846153846154,,4.357932692307677,2020,19,
regressor_weekly_from_annual,Yellow Fever,4.153846153846154,,4.357932692307677,2020,20,
regressor_weekly_from_annual,Yellow Fever,4.153846153846154,,4.357932692307677,2020,21,
regressor_weekly_from_annual,Yellow Fever,4.153846153846154,,4.357932692307677,2020,22,
regressor_weekly_from_annual,Yellow Fever,4.153846153846154,,4.357932692307677,2020,23,
regressor_weekly_from_annual,Yellow Fever,4.153846153846154,,4.357932692307677,2020,24,
regressor_weekly_from_annual,Yellow Fever,4.153846153846154,,4.357932692307677,2020,25,
regressor_weekly_from_annual,Yellow Fever,4.153846153846154,,4.357932692307677,2020,26,
regressor_weekly_from_annual,Yellow Fever,4.153846153846154,,4.357932692307677,2020,27,
regressor_weekly_from_annual,Yellow Fever,4.153846153846154,,4.357932692307677,2020,28,
regressor_weekly_from_annual,Yellow Fever,4.153846153846154,,4.357932692307677,2020,29,
regressor_weekly_from_annual,Yellow Fever,4.153846153846154,,4.357932692307677,2020,30,
regressor_weekly_from_annual,Yellow Fever,4.153846153846154,,4.357932692307677,2020,31,
regressor_weekly_from_annual,Yellow Fever,4.153846153846154,,4.357932692307677,2020,32,
regressor_weekly_from_annual,Yellow Fever,4.153846153846154,,4.357932692307677,2020,33,
regressor_weekly_from_annual,Yellow Fever,4.153846153846154,,4.357932692307677,2020,34,
regressor_weekly_from_annual,Yellow Fever,4.153846153846154,,4.357932692307677,2020,35,
regressor_weekly_from_annual,Yellow Fever,4.153846153846154,,4.357932692307677,2020,36,
regressor_weekly_from_annual,Yellow Fever,4.153846153846154,,4.357932692307677,2020,37,
regressor_weekly_from_annual,Yellow Fever,4.153846153846154,,4.357932692307677,2020,38,
regressor_weekly_from_annual,Yellow Fever,4.153846153846154,,4.357932692307677,2020,39,
regressor_weekly_from_annual,Yellow Fever,4.153846153846154,,4.357932692307677,2020,40,
regressor_weekly_from_annual,Yellow Fever,4.153846153846154,,4.357932692307677,2020,41,
regressor_weekly_from_annual,Yellow Fever,4.153846153846154,,4.357932692307677,2020,42,
regressor_weekly_from_annual,Yellow Fever,4.153846153846154,,4.357932692307677,2020,43,
regressor_weekly_from_annual,Yellow Fever,4.153846153846154,,4.357932692307677,2020,44,
regressor_weekly_from_annual,Yellow Fever,4.153846153846154,,4.357932692307677,2020,45,
regressor_weekly_from_annual,Yellow Fever,4.153846153846154,,4.357932692307677,2020,46,
regressor_weekly_from_annual,Yellow Fever,4.153846153846154,,4.357932692307677,2020,47,
regressor_weekly_from_annual,Yellow Fever,4.153846153846154,,4.357932692307677,2020,48,
regressor_weekly_from_annual,Yellow Fever,4.153846153846154,,4.357932692307677,2020,49,
regressor_weekly_from_annual,Yellow Fever,4.153846153846154,,4.357932692307677,2020,50,
regressor_weekly_from_annual,Yellow Fever,4.153846153846154,,4.357932692307677,2020,51,
regressor_weekly_from_annual,Yellow Fever,4.153846153846154,,4.357932692307677,2020,52,
regressor_weekly_from_annual,Yellow Fever,1.0384615384615383,,1.1915384615384543,2021,1,
regressor_weekly_from_annual,Yellow Fever,1.0384615384615383,,1.1538461538461469,2021,2,
regressor_weekly_from_annual,Yellow Fever,1.0384615384615383,,1.1538461538461469,2021,3,
regressor_weekly_from_annual,Yellow Fever,1.0384615384615383,,1.1538461538461469,2021,4,
regressor_weekly_from_annual,Yellow Fever,1.0384615384615383,,1.1538461538461469,2021,5,
regressor_weekly_from_annual,Yellow Fever,1.0384615384615383,,1.1538461538461469,2021,6,
regressor_weekly_from_annual,Yellow Fever,1.0384615384615383,,1.1538461538461469,2021,7,
regressor_weekly_from_annual,Yellow Fever,1.0384615384615383,,1.1538461538461469,2021,8,
regressor_weekly_from_annual,Yellow Fever,1.0384615384615383,,1.1538461538461469,2021,9,
regressor_weekly_from_annual,Yellow Fever,1.0384615384615383,,1.1538461538461469,2021,10,
regressor_weekly_from_annual,Yellow Fever,1.0384615384615383,,1.1538461538461469,2021,11,
regressor_weekly_from_annual,Yellow Fever,1.0384615384615383,,1.1538461538461469,2021,12,
regressor_weekly_from_annual,Yellow Fever,1.0384615384615383,,1.1538461538461469,2021,13,
regressor_weekly_from_annual,Yellow Fever,1.0384615384615383,,1.1538461538461469,2021,14,
regressor_weekly_from_annual,Yellow Fever,1.0384615384615383,,1.1538461538461469,2021,15,
regressor_weekly_from_annual,Yellow Fever,1.0384615384615383,,1.1538461538461469,2021,16,
regressor_weekly_from_annual,Yellow Fever,1.0384615384615383,,1.1538461538461469,2021,17,
regressor_weekly_from_annual,Yellow Fever,1.0384615384615383,,1.1538461538461469,2021,18,
regressor_weekly_from_annual,Yellow Fever,1.0384615384615383,,1.1538461538461469,2021,19,
regressor_weekly_from_annual,Yellow Fever,1.0384615384615383,,1.1538461538461469,2021,20,
regressor_weekly_from_annual,Yellow Fever,1.0384615384615383,,1.1538461538461469,2021,21,
regressor_weekly_from_annual,Yellow Fever,1.0384615384615383,,1.1538461538461469,2021,22,
regressor_weekly_from_annual,Yellow Fever,1.0384615384615383,,1.1538461538461469,2021,23,
regressor_weekly_from_annual,Yellow Fever,1.0384615384615383,,1.1538461538461469,2021,24,
regressor_weekly_from_annual,Yellow Fever,1.0384615384615383,,1.1538461538461469,2021,25,
regressor_weekly_from_annual,Yellow Fever,1.0384615384615383,,1.1538461538461469,2021,26,
regressor_weekly_from_annual,Yellow Fever,1.0384615384615383,,1.1538461538461469,2021,27,
regressor_weekly_from_annual,Yellow Fever,1.0384615384615383,,1.1538461538461469,2021,28,
regressor_weekly_from_annual,Yellow Fever,1.0384615384615383,,1.1538461538461469,2021,29,
regressor_weekly_from_annual,Yellow Fever,1.0384615384615383,,1.1538461538461469,2021,30,
regressor_weekly_from_annual,Yellow Fever,1.0384615384615383,,1.1538461538461469,2021,31,
regressor_weekly_from_annual,Yellow Fever,1.0384615384615383,,1.1538461538461469,2021,32,
regressor_weekly_from_annual,Yellow Fever,1.0384615384615383,,1.1538461538461469,2021,33,
regressor_weekly_from_annual,Yellow Fever,1.0384615384615383,,1.1538461538461469,2021,34,
regressor_weekly_from_annual,Yellow Fever,1.0384615384615383,,1.1538461538461469,2021,35,
regressor_weekly_from_annual,Yellow Fever,1.0384615384615383,,1.1538461538461469,2021,36,
regressor_weekly_from_annual,Yellow Fever,1.0384615384615383,,1.1538461538461469,2021,37,
regressor_weekly_from_annual,Yellow Fever,1.0384615384615383,,1.1538461538461469,2021,38,
regressor_weekly_from_annual,Yellow Fever,1.0384615384615383,,1.1538461538461469,2021,39,
regressor_weekly_from_annual,Yellow Fever,1.0384615384615383,,1.1538461538461469,2021,40,
regressor_weekly_from_annual,Yellow Fever,1.0384615384615383,,1.1538461538461469,2021,41,
regressor_weekly_from_annual,Yellow Fever,1.0384615384615383,,1.1538461538461469,2021,42,
regressor_weekly_from_annual,Yellow Fever,1.0384615384615383,,1.1538461538461469,2021,43,
regressor_weekly_from_annual,Yellow Fever,1.0384615384615383,,1.1538461538461469,2021,44,
regressor_weekly_from_annual,Yellow Fever,1.0384615384615383,,1.1538461538461469,2021,45,
regressor_weekly_from_annual,Yellow Fever,1.0384615384615383,,1.1538461538461469,2021,46,
regressor_weekly_from_annual,Yellow Fever,1.0384615384615383,,1.1538461538461469,2021,47,
regressor_weekly_from_annual,Yellow Fever,1.0384615384615383,,1.1538461538461469,2021,48,
regressor_weekly_from_annual,Yellow Fever,1.0384615384615383,,1.1538461538461469,2021,49,
regressor_weekly_from_annual,Yellow Fever,1.0384615384615383,,1.1538461538461469,2021,50,
regressor_weekly_from_annual,Yellow Fever,1.0384615384615383,,1.1538461538461469,2021,51,
regressor_weekly_from_annual,Yellow Fever,1.0384615384615383,,1.1538461538461469,2021,52,
regressor_weekly_from_annual,Yellow Fever,0.2692307692307692,,0.4107211538461539,2022,1,
regressor_weekly_from_annual,Yellow Fever,0.2692307692307692,,0.3767788461538458,2022,2,
regressor_weekly_from_annual,Yellow Fever,0.2692307692307692,,0.3767788461538458,2022,3,
regressor_weekly_from_annual,Yellow Fever,0.2692307692307692,,0.3767788461538458,2022,4,
regressor_weekly_from_annual,Yellow Fever,0.2692307692307692,,0.3767788461538458,2022,5,
regressor_weekly_from_annual,Yellow Fever,0.2692307692307692,,0.3767788461538458,2022,6,
regressor_weekly_from_annual,Yellow Fever,0.2692307692307692,,0.3767788461538458,2022,7,
regressor_weekly_from_annual,Yellow Fever,0.2692307692307692,,0.3767788461538458,2022,8,
regressor_weekly_from_annual,Yellow Fever,0.2692307692307692,,0.3767788461538458,2022,9,
regressor_weekly_from_annual,Yellow Fever,0.2692307692307692,,0.3767788461538458,2022,10,
regressor_weekly_from_annual,Yellow Fever,0.2692307692307692,,0.3767788461538458,2022,11,
regressor_weekly_from_annual,Yellow Fever,0.2692307692307692,,0.3767788461538458,2022,12,
regressor_weekly_from_annual,Yellow Fever,0.2692307692307692,,0.3767788461538458,2022,13,
regressor_weekly_from_annual,Yellow Fever,0.2692307692307692,,0.3767788461538458,2022,14,
regressor_weekly_from_annual,Yellow Fever,0.2692307692307692,,0.3767788461538458,2022,15,
regressor_weekly_from_annual,Yellow Fever,0.2692307692307692,,0.3767788461538458,2022,16,
regressor_weekly_from_annual,Yellow Fever,0.2692307692307692,,0.3767788461538458,2022,17,
regressor_weekly_from_annual,Yellow Fever,0.2692307692307692,,0.3767788461538458,2022,18,
regressor_weekly_from_annual,Yellow Fever,0.2692307692307692,,0.3767788461538458,2022,19,
regressor_weekly_from_annual,Yellow Fever,0.2692307692307692,,0.3767788461538458,2022,20,
regressor_weekly_from_annual,Yellow Fever,0.2692307692307692,,0.3767788461538458,2022,21,
regressor_weekly_from_annual,Yellow Fever,0.2692307692307692,,0.3767788461538458,2022,22,
regressor_weekly_from_annual,Yellow Fever,0.2692307692307692,,0.3767788461538458,2022,23,
regressor_weekly_from_annual,Yellow Fever,0.2692307692307692,,0.3767788461538458,2022,24,
regressor_weekly_from_annual,Yellow Fever,0.2692307692307692,,0.3767788461538458,2022,25,
regressor_weekly_from_annual,Yellow Fever,0.2692307692307692,,0.3767788461538458,2022,26,
regressor_weekly_from_annual,Yellow Fever,0.2692307692307692,,0.3767788461538458,2022,27,
regressor_weekly_from_annual,Yellow Fever,0.2692307692307692,,0.3767788461538458,2022,28,
regressor_weekly_from_annual,Yellow Fever,0.2692307692307692,,0.3767788461538458,2022,29,
regressor_weekly_from_annual,Yellow Fever,0.2692307692307692,,0.3767788461538458,2022,30,
regressor_weekly_from_annual,Yellow Fever,0.2692307692307692,,0.3767788461538458,2022,31,
regressor_weekly_from_annual,Yellow Fever,0.2692307692307692,,0.3767788461538458,2022,32,
regressor_weekly_from_annual,Yellow Fever,0.2692307692307692,,0.3767788461538458,2022,33,
regressor_weekly_from_annual,Yellow Fever,0.2692307692307692,,0.3767788461538458,2022,34,
regressor_weekly_from_annual,Yellow Fever,0.2692307692307692,,0.3767788461538458,2022,35,
regressor_weekly_from_annual,Yellow Fever,0.2692307692307692,,0.3767788461538458,2022,36,
regressor_weekly_from_annual,Yellow Fever,0.2692307692307692,,0.3767788461538458,2022,37,
regressor_weekly_from_annual,Yellow Fever,0.2692307692307692,,0.3767788461538458,2022,38,
regressor_weekly_from_annual,Yellow Fever,0.2692307692307692,,0.3767788461538458,2022,39,
regressor_weekly_from_annual,Yellow Fever,0.2692307692307692,,0.3767788461538458,2022,40,
regressor_weekly_from_annual,Yellow Fever,0.2692307692307692,,0.3767788461538458,2022,41,
regressor_weekly_from_annual,Yellow Fever,0.2692307692307692,,0.3767788461538458,2022,42,
regressor_weekly_from_annual,Yellow Fever,0.2692307692307692,,0.3767788461538458,2022,43,
regressor_weekly_from_annual,Yellow Fever,0.2692307692307692,,0.3767788461538458,2022,44,
regressor_weekly_from_annual,Yellow Fever,0.2692307692307692,,0.3767788461538458,2022,45,
regressor_weekly_from_annual,Yellow Fever,0.2692307692307692,,0.3767788461538458,2022,46,
regressor_weekly_from_annual,Yellow Fever,0.2692307692307692,,0.3767788461538458,2022,47,
regressor_weekly_from_annual,Yellow Fever,0.2692307692307692,,0.3767788461538458,2022,48,
regressor_weekly_from_annual,Yellow Fever,0.2692307692307692,,0.3767788461538458,2022,49,
regressor_weekly_from_annual,Yellow Fever,0.2692307692307692,,0.3767788461538458,2022,50,
regressor_weekly_from_annual,Yellow Fever,0.2692307692307692,,0.3767788461538458,2022,51,
regressor_weekly_from_annual,Yellow Fever,0.2692307692307692,,0.3767788461538458,2022,52,
regressor_weekly_from_annual,Yellow Fever,0.8269230769230769,,0.4693269230769231,2023,1,
regressor_weekly_from_annual,Yellow Fever,0.8269230769230769,,0.5,2023,2,
regressor_weekly_from_annual,Yellow Fever,0.8269230769230769,,0.5,2023,3,
regressor_weekly_from_annual,Yellow Fever,0.8269230769230769,,0.5,2023,4,
regressor_weekly_from_annual,Yellow Fever,0.8269230769230769,,0.5,2023,5,
regressor_weekly_from_annual,Yellow Fever,0.8269230769230769,,0.5,2023,6,
regressor_weekly_from_annual,Yellow Fever,0.8269230769230769,,0.5,2023,7,
regressor_weekly_from_annual,Yellow Fever,0.8269230769230769,,0.5,2023,8,
regressor_weekly_from_annual,Yellow Fever,0.8269230769230769,,0.5,2023,9,
regressor_weekly_from_annual,Yellow Fever,0.8269230769230769,,0.5,2023,10,
regressor_weekly_from_annual,Yellow Fever,0.8269230769230769,,0.5,2023,11,
regressor_weekly_from_annual,Yellow Fever,0.8269230769230769,,0.5,2023,12,
regressor_weekly_from_annual,Yellow Fever,0.8269230769230769,,0.5,2023,13,
regressor_weekly_from_annual,Yellow Fever,0.8269230769230769,,0.5,2023,14,
regressor_weekly_from_annual,Yellow Fever,0.8269230769230769,,0.5,2023,15,
regressor_weekly_from_annual,Yellow Fever,0.8269230769230769,,0.5,2023,16,
regressor_weekly_from_annual,Yellow Fever,0.8269230769230769,,0.5,2023,17,
regressor_weekly_from_annual,Yellow Fever,0.8269230769230769,,0.5,2023,18,
regressor_weekly_from_annual,Yellow Fever,0.8269230769230769,,0.5,2023,19,
regressor_weekly_from_annual,Yellow Fever,0.8269230769230769,,0.5,2023,20,
regressor_weekly_from_annual,Yellow Fever,0.8269230769230769,,0.5,2023,21,
regressor_weekly_from_annual,Yellow Fever,0.8269230769230769,,0.5,2023,22,
regressor_weekly_from_annual,Yellow Fever,0.8269230769230769,,0.5,2023,23,
regressor_weekly_from_annual,Yellow Fever,0.8269230769230769,,0.5,2023,24,
regressor_weekly_from_annual,Yellow Fever,0.8269230769230769,,0.5,2023,25,
regressor_weekly_from_annual,Yellow Fever,0.8269230769230769,,0.5,2023,26,
regressor_weekly_from_annual,Yellow Fever,0.8269230769230769,,0.5,2023,27,
regressor_weekly_from_annual,Yellow Fever,0.8269230769230769,,0.5,2023,28,
regressor_weekly_from_annual,Yellow Fever,0.8269230769230769,,0.5,2023,29,
regressor_weekly_from_annual,Yellow Fever,0.8269230769230769,,0.5,2023,30,
regressor_weekly_from_annual,Yellow Fever,0.8269230769230769,,0.5,2023,31,
regressor_weekly_from_annual,Yellow Fever,0.8269230769230769,,0.5,2023,32,
regressor_weekly_from_annual,Yellow Fever,0.8269230769230769,,0.5,2023,33,
regressor_weekly_from_annual,Yellow Fever,0.8269230769230769,,0.5,2023,34,
regressor_weekly_from_annual,Yellow Fever,0.8269230769230769,,0.5,2023,35,
regressor_weekly_from_annual,Yellow Fever,0.8269230769230769,,0.5,2023,36,
regressor_weekly_from_annual,Yellow Fever,0.8269230769230769,,0.5,2023,37,
regressor_weekly_from_annual,Yellow Fever,0.8269230769230769,,0.5,2023,38,
regressor_weekly_from_annual,Yellow Fever,0.8269230769230769,,0.5,2023,39,
regressor_weekly_from_annual,Yellow Fever,0.8269230769230769,,0.5,2023,40,
regressor_weekly_from_annual,Yellow Fever,0.8269230769230769,,0.5,2023,41,
regressor_weekly_from_annual,Yellow Fever,0.8269230769230769,,0.5,2023,42,
regressor_weekly_from_annual,Yellow Fever,0.8269230769230769,,0.5,2023,43,
regressor_weekly_from_annual,Yellow Fever,0.8269230769230769,,0.5,2023,44,
regressor_weekly_from_annual,Yellow Fever,0.8269230769230769,,0.5,2023,45,
regressor_weekly_from_annual,Yellow Fever,0.8269230769230769,,0.5,2023,46,
regressor_weekly_from_annual,Yellow Fever,0.8269230769230769,,0.5,2023,47,
regressor_weekly_from_annual,Yellow Fever,0.8269230769230769,,0.5,2023,48,
regressor_weekly_from_annual,Yellow Fever,0.8269230769230769,,0.5,2023,49,
regressor_weekly_from_annual,Yellow Fever,0.8269230769230769,,0.5,2023,50,
regressor_weekly_from_annual,Yellow Fever,0.8269230769230769,,0.5,2023,51,
regressor_weekly_from_annual,Yellow Fever,0.8269230769230769,,0.5,2023,52,
regressor_weekly_from_annual,Yellow Fever,0.4230769230769231,,0.5,2024,1,
regressor_weekly_from_annual,Yellow Fever,0.4230769230769231,,0.5,2024,2,
regressor_weekly_from_annual,Yellow Fever,0.4230769230769231,,0.5,2024,3,
regressor_weekly_from_annual,Yellow Fever,0.4230769230769231,,0.5,2024,4,
regressor_weekly_from_annual,Yellow Fever,0.4230769230769231,,0.5,2024,5,
regressor_weekly_from_annual,Yellow Fever,0.4230769230769231,,0.5,2024,6,
regressor_weekly_from_annual,Yellow Fever,0.4230769230769231,,0.5,2024,7,
regressor_weekly_from_annual,Yellow Fever,0.4230769230769231,,0.5,2024,8,
regressor_weekly_from_annual,Yellow Fever,0.4230769230769231,,0.5,2024,9,
regressor_weekly_from_annual,Yellow Fever,0.4230769230769231,,0.5,2024,10,
regressor_weekly_from_annual,Yellow Fever,0.4230769230769231,,0.5,2024,11,
regressor_weekly_from_annual,Yellow Fever,0.4230769230769231,,0.5,2024,12,
regressor_weekly_from_annual,Yellow Fever,0.4230769230769231,,0.5,2024,13,
regressor_weekly_from_annual,Yellow Fever,0.4230769230769231,,0.5,2024,14,
regressor_weekly_from_annual,Yellow Fever,0.4230769230769231,,0.5,2024,15,
regressor_weekly_from_annual,Yellow Fever,0.4230769230769231,,0.5,2024,16,
regressor_weekly_from_annual,Yellow Fever,0.4230769230769231,,0.5,2024,17,
regressor_weekly_from_annual,Yellow Fever,0.4230769230769231,,0.5,2024,18,
regressor_weekly_from_annual,Yellow Fever,0.4230769230769231,,0.5,2024,19,
regressor_weekly_from_annual,Yellow Fever,0.4230769230769231,,0.5,2024,20,
regressor_weekly_from_annual,Yellow Fever,0.4230769230769231,,0.5,2024,21,
regressor_weekly_from_annual,Yellow Fever,0.4230769230769231,,0.5,2024,22,
regressor_weekly_from_annual,Yellow Fever,0.4230769230769231,,0.5,2024,23,
regressor_weekly_from_annual,Yellow Fever,0.4230769230769231,,0.5,2024,24,
regressor_weekly_from_annual,Yellow Fever,0.4230769230769231,,0.5,2024,25,
regressor_weekly_from_annual,Yellow Fever,0.4230769230769231,,0.5,2024,26,
regressor_weekly_from_annual,Yellow Fever,0.4230769230769231,,0.5,2024,27,
regressor_weekly_from_annual,Yellow Fever,0.4230769230769231,,0.5,2024,28,
regressor_weekly_from_annual,Yellow Fever,0.4230769230769231,,0.5,2024,29,
regressor_weekly_from_annual,Yellow Fever,0.4230769230769231,,0.5,2024,30,
regressor_weekly_from_annual,Yellow Fever,0.4230769230769231,,0.5,2024,31,
regressor_weekly_from_annual,Yellow Fever,0.4230769230769231,,0.5,2024,32,
regressor_weekly_from_annual,Yellow Fever,0.4230769230769231,,0.5,2024,33,
regressor_weekly_from_annual,Yellow Fever,0.4230769230769231,,0.5,2024,34,
regressor_weekly_from_annual,Yellow Fever,0.4230769230769231,,0.5,2024,35,
regressor_weekly_from_annual,Yellow Fever,0.4230769230769231,,0.5,2024,36,
regressor_weekly_from_annual,Yellow Fever,0.4230769230769231,,0.5,2024,37,
regressor_weekly_from_annual,Yellow Fever,0.4230769230769231,,0.5,2024,38,
regressor_weekly_from_annual,Yellow Fever,0.4230769230769231,,0.5,2024,39,
regressor_weekly_from_annual,Yellow Fever,0.4230769230769231,,0.5,2024,40,
regressor_weekly_from_annual,Yellow Fever,0.4230769230769231,,0.5,2024,41,
regressor_weekly_from_annual,Yellow Fever,0.4230769230769231,,0.5,2024,42,
regressor_weekly_from_annual,Yellow Fever,0.4230769230769231,,0.5,2024,43,
regressor_weekly_from_annual,Yellow Fever,0.4230769230769231,,0.5,2024,44,
regressor_weekly_from_annual,Yellow Fever,0.4230769230769231,,0.5,2024,45,
regressor_weekly_from_annual,Yellow Fever,0.4230769230769231,,0.5,2024,46,
regressor_weekly_from_annual,Yellow Fever,0.4230769230769231,,0.5,2024,47,
regressor_weekly_from_annual,Yellow Fever,0.4230769230769231,,0.5,2024,48,
regressor_weekly_from_annual,Yellow Fever,0.4230769230769231,,0.5,2024,49,
regressor_weekly_from_annual,Yellow Fever,0.4230769230769231,,0.5,2024,50,
regressor_weekly_from_annual,Yellow Fever,0.4230769230769231,,0.5,2024,51,
regressor_weekly_from_annual,Yellow Fever,0.4230769230769231,,0.5,2024,52,
regressor_weekly_from_annual,Malaria,0.0,,0.0,2022,11,
regressor_weekly_from_annual,Malaria,0.0,,0.0,2022,12,
regressor_weekly_from_annual,Malaria,0.0,,0.0,2022,13,
regressor_weekly_from_annual,Malaria,0.0,,0.0,2022,14,
regressor_weekly_from_annual,Malaria,0.0,,0.0,2022,15,
regressor_weekly_from_annual,Malaria,0.0,,0.0,2022,16,
regressor_weekly_from_annual,Malaria,0.0,,0.0,2022,17,
regressor_weekly_from_annual,Malaria,0.0,,0.0,2022,18,
regressor_weekly_from_annual,Malaria,0.0,,0.0,2022,19,
regressor_weekly_from_annual,Malaria,0.0,,0.0,2022,20,
regressor_weekly_from_annual,Malaria,0.0,,0.0,2022,21,
regressor_weekly_from_annual,Malaria,0.0,,0.0,2022,22,
regressor_weekly_from_annual,Malaria,0.0,,0.0,2022,23,
regressor_weekly_from_annual,Malaria,0.0,,0.0,2022,24,
regressor_weekly_from_annual,Malaria,0.0,,0.0,2022,25,
regressor_weekly_from_annual,Malaria,0.0,,0.0,2022,26,
regressor_weekly_from_annual,Malaria,0.0,,0.0,2022,27,
regressor_weekly_from_annual,Malaria,0.0,,0.0,2022,28,
regressor_weekly_from_annual,Malaria,0.0,,0.0,2022,29,
regressor_weekly_from_annual,Malaria,0.0,,0.0,2022,30,
regressor_weekly_from_annual,Malaria,0.0,,0.0,2022,31,
regressor_weekly_from_annual,Malaria,0.0,,0.0,2022,32,
regressor_weekly_from_annual,Malaria,0.0,,0.0,2022,33,
regressor_weekly_from_annual,Malaria,0.0,,0.0,2022,34,
regressor_weekly_from_annual,Malaria,0.0,,0.0,2022,35,
regressor_weekly_from_annual,Malaria,0.0,,0.0,2022,36,
regressor_weekly_from_annual,Malaria,0.0,,0.0,2022,37,
regressor_weekly_from_annual,Malaria,0.0,,0.0,2022,38,
regressor_weekly_from_annual,Malaria,0.0,,0.0,2022,39,
regressor_weekly_from_annual,Malaria,0.0,,0.0,2022,40,
regressor_weekly_from_annual,Malaria,0.0,,0.0,2022,41,
regressor_weekly_from_annual,Malaria,0.0,,0.0,2022,42,
regressor_weekly_from_annual,Malaria,0.0,,0.0,2022,43,
regressor_weekly_from_annual,Malaria,0.0,,0.0,2022,44,
regressor_weekly_from_annual,Malaria,0.0,,0.0,2022,45,
regressor_weekly_from_annual,Malaria,0.0,,0.0,2022,46,
regressor_weekly_from_annual,Malaria,0.0,,0.0,2022,47,
regressor_weekly_from_annual,Malaria,0.0,,0.0,2022,48,
regressor_weekly_from_annual,Malaria,0.0,,0.0,2022,49,
regressor_weekly_from_annual,Malaria,0.0,,0.0,2022,50,
regressor_weekly_from_annual,Malaria,0.0,,0.0,2022,51,
regressor_weekly_from_annual,Malaria,0.0,,0.0,2022,52,
regressor_weekly_from_annual,Malaria,0.0,,0.0,2023,1,
regressor_weekly_from_annual,Malaria,0.0,,0.0,2023,2,
regressor_weekly_from_annual,Malaria,0.0,,0.0,2023,3,
regressor_weekly_from_annual,Malaria,0.0,,0.0,2023,4,
regressor_weekly_from_annual,Malaria,0.0,,0.0,2023,5,
regressor_weekly_from_annual,Malaria,0.0,,0.0,2023,6,
regressor_weekly_from_annual,Malaria,0.0,,0.0,2023,7,
regressor_weekly_from_annual,Malaria,0.0,,0.0,2023,8,
regressor_weekly_from_annual,Malaria,0.0,,0.0,2023,9,
regressor_weekly_from_annual,Malaria,0.0,,0.0,2023,10,
regressor_weekly_from_annual,Malaria,0.0,,0.0,2023,11,
regressor_weekly_from_annual,Malaria,0.0,,0.0,2023,12,
regressor_weekly_from_annual,Malaria,0.0,,0.0,2023,13,
regressor_weekly_from_annual,Malaria,0.0,,0.0,2023,14,
regressor_weekly_from_annual,Malaria,0.0,,0.0,2023,15,
regressor_weekly_from_annual,Malaria,0.0,,0.0,2023,16,
regressor_weekly_from_annual,Malaria,0.0,,0.0,2023,17,
regressor_weekly_from_annual,Malaria,0.0,,0.0,2023,18,
regressor_weekly_from_annual,Malaria,0.0,,0.0,2023,19,
regressor_weekly_from_annual,Malaria,0.0,,0.0,2023,20,
regressor_weekly_from_annual,Malaria,0.0,,0.0,2023,21,
regressor_weekly_from_annual,Malaria,0.0,,0.0,2023,22,
regressor_weekly_from_annual,Malaria,0.0,,0.0,2023,23,
regressor_weekly_from_annual,Malaria,0.0,,0.0,2023,24,
regressor_weekly_from_annual,Malaria,0.0,,0.0,2023,25,
regressor_weekly_from_annual,Malaria,0.0,,0.0,2023,26,
regressor_weekly_from_annual,Malaria,0.0,,0.0,2023,27,
regressor_weekly_from_annual,Malaria,0.0,,0.0,2023,28,
regressor_weekly_from_annual,Malaria,0.0,,0.0,2023,29,
regressor_weekly_from_annual,Malaria,0.0,,0.0,2023,30,
regressor_weekly_from_annual,Malaria,0.0,,0.0,2023,31,
regressor_weekly_from_annual,Malaria,0.0,,0.0,2023,32,
regressor_weekly_from_annual,Malaria,0.0,,0.0,2023,33,
regressor_weekly_from_annual,Malaria,0.0,,0.0,2023,34,
regressor_weekly_from_annual,Malaria,0.0,,0.0,2023,35,
regressor_weekly_from_annual,Malaria,0.0,,0.0,2023,36,
regressor_weekly_from_annual,Malaria,0.0,,0.0,2023,37,
regressor_weekly_from_annual,Malaria,0.0,,0.0,2023,38,
regressor_weekly_from_annual,Malaria,0.0,,0.0,2023,39,
regressor_weekly_from_annual,Malaria,0.0,,0.0,2023,40,
regressor_weekly_from_annual,Malaria,0.0,,0.0,2023,41,
regressor_weekly_from_annual,Malaria,0.0,,0.0,2023,42,
regressor_weekly_from_annual,Malaria,0.0,,0.0,2023,43,
regressor_weekly_from_annual,Malaria,0.0,,0.0,2023,44,
regressor_weekly_from_annual,Malaria,0.0,,0.0,2023,45,
regressor_weekly_from_annual,Malaria,0.0,,0.0,2023,46,
regressor_weekly_from_annual,Malaria,0.0,,0.0,2023,47,
regressor_weekly_from_annual,Malaria,0.0,,0.0,2023,48,
regressor_weekly_from_annual,Malaria,0.0,,0.0,2023,49,
regressor_weekly_from_annual,Malaria,0.0,,0.0,2023,50,
regressor_weekly_from_annual,Malaria,0.0,,0.0,2023,51,
regressor_weekly_from_annual,Malaria,0.0,,0.0,2023,52,
regressor_weekly_from_annual,Meningitis,16.75,,16.75,2013,42,
regressor_weekly_from_annual,Meningitis,16.75,,16.75,2013,43,
regressor_weekly_from_annual,Meningitis,16.75,,16.75,2013,44,
regressor_weekly_from_annual,Meningitis,16.75,,16.75,2013,45,
regressor_weekly_from_annual,Meningitis,16.75,,16.75,2013,46,
regressor_weekly_from_annual,Meningitis,16.75,,16.75,2013,47,
regressor_weekly_from_annual,Meningitis,16.75,,16.75,2013,48,
regressor_weekly_from_annual,Meningitis,16.75,,16.75,2013,49,
regressor_weekly_from_annual,Meningitis,16.75,,16.75,2013,50,
regressor_weekly_from_annual,Meningitis,16.75,,16.75,2013,51,
regressor_weekly_from_annual,Meningitis,16.75,,16.75,2013,52,
regressor_weekly_from_annual,Meningitis,22.596153846153847,,19.435480769230708,2014,1,
regressor_weekly_from_annual,Meningitis,22.596153846153847,,20.139230769230693,2014,2,
regressor_weekly_from_annual,Meningitis,22.596153846153847,,20.139230769230693,2014,3,
regressor_weekly_from_annual,Meningitis,22.596153846153847,,20.139230769230693,2014,4,
regressor_weekly_from_annual,Meningitis,22.596153846153847,,20.139230769230693,2014,5,
regressor_weekly_from_annual,Meningitis,22.596153846153847,,20.139230769230693,2014,6,
regressor_weekly_from_annual,Meningitis,22.596153846153847,,20.139230769230693,2014,7,
regressor_weekly_from_annual,Meningitis,22.596153846153847,,20.139230769230693,2014,8,
regressor_weekly_from_annual,Meningitis,22.596153846153847,,20.139230769230693,2014,9,
regressor_weekly_from_annual,Meningitis,22.596153846153847,,20.139230769230693,2014,10,
regressor_weekly_from_annual,Meningitis,22.596153846153847,,20.139230769230693,2014,11,
regressor_weekly_from_annual,Meningitis,22.596153846153847,,20.139230769230693,2014,12,
regressor_weekly_from_annual,Meningitis,22.596153846153847,,20.139230769230693,2014,13,
regressor_weekly_from_annual,Meningitis,22.596153846153847,,20.139230769230693,2014,14,
regressor_weekly_from_annual,Meningitis,22.596153846153847,,20.139230769230693,2014,15,
regressor_weekly_from_annual,Meningitis,22.596153846153847,,20.139230769230693,2014,16,
regressor_weekly_from_annual,Meningitis,22.596153846153847,,20.139230769230693,2014,17,
regressor_weekly_from_annual,Meningitis,22.596153846153847,,20.139230769230693,2014,18,
regressor_weekly_from_annual,Meningitis,22.596153846153847,,20.139230769230693,2014,19,
regressor_weekly_from_annual,Meningitis,22.596153846153847,,20.139230769230693,2014,20,
regressor_weekly_from_annual,Meningitis,22.596153846153847,,20.139230769230693,2014,21,
regressor_weekly_from_annual,Meningitis,22.596153846153847,,20.139230769230693,2014,22,
regressor_weekly_from_annual,Meningitis,22.596153846153847,,20.139230769230693,2014,23,
regressor_weekly_from_annual,Meningitis,22.596153846153847,,20.139230769230693,2014,24,
regressor_weekly_from_annual,Meningitis,22.596153846153847,,20.139230769230693,2014,25,
regressor_weekly_from_annual,Meningitis,22.596153846153847,,20.139230769230693,2014,26,
regressor_weekly_from_annual,Meningitis,22.596153846153847,,20.139230769230693,2014,27,
regressor_weekly_from_annual,Meningitis,22.596153846153847,,20.139230769230693,2014,28,
regressor_weekly_from_annual,Meningitis,22.596153846153847,,20.139230769230693,2014,29,
regressor_weekly_from_annual,Meningitis,22.596153846153847,,20.139230769230693,2014,30,
regressor_weekly_from_annual,Meningitis,22.596153846153847,,20.139230769230693,2014,31,
regressor_weekly_from_annual,Meningitis,22.596153846153847,,20.139230769230693,2014,32,
regressor_weekly_from_annual,Meningitis,22.596153846153847,,20.139230769230693,2014,33,
regressor_weekly_from_annual,Meningitis,22.596153846153847,,20.139230769230693,2014,34,
regressor_weekly_from_annual,Meningitis,22.596153846153847,,20.139230769230693,2014,35,
regressor_weekly_from_annual,Meningitis,22.596153846153847,,20.139230769230693,2014,36,
regressor_weekly_from_annual,Meningitis,22.596153846153847,,20.139230769230693,2014,37,
regressor_weekly_from_annual,Meningitis,22.596153846153847,,20.139230769230693,2014,38,
regressor_weekly_from_annual,Meningitis,22.596153846153847,,20.139230769230693,2014,39,
regressor_weekly_from_annual,Meningitis,22.596153846153847,,20.139230769230693,2014,40,
regressor_weekly_from_annual,Meningitis,22.596153846153847,,20.139230769230693,2014,41,
regressor_weekly_from_annual,Meningitis,22.596153846153847,,20.139230769230693,2014,42,
regressor_weekly_from_annual,Meningitis,22.596153846153847,,20.139230769230693,2014,43,
regressor_weekly_from_annual,Meningitis,22.596153846153847,,20.139230769230693,2014,44,
regressor_weekly_from_annual,Meningitis,22.596153846153847,,20.139230769230693,2014,45,
regressor_weekly_from_annual,Meningitis,22.596153846153847,,20.139230769230693,2014,46,
regressor_weekly_from_annual,Meningitis,22.596153846153847,,20.139230769230693,2014,47,
regressor_weekly_from_annual,Meningitis,22.596153846153847,,20.139230769230693,2014,48,
regressor_weekly_from_annual,Meningitis,22.596153846153847,,20.139230769230693,2014,49,
regressor_weekly_from_annual,Meningitis,22.596153846153847,,20.139230769230693,2014,50,
regressor_weekly_from_annual,Meningitis,22.596153846153847,,20.139230769230693,2014,51,
regressor_weekly_from_annual,Meningitis,22.596153846153847,,20.139230769230693,2014,52,
