week,year,week_num,disease,state,cases,deaths,cfr,report_date,cases_log,cases_scaled,temperature_2m_mean,relative_humidity_2m_mean,precipitation_sum,who_cases_national,population,urban_percent,cases_last_week,cases_2w_avg,deaths_last_week,cases_mean_4w,cases_std_4w,deaths_mean_4w,cases_growth_rate,cases_per_100k
20,2021.0,1.0,Cholera,Bayelsa,258.0,15.0,5.81,2021-01-04,5.556828061699537,-0.3934804031249802,26.357142857142858,88.57142857142857,94.4,0.0,218529286.0,52.746,0.0,0.0,0.0,258.0,0.0,15.0,0.0,0.11806197911615379
20,2021.0,1.0,Cholera,Bayelsa,258.0,15.0,5.81,2021-01-04,5.556828061699537,-0.3934804031249802,26.357142857142858,88.57142857142857,94.4,0.0,218529286.0,52.746,258.0,0.0,15.0,258.0,0.0,15.0,0.0,0.11806197911615379
20,2021.0,1.0,Cholera,Bayelsa,258.0,15.0,5.81,2021-01-04,5.556828061699537,-0.3934804031249802,26.357142857142858,88.57142857142857,94.4,0.0,218529286.0,52.746,258.0,258.0,15.0,258.0,0.0,15.0,0.0,0.11806197911615379
20,2021.0,1.0,Cholera,Bayelsa,258.0,15.0,5.81,2021-01-04,5.556828061699537,-0.3934804031249802,26.357142857142858,88.57142857142857,94.4,0.0,218529286.0,52.746,258.0,258.0,15.0,258.0,0.0,15.0,0.0,0.11806197911615379
20,2021.0,1.0,Cholera,Benue,602.0,12.0,1.99,2021-01-04,6.401917196727186,0.10599287611853711,27.585714285714285,74.42857142857143,1.6,0.0,218529286.0,52.746,0.0,0.0,0.0,602.0,0.0,12.0,0.0,0.27547795127102553
20,2021.0,1.0,Cholera,Benue,602.0,12.0,1.99,2021-01-04,6.401917196727186,0.10599287611853711,27.585714285714285,74.42857142857143,1.6,0.0,218529286.0,52.746,602.0,0.0,12.0,602.0,0.0,12.0,0.0,0.27547795127102553
20,2021.0,1.0,Cholera,Benue,602.0,12.0,1.99,2021-01-04,6.401917196727186,0.10599287611853711,27.585714285714285,74.42857142857143,1.6,0.0,218529286.0,52.746,602.0,602.0,12.0,602.0,0.0,12.0,0.0,0.27547795127102553
20,2021.0,1.0,Cholera,Benue,602.0,12.0,1.99,2021-01-04,6.401917196727186,0.10599287611853711,27.585714285714285,74.42857142857143,1.6,0.0,218529286.0,52.746,602.0,602.0,12.0,602.0,0.0,12.0,0.0,0.27547795127102553
20,2021.0,1.0,Cholera,Delta,583.0,32.0,5.49,2021-01-04,6.369900982828227,0.07840568918357539,26.214285714285715,90.0,48.6,0.0,218529286.0,52.746,0.0,0.0,0.0,583.0,0.0,32.0,0.0,0.26678346443689016
20,2021.0,1.0,Cholera,Delta,583.0,32.0,5.49,2021-01-04,6.369900982828227,0.07840568918357539,26.214285714285715,90.0,48.6,0.0,218529286.0,52.746,583.0,0.0,32.0,583.0,0.0,32.0,0.0,0.26678346443689016
20,2021.0,1.0,Cholera,Delta,583.0,32.0,5.49,2021-01-04,6.369900982828227,0.07840568918357539,26.214285714285715,90.0,48.6,0.0,218529286.0,52.746,583.0,583.0,32.0,583.0,0.0,32.0,0.0,0.26678346443689016
20,2021.0,1.0,Cholera,Delta,583.0,32.0,5.49,2021-01-04,6.369900982828227,0.07840568918357539,26.214285714285715,90.0,48.6,0.0,218529286.0,52.746,583.0,583.0,32.0,583.0,0.0,32.0,0.0,0.26678346443689016
20,2021.0,1.0,Cholera,Gombe,190.0,1.0,0.53,2021-01-04,5.25227342804663,-0.4922134932080011,31.67142857142857,45.57142857142857,0.0,0.0,218529286.0,52.746,0.0,0.0,0.0,190.0,0.0,1.0,0.0,0.08694486834135357
20,2021.0,1.0,Cholera,Gombe,190.0,1.0,0.53,2021-01-04,5.25227342804663,-0.4922134932080011,31.67142857142857,45.57142857142857,0.0,0.0,218529286.0,52.746,190.0,0.0,1.0,190.0,0.0,1.0,0.0,0.08694486834135357
20,2021.0,1.0,Cholera,Gombe,190.0,1.0,0.53,2021-01-04,5.25227342804663,-0.4922134932080011,31.67142857142857,45.57142857142857,0.0,0.0,218529286.0,52.746,190.0,190.0,1.0,190.0,0.0,1.0,0.0,0.08694486834135357
20,2021.0,1.0,Cholera,Gombe,190.0,1.0,0.53,2021-01-04,5.25227342804663,-0.4922134932080011,31.67142857142857,45.57142857142857,0.0,0.0,218529286.0,52.746,190.0,190.0,1.0,190.0,0.0,1.0,0.0,0.08694486834135357
20,2021.0,1.0,Cholera,Kebbi,35.0,1.0,2.86,2021-01-04,3.58351893845611,-0.7172668603090046,33.785714285714285,40.142857142857146,0.0,0.0,218529286.0,52.746,0.0,0.0,0.0,35.0,0.0,1.0,0.0,0.01601615995761776
20,2021.0,1.0,Cholera,Kebbi,35.0,1.0,2.86,2021-01-04,3.58351893845611,-0.7172668603090046,33.785714285714285,40.142857142857146,0.0,0.0,218529286.0,52.746,35.0,0.0,1.0,35.0,0.0,1.0,0.0,0.01601615995761776
20,2021.0,1.0,Cholera,Kebbi,35.0,1.0,2.86,2021-01-04,3.58351893845611,-0.7172668603090046,33.785714285714285,40.142857142857146,0.0,0.0,218529286.0,52.746,35.0,35.0,1.0,35.0,0.0,1.0,0.0,0.01601615995761776
20,2021.0,1.0,Cholera,Kebbi,35.0,1.0,2.86,2021-01-04,3.58351893845611,-0.7172668603090046,33.785714285714285,40.142857142857146,0.0,0.0,218529286.0,52.746,35.0,35.0,1.0,35.0,0.0,1.0,0.0,0.01601615995761776
20,2021.0,1.0,Cholera,Kogi,12.0,4.0,33.33,2021-01-04,2.5649493574615367,-0.7506618760723792,29.214285714285715,69.0,0.3999999999999999,0.0,218529286.0,52.746,0.0,0.0,0.0,12.0,0.0,4.0,0.0,0.005491254842611804
20,2021.0,1.0,Cholera,Kogi,12.0,4.0,33.33,2021-01-04,2.5649493574615367,-0.7506618760723792,29.214285714285715,69.0,0.3999999999999999,0.0,218529286.0,52.746,12.0,0.0,4.0,12.0,0.0,4.0,0.0,0.005491254842611804
20,2021.0,1.0,Cholera,Kogi,12.0,4.0,33.33,2021-01-04,2.5649493574615367,-0.7506618760723792,29.214285714285715,69.0,0.3999999999999999,0.0,218529286.0,52.746,12.0,12.0,4.0,12.0,0.0,4.0,0.0,0.005491254842611804
20,2021.0,1.0,Cholera,Nasarawa,411.0,17.0,4.14,2021-01-04,6.021023349349527,-0.17133095043818328,29.457142857142856,64.85714285714286,1.0,0.0,218529286.0,52.746,0.0,0.0,0.0,411.0,0.0,17.0,0.0,0.1880754783594543
20,2021.0,1.0,Cholera,Nasarawa,411.0,17.0,4.14,2021-01-04,6.021023349349527,-0.17133095043818328,29.457142857142856,64.85714285714286,1.0,0.0,218529286.0,52.746,411.0,0.0,17.0,411.0,0.0,17.0,0.0,0.1880754783594543
20,2021.0,1.0,Cholera,Nasarawa,411.0,17.0,4.14,2021-01-04,6.021023349349527,-0.17133095043818328,29.457142857142856,64.85714285714286,1.0,0.0,218529286.0,52.746,411.0,411.0,17.0,411.0,0.0,17.0,0.0,0.1880754783594543
20,2021.0,1.0,Cholera,Sokoto,2141.0,86.0,4.02,2021-01-04,7.669495251007694,2.340555017850436,34.285714285714285,33.0,0.0,0.0,218529286.0,52.746,0.0,0.0,0.0,2141.0,0.0,86.0,0.0,0.9797313848359894
20,2021.0,1.0,Cholera,Sokoto,2141.0,86.0,4.02,2021-01-04,7.669495251007694,2.340555017850436,34.285714285714285,33.0,0.0,0.0,218529286.0,52.746,2141.0,0.0,86.0,2141.0,0.0,86.0,0.0,0.9797313848359894
20,2021.0,1.0,Cholera,Sokoto,2141.0,86.0,4.02,2021-01-04,7.669495251007694,2.340555017850436,34.285714285714285,33.0,0.0,0.0,218529286.0,52.746,2141.0,2141.0,86.0,2141.0,0.0,86.0,0.0,0.9797313848359894
20,2021.0,1.0,Cholera,Sokoto,2141.0,86.0,4.02,2021-01-04,7.669495251007694,2.340555017850436,34.285714285714285,33.0,0.0,0.0,218529286.0,52.746,2141.0,2141.0,86.0,2141.0,0.0,86.0,0.0,0.9797313848359894
20,2020.0,1.0,Covid-19,Abia,2.0,0.0,0.0,2020-01-01,1.0986122886681098,-0.30933898471404375,26.9,84.14285714285714,40.0,0.0,213996181.0,51.958,0.0,0.0,0.0,2.0,0.0,0.0,0.0,0.0009345961178624959
20,2020.0,1.0,Covid-19,Abia,2.0,0.0,0.0,2020-01-01,1.0986122886681098,-0.30933898471404375,26.9,84.14285714285714,40.0,0.0,213996181.0,51.958,2.0,0.0,0.0,2.0,0.0,0.0,0.0,0.0009345961178624959
20,2020.0,1.0,Covid-19,Abia,2.0,0.0,0.0,2020-01-01,1.0986122886681098,-0.30933898471404375,26.9,84.14285714285714,40.0,0.0,213996181.0,51.958,2.0,2.0,0.0,2.0,0.0,0.0,0.0,0.0009345961178624959
20,2020.0,1.0,Covid-19,Abia,2.0,0.0,0.0,2020-01-01,1.0986122886681098,-0.30933898471404375,26.9,84.14285714285714,40.0,0.0,213996181.0,51.958,2.0,2.0,0.0,2.0,0.0,0.0,0.0,0.0009345961178624959
20,2022.0,5.0,Covid-19,Abia,41.0,0.0,0.0,2022-01-31,3.7376696182833684,0.5080869125844559,25.25714285714286,89.14285714285714,82.4,0.0,223150896.0,53.521,2.0,2.0,0.0,11.75,19.5,0.0,19.5,0.018373217735141875
20,2022.0,5.0,Covid-19,Abia,41.0,0.0,0.0,2022-01-31,3.7376696182833684,0.5080869125844559,25.25714285714286,89.14285714285714,82.4,0.0,223150896.0,53.521,41.0,21.5,0.0,21.5,22.516660498395403,0.0,0.0,0.018373217735141875
20,2022.0,5.0,Covid-19,Abia,41.0,0.0,0.0,2022-01-31,3.7376696182833684,0.5080869125844559,25.25714285714286,89.14285714285714,82.4,0.0,223150896.0,53.521,41.0,41.0,0.0,31.25,19.5,0.0,0.0,0.018373217735141875
20,2022.0,5.0,Covid-19,Abia,41.0,0.0,0.0,2022-01-31,3.7376696182833684,0.5080869125844559,25.25714285714286,89.14285714285714,82.4,0.0,223150896.0,53.521,41.0,41.0,0.0,41.0,0.0,0.0,0.0,0.018373217735141875
20,2025.0,18.0,Covid-19,Abia,2.0,0.0,0.0,2025-05-02,1.0986122886681098,-0.30933898471404375,26.62857142857143,83.42857142857143,54.4,0.0,0.0,0.0,41.0,41.0,0.0,31.25,19.5,0.0,-0.9512195121951219,0.0
20,2025.0,18.0,Covid-19,Abia,2.0,0.0,0.0,2025-05-02,1.0986122886681098,-0.30933898471404375,26.62857142857143,83.42857142857143,54.4,0.0,0.0,0.0,2.0,21.5,0.0,21.5,22.516660498395403,0.0,0.0,0.0
20,2025.0,18.0,Covid-19,Abia,2.0,0.0,0.0,2025-05-02,1.0986122886681098,-0.30933898471404375,26.62857142857143,83.42857142857143,54.4,0.0,0.0,0.0,2.0,2.0,0.0,11.75,19.5,0.0,0.0,0.0
20,2025.0,18.0,Covid-19,Abia,2.0,0.0,0.0,2025-05-02,1.0986122886681098,-0.30933898471404375,26.62857142857143,83.42857142857143,54.4,0.0,0.0,0.0,2.0,2.0,0.0,2.0,0.0,0.0,0.0,0.0
46,2025.0,46.0,Covid-19,Abia,2.0,0.0,0.0,2025-11-10,1.0986122886681098,-0.30933898471404375,0.0,0.0,0.0,0.0,0.0,0.0,2.0,2.0,0.0,2.0,0.0,0.0,0.0,0.0
1,2020.0,1.0,Covid-19,Abuja,41.0,2.0,4.88,2019-12-30,3.7376696182833684,0.5080869125844559,25.285714285714285,22.285714285714285,0.0,0.0,213996181.0,51.958,0.0,0.0,0.0,41.0,0.0,2.0,0.0,0.019159220416181167
1,2020.0,1.0,Covid-19,Abuja,41.0,2.0,4.88,2019-12-30,3.7376696182833684,0.5080869125844559,25.285714285714285,22.285714285714285,0.0,0.0,213996181.0,51.958,41.0,0.0,2.0,41.0,0.0,2.0,0.0,0.019159220416181167
1,2020.0,1.0,Covid-19,Abuja,41.0,2.0,4.88,2019-12-30,3.7376696182833684,0.5080869125844559,25.285714285714285,22.285714285714285,0.0,0.0,213996181.0,51.958,41.0,41.0,2.0,41.0,0.0,2.0,0.0,0.019159220416181167
1,2020.0,1.0,Covid-19,Abuja,41.0,2.0,4.88,2019-12-30,3.7376696182833684,0.5080869125844559,25.285714285714285,22.285714285714285,0.0,0.0,213996181.0,51.958,41.0,41.0,2.0,41.0,0.0,2.0,0.0,0.019159220416181167
20,2020.0,1.0,Covid-19,Abuja,58.0,2.0,3.45,2020-01-01,4.07753744390572,0.8644007652530327,27.87142857142857,69.85714285714286,4.0,0.0,213996181.0,51.958,41.0,41.0,2.0,45.25,8.5,2.0,0.4146341463414634,0.027103287418012382
20,2020.0,1.0,Covid-19,Abuja,58.0,2.0,3.45,2020-01-01,4.07753744390572,0.8644007652530327,27.87142857142857,69.85714285714286,4.0,0.0,213996181.0,51.958,58.0,49.5,2.0,49.5,9.81495457622364,2.0,0.0,0.027103287418012382
20,2020.0,1.0,Covid-19,Abuja,58.0,2.0,3.45,2020-01-01,4.07753744390572,0.8644007652530327,27.87142857142857,69.85714285714286,4.0,0.0,213996181.0,51.958,58.0,58.0,2.0,53.75,8.5,2.0,0.0,0.027103287418012382
20,2020.0,1.0,Covid-19,Abuja,58.0,2.0,3.45,2020-01-01,4.07753744390572,0.8644007652530327,27.87142857142857,69.85714285714286,4.0,0.0,213996181.0,51.958,58.0,58.0,2.0,58.0,0.0,2.0,0.0,0.027103287418012382
20,2022.0,5.0,Covid-19,Abuja,54.0,0.0,0.0,2022-01-31,4.007333185232471,0.7805622116839558,25.928571428571427,79.57142857142857,22.6,0.0,223150896.0,53.521,58.0,58.0,2.0,57.0,2.0,1.5,-0.06896551724137931,0.024198872138967348
20,2022.0,5.0,Covid-19,Abuja,54.0,0.0,0.0,2022-01-31,4.007333185232471,0.7805622116839558,25.928571428571427,79.57142857142857,22.6,0.0,223150896.0,53.521,54.0,56.0,0.0,56.0,2.3094010767585025,1.0,0.0,0.024198872138967348
20,2022.0,5.0,Covid-19,Abuja,54.0,0.0,0.0,2022-01-31,4.007333185232471,0.7805622116839558,25.928571428571427,79.57142857142857,22.6,0.0,223150896.0,53.521,54.0,54.0,0.0,55.0,2.0,0.5,0.0,0.024198872138967348
20,2022.0,5.0,Covid-19,Abuja,54.0,0.0,0.0,2022-01-31,4.007333185232471,0.7805622116839558,25.928571428571427,79.57142857142857,22.6,0.0,223150896.0,53.521,54.0,54.0,0.0,54.0,0.0,0.0,0.0,0.024198872138967348
20,2025.0,10.0,Covid-19,Abuja,43.0,2.0,4.65,2025-03-04,3.784189633918261,0.5500061893689944,26.9,75.71428571428571,29.6,0.0,0.0,0.0,54.0,54.0,0.0,51.25,5.5,0.5,-0.2037037037037037,0.0
20,2025.0,10.0,Covid-19,Abuja,43.0,2.0,4.65,2025-03-04,3.784189633918261,0.5500061893689944,26.9,75.71428571428571,29.6,0.0,0.0,0.0,43.0,48.5,2.0,48.5,6.3508529610858835,1.0,0.0,0.0
20,2025.0,10.0,Covid-19,Abuja,43.0,2.0,4.65,2025-03-04,3.784189633918261,0.5500061893689944,26.9,75.71428571428571,29.6,0.0,0.0,0.0,43.0,43.0,2.0,45.75,5.5,1.5,0.0,0.0
20,2025.0,10.0,Covid-19,Abuja,43.0,2.0,4.65,2025-03-04,3.784189633918261,0.5500061893689944,26.9,75.71428571428571,29.6,0.0,0.0,0.0,43.0,43.0,2.0,43.0,0.0,2.0,0.0,0.0
44,2025.0,44.0,Covid-19,Abuja,8.0,1.0,12.5,2025-10-27,2.1972245773362196,-0.18358115436042843,27.27142857142857,67.14285714285714,2.3,0.0,0.0,0.0,43.0,43.0,2.0,34.25,17.5,1.75,-0.813953488372093,0.0
44,2025.0,44.0,Covid-19,Abuja,8.0,1.0,12.5,2025-10-27,2.1972245773362196,-0.18358115436042843,27.27142857142857,67.14285714285714,2.3,0.0,0.0,0.0,8.0,25.5,1.0,25.5,20.207259421636902,1.5,0.0,0.0
44,2025.0,44.0,Covid-19,Abuja,8.0,1.0,12.5,2025-10-27,2.1972245773362196,-0.18358115436042843,27.27142857142857,67.14285714285714,2.3,0.0,0.0,0.0,8.0,8.0,1.0,16.75,17.5,1.25,0.0,0.0
44,2025.0,44.0,Covid-19,Abuja,8.0,1.0,12.5,2025-10-27,2.1972245773362196,-0.18358115436042843,27.27142857142857,67.14285714285714,2.3,0.0,0.0,0.0,8.0,8.0,1.0,8.0,0.0,1.0,0.0,0.0
45,2025.0,45.0,Covid-19,Abuja,0.0,0.0,0.0,2025-11-03,0.0,-0.35125826149858225,27.675,66.0,0.3,0.0,0.0,0.0,8.0,8.0,1.0,6.0,4.000000000000004,0.75,-1.0,0.0
45,2025.0,45.0,Covid-19,Abuja,0.0,0.0,0.0,2025-11-03,0.0,-0.35125826149858225,27.675,66.0,0.3,0.0,0.0,0.0,0.0,4.0,0.0,4.0,4.61880215351701,0.5,0.0,0.0
45,2025.0,45.0,Covid-19,Abuja,0.0,0.0,0.0,2025-11-03,0.0,-0.35125826149858225,27.675,66.0,0.3,0.0,0.0,0.0,0.0,0.0,0.0,2.0,4.000000000000004,0.25,0.0,0.0
45,2025.0,45.0,Covid-19,Abuja,0.0,0.0,0.0,2025-11-03,0.0,-0.35125826149858225,27.675,66.0,0.3,0.0,0.0,0.0,0.0,0.0,0.0,0.0,0.0,0.0,0.0,0.0
46,2025.0,46.0,Covid-19,Abuja,133.0,3.0,2.26,2025-11-10,4.897839799950911,2.4363736446732243,0.0,0.0,0.0,0.0,0.0,0.0,0.0,0.0,0.0,33.25,66.5,0.75,0.0,0.0
48,2025.0,48.0,Covid-19,Abuja,0.0,0.0,0.0,2025-11-24,0.0,-0.35125826149858225,0.0,0.0,0.0,0.0,0.0,0.0,133.0,66.5,3.0,33.25,66.5,0.75,-1.0,0.0
20,2020.0,1.0,Covid-19,Adamawa,1.0,0.0,0.0,2020-01-01,0.6931471805599453,-0.330298623106313,33.75714285714286,47.0,2.5,0.0,213996181.0,51.958,0.0,0.0,0.0,1.0,0.0,0.0,0.0,0.00046729805893124795
20,2020.0,1.0,Covid-19,Adamawa,1.0,0.0,0.0,2020-01-01,0.6931471805599453,-0.330298623106313,33.75714285714286,47.0,2.5,0.0,213996181.0,51.958,1.0,0.0,0.0,1.0,0.0,0.0,0.0,0.00046729805893124795
20,2020.0,1.0,Covid-19,Adamawa,1.0,0.0,0.0,2020-01-01,0.6931471805599453,-0.330298623106313,33.75714285714286,47.0,2.5,0.0,213996181.0,51.958,1.0,1.0,0.0,1.0,0.0,0.0,0.0,0.00046729805893124795
20,2020.0,1.0,Covid-19,Adamawa,1.0,0.0,0.0,2020-01-01,0.6931471805599453,-0.330298623106313,33.75714285714286,47.0,2.5,0.0,213996181.0,51.958,1.0,1.0,0.0,1.0,0.0,0.0,0.0,0.00046729805893124795
20,2022.0,33.0,Covid-19,Adamawa,44.0,0.0,0.0,2022-08-15,3.8066624897703196,0.5709658277612636,30.457142857142856,59.142857142857146,18.7,0.0,223150896.0,53.521,1.0,1.0,0.0,11.75,21.5,0.0,43.0,0.01971759952064006
20,2022.0,33.0,Covid-19,Adamawa,44.0,0.0,0.0,2022-08-15,3.8066624897703196,0.5709658277612636,30.457142857142856,59.142857142857146,18.7,0.0,223150896.0,53.521,44.0,22.5,0.0,22.5,24.826061575153908,0.0,0.0,0.01971759952064006
20,2022.0,33.0,Covid-19,Adamawa,44.0,0.0,0.0,2022-08-15,3.8066624897703196,0.5709658277612636,30.457142857142856,59.142857142857146,18.7,0.0,223150896.0,53.521,44.0,44.0,0.0,33.25,21.5,0.0,0.0,0.01971759952064006
20,2022.0,33.0,Covid-19,Adamawa,44.0,0.0,0.0,2022-08-15,3.8066624897703196,0.5709658277612636,30.457142857142856,59.142857142857146,18.7,0.0,223150896.0,53.521,44.0,44.0,0.0,44.0,0.0,0.0,0.0,0.01971759952064006
20,2025.0,18.0,Covid-19,Adamawa,1.0,0.0,0.0,2025-05-02,0.6931471805599453,-0.330298623106313,31.857142857142858,53.42857142857143,15.9,0.0,0.0,0.0,44.0,44.0,0.0,33.25,21.5,0.0,-0.9772727272727273,0.0
20,2025.0,18.0,Covid-19,Adamawa,1.0,0.0,0.0,2025-05-02,0.6931471805599453,-0.330298623106313,31.857142857142858,53.42857142857143,15.9,0.0,0.0,0.0,1.0,22.5,0.0,22.5,24.826061575153908,0.0,0.0,0.0
20,2025.0,18.0,Covid-19,Adamawa,1.0,0.0,0.0,2025-05-02,0.6931471805599453,-0.330298623106313,31.857142857142858,53.42857142857143,15.9,0.0,0.0,0.0,1.0,1.0,0.0,11.75,21.5,0.0,0.0,0.0
20,2025.0,18.0,Covid-19,Adamawa,1.0,0.0,0.0,2025-05-02,0.6931471805599453,-0.330298623106313,31.857142857142858,53.42857142857143,15.9,0.0,0.0,0.0,1.0,1.0,0.0,1.0,0.0,0.0,0.0,0.0
36,2025.0,36.0,Covid-19,Adamawa,0.0,0.0,0.0,2025-09-01,0.0,-0.35125826149858225,26.071428571428573,83.85714285714286,52.2,0.0,0.0,0.0,1.0,1.0,0.0,0.75,0.49999999999992417,0.0,-1.0,0.0
36,2025.0,36.0,Covid-19,Adamawa,0.0,0.0,0.0,2025-09-01,0.0,-0.35125826149858225,26.071428571428573,83.85714285714286,52.2,0.0,0.0,0.0,0.0,0.5,0.0,0.5,0.5773502691895601,0.0,0.0,0.0
36,2025.0,36.0,Covid-19,Adamawa,0.0,0.0,0.0,2025-09-01,0.0,-0.35125826149858225,26.071428571428573,83.85714285714286,52.2,0.0,0.0,0.0,0.0,0.0,0.0,0.25,0.4999999999999242,0.0,0.0,0.0
36,2025.0,36.0,Covid-19,Adamawa,0.0,0.0,0.0,2025-09-01,0.0,-0.35125826149858225,26.071428571428573,83.85714285714286,52.2,0.0,0.0,0.0,0.0,0.0,0.0,0.0,0.0,0.0,0.0,0.0
44,2025.0,44.0,Covid-19,Adamawa,0.0,0.0,0.0,2025-10-27,0.0,-0.35125826149858225,28.27142857142857,66.0,2.8000000000000003,0.0,0.0,0.0,0.0,0.0,0.0,0.0,0.0,0.0,0.0,0.0
44,2025.0,44.0,Covid-19,Adamawa,0.0,0.0,0.0,2025-10-27,0.0,-0.35125826149858225,28.27142857142857,66.0,2.8000000000000003,0.0,0.0,0.0,0.0,0.0,0.0,0.0,0.0,0.0,0.0,0.0
44,2025.0,44.0,Covid-19,Adamawa,0.0,0.0,0.0,2025-10-27,0.0,-0.35125826149858225,28.27142857142857,66.0,2.8000000000000003,0.0,0.0,0.0,0.0,0.0,0.0,0.0,0.0,0.0,0.0,0.0
44,2025.0,44.0,Covid-19,Adamawa,0.0,0.0,0.0,2025-10-27,0.0,-0.35125826149858225,28.27142857142857,66.0,2.8000000000000003,0.0,0.0,0.0,0.0,0.0,0.0,0.0,0.0,0.0,0.0,0.0
46,2025.0,46.0,Covid-19,Adamawa,1.0,0.0,0.0,2025-11-10,0.6931471805599453,-0.330298623106313,0.0,0.0,0.0,0.0,0.0,0.0,0.0,0.0,0.0,0.25,0.4999999999999242,0.0,0.0,0.0
1,2020.0,1.0,Covid-19,Akwa Ibom,11.0,1.0,9.09,2019-12-30,2.4849066497880004,-0.12070223918362077,26.385714285714283,52.71428571428572,0.0,0.0,213996181.0,51.958,0.0,0.0,0.0,11.0,0.0,1.0,0.0,0.005140278648243728
1,2020.0,1.0,Covid-19,Akwa Ibom,11.0,1.0,9.09,2019-12-30,2.4849066497880004,-0.12070223918362077,26.385714285714283,52.71428571428572,0.0,0.0,213996181.0,51.958,11.0,0.0,1.0,11.0,0.0,1.0,0.0,0.005140278648243728
1,2020.0,1.0,Covid-19,Akwa Ibom,11.0,1.0,9.09,2019-12-30,2.4849066497880004,-0.12070223918362077,26.385714285714283,52.71428571428572,0.0,0.0,213996181.0,51.958,11.0,11.0,1.0,11.0,0.0,1.0,0.0,0.005140278648243728
1,2020.0,1.0,Covid-19,Akwa Ibom,11.0,1.0,9.09,2019-12-30,2.4849066497880004,-0.12070223918362077,26.385714285714283,52.71428571428572,0.0,0.0,213996181.0,51.958,11.0,11.0,1.0,11.0,0.0,1.0,0.0,0.005140278648243728
20,2020.0,1.0,Covid-19,Akwa Ibom,6.0,0.0,0.0,2020-01-01,1.9459101490553132,-0.22550043114496687,26.514285714285712,87.42857142857143,34.1,0.0,213996181.0,51.958,11.0,11.0,1.0,9.75,2.5,0.75,-0.45454545454545453,0.0028037883535874876
20,2020.0,1.0,Covid-19,Akwa Ibom,6.0,0.0,0.0,2020-01-01,1.9459101490553132,-0.22550043114496687,26.514285714285712,87.42857142857143,34.1,0.0,213996181.0,51.958,6.0,8.5,0.0,8.5,2.886751345948129,0.5,0.0,0.0028037883535874876
20,2020.0,1.0,Covid-19,Akwa Ibom,6.0,0.0,0.0,2020-01-01,1.9459101490553132,-0.22550043114496687,26.514285714285712,87.42857142857143,34.1,0.0,213996181.0,51.958,6.0,6.0,0.0,7.25,2.5000000000000004,0.25,0.0,0.0028037883535874876
20,2020.0,1.0,Covid-19,Akwa Ibom,6.0,0.0,0.0,2020-01-01,1.9459101490553132,-0.22550043114496687,26.514285714285712,87.42857142857143,34.1,0.0,213996181.0,51.958,6.0,6.0,0.0,6.0,0.0,0.0,0.0,0.0028037883535874876
20,2025.0,10.0,Covid-19,Akwa Ibom,5.0,0.0,0.0,2025-03-04,1.791759469228055,-0.24646006953723612,26.77142857142857,84.28571428571429,52.0,0.0,0.0,0.0,6.0,6.0,0.0,5.75,0.5000000000000023,0.0,-0.16666666666666666,0.0
20,2025.0,10.0,Covid-19,Akwa Ibom,5.0,0.0,0.0,2025-03-04,1.791759469228055,-0.24646006953723612,26.77142857142857,84.28571428571429,52.0,0.0,0.0,0.0,5.0,5.5,0.0,5.5,0.5773502691896278,0.0,0.0,0.0
20,2025.0,10.0,Covid-19,Akwa Ibom,5.0,0.0,0.0,2025-03-04,1.791759469228055,-0.24646006953723612,26.77142857142857,84.28571428571429,52.0,0.0,0.0,0.0,5.0,5.0,0.0,5.25,0.5000000000000023,0.0,0.0,0.0
20,2025.0,10.0,Covid-19,Akwa Ibom,5.0,0.0,0.0,2025-03-04,1.791759469228055,-0.24646006953723612,26.77142857142857,84.28571428571429,52.0,0.0,0.0,0.0,5.0,5.0,0.0,5.0,0.0,0.0,0.0,0.0
45,2025.0,45.0,Covid-19,Akwa Ibom,5.0,0.0,0.0,2025-11-03,1.791759469228055,-0.24646006953723612,24.825,90.5,34.1,0.0,0.0,0.0,5.0,5.0,0.0,5.0,0.0,0.0,0.0,0.0
45,2025.0,45.0,Covid-19,Akwa Ibom,5.0,0.0,0.0,2025-11-03,1.791759469228055,-0.24646006953723612,24.825,90.5,34.1,0.0,0.0,0.0,5.0,5.0,0.0,5.0,0.0,0.0,0.0,0.0
45,2025.0,45.0,Covid-19,Akwa Ibom,5.0,0.0,0.0,2025-11-03,1.791759469228055,-0.24646006953723612,24.825,90.5,34.1,0.0,0.0,0.0,5.0,5.0,0.0,5.0,0.0,0.0,0.0,0.0
45,2025.0,45.0,Covid-19,Akwa Ibom,5.0,0.0,0.0,2025-11-03,1.791759469228055,-0.24646006953723612,24.825,90.5,34.1,0.0,0.0,0.0,5.0,5.0,0.0,5.0,0.0,0.0,0.0,0.0
46,2025.0,46.0,Covid-19,Akwa Ibom,11.0,1.0,9.09,2025-11-10,2.4849066497880004,-0.12070223918362077,0.0,0.0,0.0,0.0,0.0,0.0,5.0,5.0,0.0,6.5,3.0000000000000004,0.25,1.2,0.0
20,2020.0,1.0,Covid-19,Anambra,1.0,0.0,0.0,2020-01-01,0.6931471805599453,-0.330298623106313,28.285714285714285,78.85714285714286,4.0,0.0,213996181.0,51.958,0.0,0.0,0.0,1.0,0.0,0.0,0.0,0.00046729805893124795
20,2020.0,1.0,Covid-19,Anambra,1.0,0.0,0.0,2020-01-01,0.6931471805599453,-0.330298623106313,28.285714285714285,78.85714285714286,4.0,0.0,213996181.0,51.958,1.0,0.0,0.0,1.0,0.0,0.0,0.0,0.00046729805893124795
20,2020.0,1.0,Covid-19,Anambra,1.0,0.0,0.0,2020-01-01,0.6931471805599453,-0.330298623106313,28.285714285714285,78.85714285714286,4.0,0.0,213996181.0,51.958,1.0,1.0,0.0,1.0,0.0,0.0,0.0,0.00046729805893124795
20,2020.0,1.0,Covid-19,Anambra,1.0,0.0,0.0,2020-01-01,0.6931471805599453,-0.330298623106313,28.285714285714285,78.85714285714286,4.0,0.0,213996181.0,51.958,1.0,1.0,0.0,1.0,0.0,0.0,0.0,0.00046729805893124795
20,2022.0,5.0,Covid-19,Anambra,44.0,0.0,0.0,2022-01-31,3.8066624897703196,0.5709658277612636,26.61428571428572,84.57142857142857,40.9,0.0,223150896.0,53.521,1.0,1.0,0.0,11.75,21.5,0.0,43.0,0.01971759952064006
20,2022.0,5.0,Covid-19,Anambra,44.0,0.0,0.0,2022-01-31,3.8066624897703196,0.5709658277612636,26.61428571428572,84.57142857142857,40.9,0.0,223150896.0,53.521,44.0,22.5,0.0,22.5,24.826061575153908,0.0,0.0,0.01971759952064006
20,2022.0,5.0,Covid-19,Anambra,44.0,0.0,0.0,2022-01-31,3.8066624897703196,0.5709658277612636,26.61428571428572,84.57142857142857,40.9,0.0,223150896.0,53.521,44.0,44.0,0.0,33.25,21.5,0.0,0.0,0.01971759952064006
20,2022.0,5.0,Covid-19,Anambra,44.0,0.0,0.0,2022-01-31,3.8066624897703196,0.5709658277612636,26.61428571428572,84.57142857142857,40.9,0.0,223150896.0,53.521,44.0,44.0,0.0,44.0,0.0,0.0,0.0,0.01971759952064006
20,2025.0,10.0,Covid-19,Anambra,1.0,0.0,0.0,2025-03-07,0.6931471805599453,-0.330298623106313,27.61428571428572,81.71428571428571,26.4,0.0,0.0,0.0,44.0,44.0,0.0,33.25,21.5,0.0,-0.9772727272727273,0.0
20,2025.0,10.0,Covid-19,Anambra,1.0,0.0,0.0,2025-03-07,0.6931471805599453,-0.330298623106313,27.61428571428572,81.71428571428571,26.4,0.0,0.0,0.0,1.0,22.5,0.0,22.5,24.826061575153908,0.0,0.0,0.0
20,2025.0,10.0,Covid-19,Anambra,1.0,0.0,0.0,2025-03-07,0.6931471805599453,-0.330298623106313,27.61428571428572,81.71428571428571,26.4,0.0,0.0,0.0,1.0,1.0,0.0,11.75,21.5,0.0,0.0,0.0
20,2025.0,10.0,Covid-19,Anambra,1.0,0.0,0.0,2025-03-07,0.6931471805599453,-0.330298623106313,27.61428571428572,81.71428571428571,26.4,0.0,0.0,0.0,1.0,1.0,0.0,1.0,0.0,0.0,0.0,0.0
1,2020.0,1.0,Covid-19,Bauchi,3.0,0.0,0.0,2019-12-30,1.3862943611198906,-0.28837934632177453,18.67142857142857,24.0,0.0,0.0,213996181.0,51.958,0.0,0.0,0.0,3.0,0.0,0.0,0.0,0.0014018941767937438
1,2020.0,1.0,Covid-19,Bauchi,3.0,0.0,0.0,2019-12-30,1.3862943611198906,-0.28837934632177453,18.67142857142857,24.0,0.0,0.0,213996181.0,51.958,3.0,0.0,0.0,3.0,0.0,0.0,0.0,0.0014018941767937438
1,2020.0,1.0,Covid-19,Bauchi,3.0,0.0,0.0,2019-12-30,1.3862943611198906,-0.28837934632177453,18.67142857142857,24.0,0.0,0.0,213996181.0,51.958,3.0,3.0,0.0,3.0,0.0,0.0,0.0,0.0014018941767937438
1,2020.0,1.0,Covid-19,Bauchi,3.0,0.0,0.0,2019-12-30,1.3862943611198906,-0.28837934632177453,18.67142857142857,24.0,0.0,0.0,213996181.0,51.958,3.0,3.0,0.0,3.0,0.0,0.0,0.0,0.0014018941767937438
20,2020.0,1.0,Covid-19,Bauchi,6.0,0.0,0.0,2020-01-01,1.9459101490553132,-0.22550043114496687,31.27142857142857,43.57142857142857,0.0,0.0,213996181.0,51.958,3.0,3.0,0.0,3.75,1.5,0.0,1.0,0.0028037883535874876
20,2020.0,1.0,Covid-19,Bauchi,6.0,0.0,0.0,2020-01-01,1.9459101490553132,-0.22550043114496687,31.27142857142857,43.57142857142857,0.0,0.0,213996181.0,51.958,6.0,4.5,0.0,4.5,1.7320508075688772,0.0,0.0,0.0028037883535874876
20,2020.0,1.0,Covid-19,Bauchi,6.0,0.0,0.0,2020-01-01,1.9459101490553132,-0.22550043114496687,31.27142857142857,43.57142857142857,0.0,0.0,213996181.0,51.958,6.0,6.0,0.0,5.25,1.5,0.0,0.0,0.0028037883535874876
20,2020.0,1.0,Covid-19,Bauchi,6.0,0.0,0.0,2020-01-01,1.9459101490553132,-0.22550043114496687,31.27142857142857,43.57142857142857,0.0,0.0,213996181.0,51.958,6.0,6.0,0.0,6.0,0.0,0.0,0.0,0.0028037883535874876
20,2022.0,5.0,Covid-19,Bauchi,32.0,0.0,0.0,2022-01-31,3.4965075614664802,0.3194501670540329,29.9,46.285714285714285,1.2000000000000002,0.0,223150896.0,53.521,6.0,6.0,0.0,12.5,13.0,0.0,4.333333333333333,0.014340072378647317
20,2022.0,5.0,Covid-19,Bauchi,32.0,0.0,0.0,2022-01-31,3.4965075614664802,0.3194501670540329,29.9,46.285714285714285,1.2000000000000002,0.0,223150896.0,53.521,32.0,19.0,0.0,19.0,15.01110699893027,0.0,0.0,0.014340072378647317
20,2022.0,5.0,Covid-19,Bauchi,32.0,0.0,0.0,2022-01-31,3.4965075614664802,0.3194501670540329,29.9,46.285714285714285,1.2000000000000002,0.0,223150896.0,53.521,32.0,32.0,0.0,25.5,13.0,0.0,0.0,0.014340072378647317
20,2022.0,5.0,Covid-19,Bauchi,32.0,0.0,0.0,2022-01-31,3.4965075614664802,0.3194501670540329,29.9,46.285714285714285,1.2000000000000002,0.0,223150896.0,53.521,32.0,32.0,0.0,32.0,0.0,0.0,0.0,0.014340072378647317
20,2025.0,10.0,Covid-19,Bauchi,6.0,0.0,0.0,2025-03-04,1.9459101490553132,-0.22550043114496687,29.514285714285712,53.0,7.5,0.0,0.0,0.0,32.0,32.0,0.0,25.5,13.0,0.0,-0.8125,0.0
20,2025.0,10.0,Covid-19,Bauchi,6.0,0.0,0.0,2025-03-04,1.9459101490553132,-0.22550043114496687,29.514285714285712,53.0,7.5,0.0,0.0,0.0,6.0,19.0,0.0,19.0,15.01110699893027,0.0,0.0,0.0
20,2025.0,10.0,Covid-19,Bauchi,6.0,0.0,0.0,2025-03-04,1.9459101490553132,-0.22550043114496687,29.514285714285712,53.0,7.5,0.0,0.0,0.0,6.0,6.0,0.0,12.5,13.0,0.0,0.0,0.0
20,2025.0,10.0,Covid-19,Bauchi,6.0,0.0,0.0,2025-03-04,1.9459101490553132,-0.22550043114496687,29.514285714285712,53.0,7.5,0.0,0.0,0.0,6.0,6.0,0.0,6.0,0.0,0.0,0.0,0.0
36,2025.0,36.0,Covid-19,Bauchi,0.0,0.0,0.0,2025-09-01,0.0,-0.35125826149858225,23.457142857142856,84.57142857142857,56.6,0.0,0.0,0.0,6.0,6.0,0.0,4.5,3.0,0.0,-1.0,0.0
36,2025.0,36.0,Covid-19,Bauchi,0.0,0.0,0.0,2025-09-01,0.0,-0.35125826149858225,23.457142857142856,84.57142857142857,56.6,0.0,0.0,0.0,0.0,3.0,0.0,3.0,3.4641016151377544,0.0,0.0,0.0
36,2025.0,36.0,Covid-19,Bauchi,0.0,0.0,0.0,2025-09-01,0.0,-0.35125826149858225,23.457142857142856,84.57142857142857,56.6,0.0,0.0,0.0,0.0,0.0,0.0,1.5,3.0,0.0,0.0,0.0
36,2025.0,36.0,Covid-19,Bauchi,0.0,0.0,0.0,2025-09-01,0.0,-0.35125826149858225,23.457142857142856,84.57142857142857,56.6,0.0,0.0,0.0,0.0,0.0,0.0,0.0,0.0,0.0,0.0,0.0
44,2025.0,44.0,Covid-19,Bauchi,1.0,0.0,0.0,2025-10-27,0.6931471805599453,-0.330298623106313,26.071428571428573,42.57142857142857,0.0,0.0,0.0,0.0,0.0,0.0,0.0,0.25,0.5,0.0,0.0,0.0
44,2025.0,44.0,Covid-19,Bauchi,1.0,0.0,0.0,2025-10-27,0.6931471805599453,-0.330298623106313,26.071428571428573,42.57142857142857,0.0,0.0,0.0,0.0,1.0,0.5,0.0,0.5,0.5773502691896257,0.0,0.0,0.0
44,2025.0,44.0,Covid-19,Bauchi,1.0,0.0,0.0,2025-10-27,0.6931471805599453,-0.330298623106313,26.071428571428573,42.57142857142857,0.0,0.0,0.0,0.0,1.0,1.0,0.0,0.75,0.5,0.0,0.0,0.0
44,2025.0,44.0,Covid-19,Bauchi,1.0,0.0,0.0,2025-10-27,0.6931471805599453,-0.330298623106313,26.071428571428573,42.57142857142857,0.0,0.0,0.0,0.0,1.0,1.0,0.0,1.0,0.0,0.0,0.0,0.0
45,2025.0,45.0,Covid-19,Bauchi,6.0,0.0,0.0,2025-11-03,1.9459101490553132,-0.22550043114496687,26.925,34.25,0.0,0.0,0.0,0.0,1.0,1.0,0.0,2.25,2.5,0.0,5.0,0.0
45,2025.0,45.0,Covid-19,Bauchi,6.0,0.0,0.0,2025-11-03,1.9459101490553132,-0.22550043114496687,26.925,34.25,0.0,0.0,0.0,0.0,6.0,3.5,0.0,3.5,2.886751345948129,0.0,0.0,0.0
45,2025.0,45.0,Covid-19,Bauchi,6.0,0.0,0.0,2025-11-03,1.9459101490553132,-0.22550043114496687,26.925,34.25,0.0,0.0,0.0,0.0,6.0,6.0,0.0,4.75,2.5,0.0,0.0,0.0
45,2025.0,45.0,Covid-19,Bauchi,6.0,0.0,0.0,2025-11-03,1.9459101490553132,-0.22550043114496687,26.925,34.25,0.0,0.0,0.0,0.0,6.0,6.0,0.0,6.0,0.0,0.0,0.0,0.0
46,2025.0,46.0,Covid-19,Bauchi,8.0,0.0,0.0,2025-11-10,2.1972245773362196,-0.18358115436042843,0.0,0.0,0.0,0.0,0.0,0.0,6.0,6.0,0.0,6.5,1.0,0.0,0.3333333333333333,0.0
20,2022.0,5.0,Covid-19,Bayelsa,33.0,0.0,0.0,2022-01-31,3.5263605246161616,0.3404098054463021,25.7,89.85714285714286,132.7,0.0,223150896.0,53.521,0.0,0.0,0.0,33.0,0.0,0.0,0.0,0.014788199640480046
20,2022.0,5.0,Covid-19,Bayelsa,33.0,0.0,0.0,2022-01-31,3.5263605246161616,0.3404098054463021,25.7,89.85714285714286,132.7,0.0,223150896.0,53.521,33.0,0.0,0.0,33.0,0.0,0.0,0.0,0.014788199640480046
20,2022.0,5.0,Covid-19,Bayelsa,33.0,0.0,0.0,2022-01-31,3.5263605246161616,0.3404098054463021,25.7,89.85714285714286,132.7,0.0,223150896.0,53.521,33.0,33.0,0.0,33.0,0.0,0.0,0.0,0.014788199640480046
20,2022.0,5.0,Covid-19,Bayelsa,33.0,0.0,0.0,2022-01-31,3.5263605246161616,0.3404098054463021,25.7,89.85714285714286,132.7,0.0,223150896.0,53.521,33.0,33.0,0.0,33.0,0.0,0.0,0.0,0.014788199640480046
20,2025.0,18.0,Covid-19,Bayelsa,1.0,0.0,0.0,2025-05-02,0.6931471805599453,-0.330298623106313,26.442857142857143,88.57142857142857,55.6,0.0,0.0,0.0,33.0,33.0,0.0,25.0,16.0,0.0,-0.9696969696969697,0.0
20,2025.0,18.0,Covid-19,Bayelsa,1.0,0.0,0.0,2025-05-02,0.6931471805599453,-0.330298623106313,26.442857142857143,88.57142857142857,55.6,0.0,0.0,0.0,1.0,17.0,0.0,17.0,18.475208614068023,0.0,0.0,0.0
20,2025.0,18.0,Covid-19,Bayelsa,1.0,0.0,0.0,2025-05-02,0.6931471805599453,-0.330298623106313,26.442857142857143,88.57142857142857,55.6,0.0,0.0,0.0,1.0,1.0,0.0,9.0,16.0,0.0,0.0,0.0
20,2025.0,18.0,Covid-19,Bayelsa,1.0,0.0,0.0,2025-05-02,0.6931471805599453,-0.330298623106313,26.442857142857143,88.57142857142857,55.6,0.0,0.0,0.0,1.0,1.0,0.0,1.0,0.0,0.0,0.0,0.0
36,2025.0,36.0,Covid-19,Bayelsa,0.0,0.0,0.0,2025-09-01,0.0,-0.35125826149858225,25.02857142857143,86.57142857142857,29.0,0.0,0.0,0.0,1.0,1.0,0.0,0.75,0.5000000000000379,0.0,-1.0,0.0
36,2025.0,36.0,Covid-19,Bayelsa,0.0,0.0,0.0,2025-09-01,0.0,-0.35125826149858225,25.02857142857143,86.57142857142857,29.0,0.0,0.0,0.0,0.0,0.5,0.0,0.5,0.5773502691896586,0.0,0.0,0.0
36,2025.0,36.0,Covid-19,Bayelsa,0.0,0.0,0.0,2025-09-01,0.0,-0.35125826149858225,25.02857142857143,86.57142857142857,29.0,0.0,0.0,0.0,0.0,0.0,0.0,0.25,0.5000000000000379,0.0,0.0,0.0
36,2025.0,36.0,Covid-19,Bayelsa,0.0,0.0,0.0,2025-09-01,0.0,-0.35125826149858225,25.02857142857143,86.57142857142857,29.0,0.0,0.0,0.0,0.0,0.0,0.0,0.0,0.0,0.0,0.0,0.0
44,2025.0,44.0,Covid-19,Bayelsa,0.0,0.0,0.0,2025-10-27,0.0,-0.35125826149858225,25.11428571428572,92.0,84.1,0.0,0.0,0.0,0.0,0.0,0.0,0.0,0.0,0.0,0.0,0.0
44,2025.0,44.0,Covid-19,Bayelsa,0.0,0.0,0.0,2025-10-27,0.0,-0.35125826149858225,25.11428571428572,92.0,84.1,0.0,0.0,0.0,0.0,0.0,0.0,0.0,0.0,0.0,0.0,0.0
44,2025.0,44.0,Covid-19,Bayelsa,0.0,0.0,0.0,2025-10-27,0.0,-0.35125826149858225,25.11428571428572,92.0,84.1,0.0,0.0,0.0,0.0,0.0,0.0,0.0,0.0,0.0,0.0,0.0
44,2025.0,44.0,Covid-19,Bayelsa,0.0,0.0,0.0,2025-10-27,0.0,-0.35125826149858225,25.11428571428572,92.0,84.1,0.0,0.0,0.0,0.0,0.0,0.0,0.0,0.0,0.0,0.0,0.0
20,2020.0,1.0,Covid-19,Benue,1.0,0.0,0.0,2020-01-01,0.6931471805599453,-0.330298623106313,28.67142857142857,70.57142857142857,4.6000000000000005,0.0,213996181.0,51.958,0.0,0.0,0.0,1.0,0.0,0.0,0.0,0.00046729805893124795
20,2020.0,1.0,Covid-19,Benue,1.0,0.0,0.0,2020-01-01,0.6931471805599453,-0.330298623106313,28.67142857142857,70.57142857142857,4.6000000000000005,0.0,213996181.0,51.958,1.0,0.0,0.0,1.0,0.0,0.0,0.0,0.00046729805893124795
20,2020.0,1.0,Covid-19,Benue,1.0,0.0,0.0,2020-01-01,0.6931471805599453,-0.330298623106313,28.67142857142857,70.57142857142857,4.6000000000000005,0.0,213996181.0,51.958,1.0,1.0,0.0,1.0,0.0,0.0,0.0,0.00046729805893124795
20,2020.0,1.0,Covid-19,Benue,1.0,0.0,0.0,2020-01-01,0.6931471805599453,-0.330298623106313,28.67142857142857,70.57142857142857,4.6000000000000005,0.0,213996181.0,51.958,1.0,1.0,0.0,1.0,0.0,0.0,0.0,0.00046729805893124795
20,2022.0,5.0,Covid-19,Benue,42.0,0.0,0.0,2022-01-31,3.7612001156935624,0.5290465509767251,27.042857142857144,76.85714285714286,37.0,0.0,223150896.0,53.521,1.0,1.0,0.0,11.25,20.5,0.0,41.0,0.018821344996974604
20,2022.0,5.0,Covid-19,Benue,42.0,0.0,0.0,2022-01-31,3.7612001156935624,0.5290465509767251,27.042857142857144,76.85714285714286,37.0,0.0,223150896.0,53.521,42.0,21.5,0.0,21.5,23.671361036774655,0.0,0.0,0.018821344996974604
20,2022.0,5.0,Covid-19,Benue,42.0,0.0,0.0,2022-01-31,3.7612001156935624,0.5290465509767251,27.042857142857144,76.85714285714286,37.0,0.0,223150896.0,53.521,42.0,42.0,0.0,31.75,20.5,0.0,0.0,0.018821344996974604
20,2022.0,5.0,Covid-19,Benue,42.0,0.0,0.0,2022-01-31,3.7612001156935624,0.5290465509767251,27.042857142857144,76.85714285714286,37.0,0.0,223150896.0,53.521,42.0,42.0,0.0,42.0,0.0,0.0,0.0,0.018821344996974604
20,2025.0,10.0,Covid-19,Benue,1.0,0.0,0.0,2025-03-04,0.6931471805599453,-0.330298623106313,28.142857142857142,72.14285714285714,33.9,0.0,0.0,0.0,42.0,42.0,0.0,31.75,20.5,0.0,-0.9761904761904762,0.0
20,2025.0,10.0,Covid-19,Benue,1.0,0.0,0.0,2025-03-04,0.6931471805599453,-0.330298623106313,28.142857142857142,72.14285714285714,33.9,0.0,0.0,0.0,1.0,21.5,0.0,21.5,23.671361036774655,0.0,0.0,0.0
20,2025.0,10.0,Covid-19,Benue,1.0,0.0,0.0,2025-03-04,0.6931471805599453,-0.330298623106313,28.142857142857142,72.14285714285714,33.9,0.0,0.0,0.0,1.0,1.0,0.0,11.25,20.5,0.0,0.0,0.0
20,2025.0,10.0,Covid-19,Benue,1.0,0.0,0.0,2025-03-04,0.6931471805599453,-0.330298623106313,28.142857142857142,72.14285714285714,33.9,0.0,0.0,0.0,1.0,1.0,0.0,1.0,0.0,0.0,0.0,0.0
44,2025.0,44.0,Covid-19,Benue,1.0,0.0,0.0,2025-10-27,0.6931471805599453,-0.330298623106313,26.62857142857143,80.85714285714286,32.6,0.0,0.0,0.0,1.0,1.0,0.0,1.0,0.0,0.0,0.0,0.0
44,2025.0,44.0,Covid-19,Benue,1.0,0.0,0.0,2025-10-27,0.6931471805599453,-0.330298623106313,26.62857142857143,80.85714285714286,32.6,0.0,0.0,0.0,1.0,1.0,0.0,1.0,0.0,0.0,0.0,0.0
44,2025.0,44.0,Covid-19,Benue,1.0,0.0,0.0,2025-10-27,0.6931471805599453,-0.330298623106313,26.62857142857143,80.85714285714286,32.6,0.0,0.0,0.0,1.0,1.0,0.0,1.0,0.0,0.0,0.0,0.0
44,2025.0,44.0,Covid-19,Benue,1.0,0.0,0.0,2025-10-27,0.6931471805599453,-0.330298623106313,26.62857142857143,80.85714285714286,32.6,0.0,0.0,0.0,1.0,1.0,0.0,1.0,0.0,0.0,0.0,0.0
45,2025.0,45.0,Covid-19,Benue,1.0,0.0,0.0,2025-11-03,0.6931471805599453,-0.330298623106313,26.875,79.75,8.3,0.0,0.0,0.0,1.0,1.0,0.0,1.0,0.0,0.0,0.0,0.0
45,2025.0,45.0,Covid-19,Benue,1.0,0.0,0.0,2025-11-03,0.6931471805599453,-0.330298623106313,26.875,79.75,8.3,0.0,0.0,0.0,1.0,1.0,0.0,1.0,0.0,0.0,0.0,0.0
45,2025.0,45.0,Covid-19,Benue,1.0,0.0,0.0,2025-11-03,0.6931471805599453,-0.330298623106313,26.875,79.75,8.3,0.0,0.0,0.0,1.0,1.0,0.0,1.0,0.0,0.0,0.0,0.0
45,2025.0,45.0,Covid-19,Benue,1.0,0.0,0.0,2025-11-03,0.6931471805599453,-0.330298623106313,26.875,79.75,8.3,0.0,0.0,0.0,1.0,1.0,0.0,1.0,0.0,0.0,0.0,0.0
20,2020.0,1.0,Covid-19,Borno,30.0,2.0,6.67,2020-01-01,3.4339872044851463,0.27753089026949446,33.614285714285714,29.714285714285715,0.0,0.0,213996181.0,51.958,0.0,0.0,0.0,30.0,0.0,2.0,0.0,0.014018941767937438
20,2020.0,1.0,Covid-19,Borno,30.0,2.0,6.67,2020-01-01,3.4339872044851463,0.27753089026949446,33.614285714285714,29.714285714285715,0.0,0.0,213996181.0,51.958,30.0,0.0,2.0,30.0,0.0,2.0,0.0,0.014018941767937438
20,2020.0,1.0,Covid-19,Borno,30.0,2.0,6.67,2020-01-01,3.4339872044851463,0.27753089026949446,33.614285714285714,29.714285714285715,0.0,0.0,213996181.0,51.958,30.0,30.0,2.0,30.0,0.0,2.0,0.0,0.014018941767937438
20,2020.0,1.0,Covid-19,Borno,30.0,2.0,6.67,2020-01-01,3.4339872044851463,0.27753089026949446,33.614285714285714,29.714285714285715,0.0,0.0,213996181.0,51.958,30.0,30.0,2.0,30.0,0.0,2.0,0.0,0.014018941767937438
20,2022.0,5.0,Covid-19,Borno,12.0,0.0,0.0,2022-01-31,2.5649493574615367,-0.09974260079135154,31.585714285714285,39.285714285714285,0.8,0.0,223150896.0,53.521,30.0,30.0,2.0,25.5,9.0,1.5,-0.6,0.005377527141992744
20,2022.0,5.0,Covid-19,Borno,12.0,0.0,0.0,2022-01-31,2.5649493574615367,-0.09974260079135154,31.585714285714285,39.285714285714285,0.8,0.0,223150896.0,53.521,12.0,21.0,0.0,21.0,10.392304845413264,1.0,0.0,0.005377527141992744
20,2022.0,5.0,Covid-19,Borno,12.0,0.0,0.0,2022-01-31,2.5649493574615367,-0.09974260079135154,31.585714285714285,39.285714285714285,0.8,0.0,223150896.0,53.521,12.0,12.0,0.0,16.5,9.0,0.5,0.0,0.005377527141992744
20,2022.0,5.0,Covid-19,Borno,12.0,0.0,0.0,2022-01-31,2.5649493574615367,-0.09974260079135154,31.585714285714285,39.285714285714285,0.8,0.0,223150896.0,53.521,12.0,12.0,0.0,12.0,0.0,0.0,0.0,0.005377527141992744
20,2025.0,18.0,Covid-19,Borno,30.0,2.0,6.67,2025-05-02,3.4339872044851463,0.27753089026949446,32.31428571428571,42.0,1.8,0.0,0.0,0.0,12.0,12.0,0.0,16.5,9.0,0.5,1.5,0.0
20,2025.0,18.0,Covid-19,Borno,30.0,2.0,6.67,2025-05-02,3.4339872044851463,0.27753089026949446,32.31428571428571,42.0,1.8,0.0,0.0,0.0,30.0,21.0,2.0,21.0,10.392304845413264,1.0,0.0,0.0
20,2025.0,18.0,Covid-19,Borno,30.0,2.0,6.67,2025-05-02,3.4339872044851463,0.27753089026949446,32.31428571428571,42.0,1.8,0.0,0.0,0.0,30.0,30.0,2.0,25.5,9.0,1.5,0.0,0.0
20,2025.0,18.0,Covid-19,Borno,30.0,2.0,6.67,2025-05-02,3.4339872044851463,0.27753089026949446,32.31428571428571,42.0,1.8,0.0,0.0,0.0,30.0,30.0,2.0,30.0,0.0,2.0,0.0,0.0
46,2025.0,46.0,Covid-19,Borno,12.0,2.0,16.67,2025-11-10,2.5649493574615367,-0.09974260079135154,0.0,0.0,0.0,0.0,0.0,0.0,30.0,30.0,2.0,25.5,9.0,2.0,-0.6,0.0
20,2022.0,5.0,Covid-19,Cross River,15.0,0.0,0.0,2022-01-31,2.772588722239781,-0.036863685614543874,26.12857142857143,88.14285714285714,63.900000000000006,0.0,223150896.0,53.521,0.0,0.0,0.0,15.0,0.0,0.0,0.0,0.00672190892749093
20,2022.0,5.0,Covid-19,Cross River,15.0,0.0,0.0,2022-01-31,2.772588722239781,-0.036863685614543874,26.12857142857143,88.14285714285714,63.900000000000006,0.0,223150896.0,53.521,15.0,0.0,0.0,15.0,0.0,0.0,0.0,0.00672190892749093
20,2022.0,5.0,Covid-19,Cross River,15.0,0.0,0.0,2022-01-31,2.772588722239781,-0.036863685614543874,26.12857142857143,88.14285714285714,63.900000000000006,0.0,223150896.0,53.521,15.0,15.0,0.0,15.0,0.0,0.0,0.0,0.00672190892749093
20,2022.0,5.0,Covid-19,Cross River,15.0,0.0,0.0,2022-01-31,2.772588722239781,-0.036863685614543874,26.12857142857143,88.14285714285714,63.900000000000006,0.0,223150896.0,53.521,15.0,15.0,0.0,15.0,0.0,0.0,0.0,0.00672190892749093
20,2025.0,30.0,Covid-19,Cross River,0.0,0.0,0.0,2025-07-24,0.0,-0.35125826149858225,28.12857142857143,77.14285714285714,31.3,0.0,0.0,0.0,15.0,15.0,0.0,11.25,7.5,0.0,-1.0,0.0
20,2025.0,30.0,Covid-19,Cross River,0.0,0.0,0.0,2025-07-24,0.0,-0.35125826149858225,28.12857142857143,77.14285714285714,31.3,0.0,0.0,0.0,0.0,7.5,0.0,7.5,8.660254037844387,0.0,0.0,0.0
20,2025.0,30.0,Covid-19,Cross River,0.0,0.0,0.0,2025-07-24,0.0,-0.35125826149858225,28.12857142857143,77.14285714285714,31.3,0.0,0.0,0.0,0.0,0.0,0.0,3.75,7.5,0.0,0.0,0.0
20,2025.0,30.0,Covid-19,Cross River,0.0,0.0,0.0,2025-07-24,0.0,-0.35125826149858225,28.12857142857143,77.14285714285714,31.3,0.0,0.0,0.0,0.0,0.0,0.0,0.0,0.0,0.0,0.0,0.0
36,2025.0,36.0,Covid-19,Cross River,0.0,0.0,0.0,2025-09-01,0.0,-0.35125826149858225,25.042857142857144,89.0,59.1,0.0,0.0,0.0,0.0,0.0,0.0,0.0,0.0,0.0,0.0,0.0
36,2025.0,36.0,Covid-19,Cross River,0.0,0.0,0.0,2025-09-01,0.0,-0.35125826149858225,25.042857142857144,89.0,59.1,0.0,0.0,0.0,0.0,0.0,0.0,0.0,0.0,0.0,0.0,0.0
36,2025.0,36.0,Covid-19,Cross River,0.0,0.0,0.0,2025-09-01,0.0,-0.35125826149858225,25.042857142857144,89.0,59.1,0.0,0.0,0.0,0.0,0.0,0.0,0.0,0.0,0.0,0.0,0.0
36,2025.0,36.0,Covid-19,Cross River,0.0,0.0,0.0,2025-09-01,0.0,-0.35125826149858225,25.042857142857144,89.0,59.1,0.0,0.0,0.0,0.0,0.0,0.0,0.0,0.0,0.0,0.0,0.0
44,2025.0,44.0,Covid-19,Cross River,0.0,0.0,0.0,2025-10-27,0.0,-0.35125826149858225,25.82857142857143,88.57142857142857,187.9,0.0,0.0,0.0,0.0,0.0,0.0,0.0,0.0,0.0,0.0,0.0
44,2025.0,44.0,Covid-19,Cross River,0.0,0.0,0.0,2025-10-27,0.0,-0.35125826149858225,25.82857142857143,88.57142857142857,187.9,0.0,0.0,0.0,0.0,0.0,0.0,0.0,0.0,0.0,0.0,0.0
44,2025.0,44.0,Covid-19,Cross River,0.0,0.0,0.0,2025-10-27,0.0,-0.35125826149858225,25.82857142857143,88.57142857142857,187.9,0.0,0.0,0.0,0.0,0.0,0.0,0.0,0.0,0.0,0.0,0.0
44,2025.0,44.0,Covid-19,Cross River,0.0,0.0,0.0,2025-10-27,0.0,-0.35125826149858225,25.82857142857143,88.57142857142857,187.9,0.0,0.0,0.0,0.0,0.0,0.0,0.0,0.0,0.0,0.0,0.0
1,2020.0,1.0,Covid-19,Delta,6.0,1.0,16.67,2019-12-30,1.9459101490553132,-0.22550043114496687,26.228571428571428,51.71428571428572,0.0,0.0,213996181.0,51.958,0.0,0.0,0.0,6.0,0.0,1.0,0.0,0.0028037883535874876
1,2020.0,1.0,Covid-19,Delta,6.0,1.0,16.67,2019-12-30,1.9459101490553132,-0.22550043114496687,26.228571428571428,51.71428571428572,0.0,0.0,213996181.0,51.958,6.0,0.0,1.0,6.0,0.0,1.0,0.0,0.0028037883535874876
1,2020.0,1.0,Covid-19,Delta,6.0,1.0,16.67,2019-12-30,1.9459101490553132,-0.22550043114496687,26.228571428571428,51.71428571428572,0.0,0.0,213996181.0,51.958,6.0,6.0,1.0,6.0,0.0,1.0,0.0,0.0028037883535874876
1,2020.0,1.0,Covid-19,Delta,6.0,1.0,16.67,2019-12-30,1.9459101490553132,-0.22550043114496687,26.228571428571428,51.71428571428572,0.0,0.0,213996181.0,51.958,6.0,6.0,1.0,6.0,0.0,1.0,0.0,0.0028037883535874876
20,2020.0,1.0,Covid-19,Delta,3.0,1.0,33.33,2020-01-01,1.3862943611198906,-0.28837934632177453,26.9,87.14285714285714,27.0,0.0,213996181.0,51.958,6.0,6.0,1.0,5.25,1.5,1.0,-0.5,0.0014018941767937438
20,2020.0,1.0,Covid-19,Delta,3.0,1.0,33.33,2020-01-01,1.3862943611198906,-0.28837934632177453,26.9,87.14285714285714,27.0,0.0,213996181.0,51.958,3.0,4.5,1.0,4.5,1.7320508075688772,1.0,0.0,0.0014018941767937438
20,2020.0,1.0,Covid-19,Delta,3.0,1.0,33.33,2020-01-01,1.3862943611198906,-0.28837934632177453,26.9,87.14285714285714,27.0,0.0,213996181.0,51.958,3.0,3.0,1.0,3.75,1.5,1.0,0.0,0.0014018941767937438
20,2020.0,1.0,Covid-19,Delta,3.0,1.0,33.33,2020-01-01,1.3862943611198906,-0.28837934632177453,26.9,87.14285714285714,27.0,0.0,213996181.0,51.958,3.0,3.0,1.0,3.0,0.0,1.0,0.0,0.0014018941767937438
20,2022.0,5.0,Covid-19,Delta,52.0,0.0,0.0,2022-01-31,3.970291913552122,0.7386429348994173,25.485714285714288,90.28571428571428,65.4,0.0,223150896.0,53.521,3.0,3.0,1.0,15.25,24.5,0.75,16.333333333333332,0.02330261761530189
20,2022.0,5.0,Covid-19,Delta,52.0,0.0,0.0,2022-01-31,3.970291913552122,0.7386429348994173,25.485714285714288,90.28571428571428,65.4,0.0,223150896.0,53.521,52.0,27.5,0.0,27.5,28.290163190291665,0.5,0.0,0.02330261761530189
20,2022.0,5.0,Covid-19,Delta,52.0,0.0,0.0,2022-01-31,3.970291913552122,0.7386429348994173,25.485714285714288,90.28571428571428,65.4,0.0,223150896.0,53.521,52.0,52.0,0.0,39.75,24.5,0.25,0.0,0.02330261761530189
20,2022.0,5.0,Covid-19,Delta,52.0,0.0,0.0,2022-01-31,3.970291913552122,0.7386429348994173,25.485714285714288,90.28571428571428,65.4,0.0,223150896.0,53.521,52.0,52.0,0.0,52.0,0.0,0.0,0.0,0.02330261761530189
20,2025.0,10.0,Covid-19,Delta,3.0,1.0,33.33,2025-03-07,1.3862943611198906,-0.28837934632177453,26.642857142857142,87.42857142857143,58.8,0.0,0.0,0.0,52.0,52.0,0.0,39.75,24.5,0.25,-0.9423076923076923,0.0
20,2025.0,10.0,Covid-19,Delta,3.0,1.0,33.33,2025-03-07,1.3862943611198906,-0.28837934632177453,26.642857142857142,87.42857142857143,58.8,0.0,0.0,0.0,3.0,27.5,1.0,27.5,28.290163190291665,0.5,0.0,0.0
20,2025.0,10.0,Covid-19,Delta,3.0,1.0,33.33,2025-03-07,1.3862943611198906,-0.28837934632177453,26.642857142857142,87.42857142857143,58.8,0.0,0.0,0.0,3.0,3.0,1.0,15.25,24.500000000000004,0.75,0.0,0.0
20,2025.0,10.0,Covid-19,Delta,3.0,1.0,33.33,2025-03-07,1.3862943611198906,-0.28837934632177453,26.642857142857142,87.42857142857143,58.8,0.0,0.0,0.0,3.0,3.0,1.0,3.0,0.0,1.0,0.0,0.0
36,2025.0,36.0,Covid-19,Delta,0.0,0.0,0.0,2025-09-01,0.0,-0.35125826149858225,25.0,88.14285714285714,44.3,0.0,0.0,0.0,3.0,3.0,1.0,2.25,1.5000000000000262,0.75,-1.0,0.0
36,2025.0,36.0,Covid-19,Delta,0.0,0.0,0.0,2025-09-01,0.0,-0.35125826149858225,25.0,88.14285714285714,44.3,0.0,0.0,0.0,0.0,1.5,0.0,1.5,1.7320508075689007,0.5,0.0,0.0
36,2025.0,36.0,Covid-19,Delta,0.0,0.0,0.0,2025-09-01,0.0,-0.35125826149858225,25.0,88.14285714285714,44.3,0.0,0.0,0.0,0.0,0.0,0.0,0.75,1.500000000000028,0.25,0.0,0.0
36,2025.0,36.0,Covid-19,Delta,0.0,0.0,0.0,2025-09-01,0.0,-0.35125826149858225,25.0,88.14285714285714,44.3,0.0,0.0,0.0,0.0,0.0,0.0,0.0,0.0,0.0,0.0,0.0
44,2025.0,44.0,Covid-19,Delta,0.0,0.0,0.0,2025-10-27,0.0,-0.35125826149858225,25.414285714285715,90.57142857142856,52.4,0.0,0.0,0.0,0.0,0.0,0.0,0.0,0.0,0.0,0.0,0.0
44,2025.0,44.0,Covid-19,Delta,0.0,0.0,0.0,2025-10-27,0.0,-0.35125826149858225,25.414285714285715,90.57142857142856,52.4,0.0,0.0,0.0,0.0,0.0,0.0,0.0,0.0,0.0,0.0,0.0
44,2025.0,44.0,Covid-19,Delta,0.0,0.0,0.0,2025-10-27,0.0,-0.35125826149858225,25.414285714285715,90.57142857142856,52.4,0.0,0.0,0.0,0.0,0.0,0.0,0.0,0.0,0.0,0.0,0.0
44,2025.0,44.0,Covid-19,Delta,0.0,0.0,0.0,2025-10-27,0.0,-0.35125826149858225,25.414285714285715,90.57142857142856,52.4,0.0,0.0,0.0,0.0,0.0,0.0,0.0,0.0,0.0,0.0,0.0
46,2025.0,46.0,Covid-19,Delta,6.0,1.0,16.67,2025-11-10,1.9459101490553132,-0.22550043114496687,0.0,0.0,0.0,0.0,0.0,0.0,0.0,0.0,0.0,1.5,3.0000000000000133,0.25,0.0,0.0
20,2022.0,7.0,Covid-19,Ebonyi,54.0,0.0,0.0,2022-02-14,4.007333185232471,0.7805622116839558,26.82857142857143,82.57142857142857,32.9,0.0,223150896.0,53.521,0.0,0.0,0.0,54.0,0.0,0.0,0.0,0.024198872138967348
20,2022.0,7.0,Covid-19,Ebonyi,54.0,0.0,0.0,2022-02-14,4.007333185232471,0.7805622116839558,26.82857142857143,82.57142857142857,32.9,0.0,223150896.0,53.521,54.0,0.0,0.0,54.0,0.0,0.0,0.0,0.024198872138967348
20,2022.0,7.0,Covid-19,Ebonyi,54.0,0.0,0.0,2022-02-14,4.007333185232471,0.7805622116839558,26.82857142857143,82.57142857142857,32.9,0.0,223150896.0,53.521,54.0,54.0,0.0,54.0,0.0,0.0,0.0,0.024198872138967348
20,2025.0,18.0,Covid-19,Ebonyi,1.0,0.0,0.0,2025-05-02,0.6931471805599453,-0.330298623106313,28.642857142857142,73.0,17.200000000000003,0.0,0.0,0.0,54.0,54.0,0.0,40.75,26.5,0.0,-0.9814814814814815,0.0
20,2025.0,18.0,Covid-19,Ebonyi,1.0,0.0,0.0,2025-05-02,0.6931471805599453,-0.330298623106313,28.642857142857142,73.0,17.200000000000003,0.0,0.0,0.0,1.0,27.5,0.0,27.5,30.599564267050166,0.0,0.0,0.0
20,2025.0,18.0,Covid-19,Ebonyi,1.0,0.0,0.0,2025-05-02,0.6931471805599453,-0.330298623106313,28.642857142857142,73.0,17.200000000000003,0.0,0.0,0.0,1.0,1.0,0.0,14.25,26.5,0.0,0.0,0.0
36,2025.0,36.0,Covid-19,Ebonyi,0.0,0.0,0.0,2025-09-01,0.0,-0.35125826149858225,25.25714285714286,87.28571428571429,56.4,0.0,0.0,0.0,1.0,1.0,0.0,0.75,0.4999999999999991,0.0,-1.0,0.0
36,2025.0,36.0,Covid-19,Ebonyi,0.0,0.0,0.0,2025-09-01,0.0,-0.35125826149858225,25.25714285714286,87.28571428571429,56.4,0.0,0.0,0.0,0.0,0.5,0.0,0.5,0.5773502691896242,0.0,0.0,0.0
36,2025.0,36.0,Covid-19,Ebonyi,0.0,0.0,0.0,2025-09-01,0.0,-0.35125826149858225,25.25714285714286,87.28571428571429,56.4,0.0,0.0,0.0,0.0,0.0,0.0,0.25,0.49999999999999734,0.0,0.0,0.0
44,2025.0,44.0,Covid-19,Ebonyi,0.0,0.0,0.0,2025-10-27,0.0,-0.35125826149858225,26.32857142857143,85.71428571428571,50.2,0.0,0.0,0.0,0.0,0.0,0.0,0.0,0.0,0.0,0.0,0.0
44,2025.0,44.0,Covid-19,Ebonyi,0.0,0.0,0.0,2025-10-27,0.0,-0.35125826149858225,26.32857142857143,85.71428571428571,50.2,0.0,0.0,0.0,0.0,0.0,0.0,0.0,0.0,0.0,0.0,0.0
44,2025.0,44.0,Covid-19,Ebonyi,0.0,0.0,0.0,2025-10-27,0.0,-0.35125826149858225,26.32857142857143,85.71428571428571,50.2,0.0,0.0,0.0,0.0,0.0,0.0,0.0,0.0,0.0,0.0,0.0
1,2020.0,1.0,Covid-19,Edo,7.0,1.0,14.29,2019-12-30,2.0794415416798357,-0.20454079275269765,26.24285714285714,42.142857142857146,0.0,0.0,213996181.0,51.958,0.0,0.0,0.0,7.0,0.0,1.0,0.0,0.0032710864125187356
1,2020.0,1.0,Covid-19,Edo,7.0,1.0,14.29,2019-12-30,2.0794415416798357,-0.20454079275269765,26.24285714285714,42.142857142857146,0.0,0.0,213996181.0,51.958,7.0,0.0,1.0,7.0,0.0,1.0,0.0,0.0032710864125187356
1,2020.0,1.0,Covid-19,Edo,7.0,1.0,14.29,2019-12-30,2.0794415416798357,-0.20454079275269765,26.24285714285714,42.142857142857146,0.0,0.0,213996181.0,51.958,7.0,7.0,1.0,7.0,0.0,1.0,0.0,0.0032710864125187356
1,2020.0,1.0,Covid-19,Edo,7.0,1.0,14.29,2019-12-30,2.0794415416798357,-0.20454079275269765,26.24285714285714,42.142857142857146,0.0,0.0,213996181.0,51.958,7.0,7.0,1.0,7.0,0.0,1.0,0.0,0.0032710864125187356
20,2020.0,1.0,Covid-19,Edo,15.0,1.0,6.67,2020-01-01,2.772588722239781,-0.036863685614543874,26.942857142857143,86.14285714285714,24.4,0.0,213996181.0,51.958,7.0,7.0,1.0,9.0,4.0,1.0,1.1428571428571428,0.007009470883968719
20,2020.0,1.0,Covid-19,Edo,15.0,1.0,6.67,2020-01-01,2.772588722239781,-0.036863685614543874,26.942857142857143,86.14285714285714,24.4,0.0,213996181.0,51.958,15.0,11.0,1.0,11.0,4.618802153517006,1.0,0.0,0.007009470883968719
20,2020.0,1.0,Covid-19,Edo,15.0,1.0,6.67,2020-01-01,2.772588722239781,-0.036863685614543874,26.942857142857143,86.14285714285714,24.4,0.0,213996181.0,51.958,15.0,15.0,1.0,13.0,4.0,1.0,0.0,0.007009470883968719
20,2020.0,1.0,Covid-19,Edo,15.0,1.0,6.67,2020-01-01,2.772588722239781,-0.036863685614543874,26.942857142857143,86.14285714285714,24.4,0.0,213996181.0,51.958,15.0,15.0,1.0,15.0,0.0,1.0,0.0,0.007009470883968719
20,2022.0,5.0,Covid-19,Edo,46.0,0.0,0.0,2022-01-31,3.8501476017100584,0.612885104545802,25.857142857142858,88.14285714285714,28.6,0.0,223150896.0,53.521,15.0,15.0,1.0,22.75,15.5,0.75,2.066666666666667,0.02061385404430552
20,2022.0,5.0,Covid-19,Edo,46.0,0.0,0.0,2022-01-31,3.8501476017100584,0.612885104545802,25.857142857142858,88.14285714285714,28.6,0.0,223150896.0,53.521,46.0,30.5,0.0,30.5,17.897858344878397,0.5,0.0,0.02061385404430552
20,2022.0,5.0,Covid-19,Edo,46.0,0.0,0.0,2022-01-31,3.8501476017100584,0.612885104545802,25.857142857142858,88.14285714285714,28.6,0.0,223150896.0,53.521,46.0,46.0,0.0,38.25,15.500000000000002,0.25,0.0,0.02061385404430552
20,2022.0,5.0,Covid-19,Edo,46.0,0.0,0.0,2022-01-31,3.8501476017100584,0.612885104545802,25.857142857142858,88.14285714285714,28.6,0.0,223150896.0,53.521,46.0,46.0,0.0,46.0,0.0,0.0,0.0,0.02061385404430552
20,2025.0,10.0,Covid-19,Edo,7.0,1.0,14.29,2025-03-04,2.0794415416798357,-0.20454079275269765,26.585714285714285,85.85714285714286,40.9,0.0,0.0,0.0,46.0,46.0,0.0,36.25,19.5,0.25,-0.8478260869565217,0.0
20,2025.0,10.0,Covid-19,Edo,7.0,1.0,14.29,2025-03-04,2.0794415416798357,-0.20454079275269765,26.585714285714285,85.85714285714286,40.9,0.0,0.0,0.0,7.0,26.5,1.0,26.5,22.516660498395403,0.5,0.0,0.0
20,2025.0,10.0,Covid-19,Edo,7.0,1.0,14.29,2025-03-04,2.0794415416798357,-0.20454079275269765,26.585714285714285,85.85714285714286,40.9,0.0,0.0,0.0,7.0,7.0,1.0,16.75,19.5,0.75,0.0,0.0
20,2025.0,10.0,Covid-19,Edo,7.0,1.0,14.29,2025-03-04,2.0794415416798357,-0.20454079275269765,26.585714285714285,85.85714285714286,40.9,0.0,0.0,0.0,7.0,7.0,1.0,7.0,0.0,1.0,0.0,0.0
44,2025.0,44.0,Covid-19,Edo,1.0,0.0,0.0,2025-10-27,0.6931471805599453,-0.330298623106313,25.65714285714285,88.71428571428571,5.2,0.0,0.0,0.0,7.0,7.0,1.0,5.5,3.0,0.75,-0.8571428571428571,0.0
44,2025.0,44.0,Covid-19,Edo,1.0,0.0,0.0,2025-10-27,0.6931471805599453,-0.330298623106313,25.65714285714285,88.71428571428571,5.2,0.0,0.0,0.0,1.0,4.0,0.0,4.0,3.4641016151377544,0.5,0.0,0.0
44,2025.0,44.0,Covid-19,Edo,1.0,0.0,0.0,2025-10-27,0.6931471805599453,-0.330298623106313,25.65714285714285,88.71428571428571,5.2,0.0,0.0,0.0,1.0,1.0,0.0,2.5,3.0,0.25,0.0,0.0
44,2025.0,44.0,Covid-19,Edo,1.0,0.0,0.0,2025-10-27,0.6931471805599453,-0.330298623106313,25.65714285714285,88.71428571428571,5.2,0.0,0.0,0.0,1.0,1.0,0.0,1.0,0.0,0.0,0.0,0.0
45,2025.0,45.0,Covid-19,Edo,0.0,0.0,0.0,2025-11-03,0.0,-0.35125826149858225,25.3,90.0,38.8,0.0,0.0,0.0,1.0,1.0,0.0,0.75,0.5,0.0,-1.0,0.0
45,2025.0,45.0,Covid-19,Edo,0.0,0.0,0.0,2025-11-03,0.0,-0.35125826149858225,25.3,90.0,38.8,0.0,0.0,0.0,0.0,0.5,0.0,0.5,0.5773502691896257,0.0,0.0,0.0
45,2025.0,45.0,Covid-19,Edo,0.0,0.0,0.0,2025-11-03,0.0,-0.35125826149858225,25.3,90.0,38.8,0.0,0.0,0.0,0.0,0.0,0.0,0.25,0.5,0.0,0.0,0.0
45,2025.0,45.0,Covid-19,Edo,0.0,0.0,0.0,2025-11-03,0.0,-0.35125826149858225,25.3,90.0,38.8,0.0,0.0,0.0,0.0,0.0,0.0,0.0,0.0,0.0,0.0,0.0
46,2025.0,46.0,Covid-19,Edo,17.0,2.0,11.76,2025-11-10,2.8903717578961645,0.005055591169994571,0.0,0.0,0.0,0.0,0.0,0.0,0.0,0.0,0.0,4.25,8.5,0.5,0.0,0.0
48,2025.0,48.0,Covid-19,Edo,0.0,0.0,0.0,2025-11-24,0.0,-0.35125826149858225,0.0,0.0,0.0,0.0,0.0,0.0,17.0,8.5,2.0,4.25,8.5,0.5,-1.0,0.0
20,2020.0,1.0,Covid-19,Ekiti,2.0,0.0,0.0,2020-01-01,1.0986122886681098,-0.30933898471404375,26.142857142857142,81.0,2.8,0.0,213996181.0,51.958,0.0,0.0,0.0,2.0,0.0,0.0,0.0,0.0009345961178624959
20,2020.0,1.0,Covid-19,Ekiti,2.0,0.0,0.0,2020-01-01,1.0986122886681098,-0.30933898471404375,26.142857142857142,81.0,2.8,0.0,213996181.0,51.958,2.0,0.0,0.0,2.0,0.0,0.0,0.0,0.0009345961178624959
20,2020.0,1.0,Covid-19,Ekiti,2.0,0.0,0.0,2020-01-01,1.0986122886681098,-0.30933898471404375,26.142857142857142,81.0,2.8,0.0,213996181.0,51.958,2.0,2.0,0.0,2.0,0.0,0.0,0.0,0.0009345961178624959
20,2020.0,1.0,Covid-19,Ekiti,2.0,0.0,0.0,2020-01-01,1.0986122886681098,-0.30933898471404375,26.142857142857142,81.0,2.8,0.0,213996181.0,51.958,2.0,2.0,0.0,2.0,0.0,0.0,0.0,0.0009345961178624959
20,2025.0,10.0,Covid-19,Ekiti,2.0,0.0,0.0,2025-03-04,1.0986122886681098,-0.30933898471404375,25.62857142857143,82.71428571428571,12.5,0.0,0.0,0.0,2.0,2.0,0.0,2.0,0.0,0.0,0.0,0.0
20,2025.0,10.0,Covid-19,Ekiti,2.0,0.0,0.0,2025-03-04,1.0986122886681098,-0.30933898471404375,25.62857142857143,82.71428571428571,12.5,0.0,0.0,0.0,2.0,2.0,0.0,2.0,0.0,0.0,0.0,0.0
20,2025.0,10.0,Covid-19,Ekiti,2.0,0.0,0.0,2025-03-04,1.0986122886681098,-0.30933898471404375,25.62857142857143,82.71428571428571,12.5,0.0,0.0,0.0,2.0,2.0,0.0,2.0,0.0,0.0,0.0,0.0
20,2025.0,10.0,Covid-19,Ekiti,2.0,0.0,0.0,2025-03-04,1.0986122886681098,-0.30933898471404375,25.62857142857143,82.71428571428571,12.5,0.0,0.0,0.0,2.0,2.0,0.0,2.0,0.0,0.0,0.0,0.0
36,2025.0,36.0,Covid-19,Ekiti,1.0,0.0,0.0,2025-09-01,0.6931471805599453,-0.330298623106313,23.685714285714287,84.85714285714286,10.6,0.0,0.0,0.0,2.0,2.0,0.0,1.75,0.5,0.0,-0.5,0.0
36,2025.0,36.0,Covid-19,Ekiti,1.0,0.0,0.0,2025-09-01,0.6931471805599453,-0.330298623106313,23.685714285714287,84.85714285714286,10.6,0.0,0.0,0.0,1.0,1.5,0.0,1.5,0.5773502691896257,0.0,0.0,0.0
36,2025.0,36.0,Covid-19,Ekiti,1.0,0.0,0.0,2025-09-01,0.6931471805599453,-0.330298623106313,23.685714285714287,84.85714285714286,10.6,0.0,0.0,0.0,1.0,1.0,0.0,1.25,0.5,0.0,0.0,0.0
36,2025.0,36.0,Covid-19,Ekiti,1.0,0.0,0.0,2025-09-01,0.6931471805599453,-0.330298623106313,23.685714285714287,84.85714285714286,10.6,0.0,0.0,0.0,1.0,1.0,0.0,1.0,0.0,0.0,0.0,0.0
44,2025.0,44.0,Covid-19,Ekiti,1.0,0.0,0.0,2025-10-27,0.6931471805599453,-0.330298623106313,25.685714285714287,77.57142857142857,1.6,0.0,0.0,0.0,1.0,1.0,0.0,1.0,0.0,0.0,0.0,0.0
44,2025.0,44.0,Covid-19,Ekiti,1.0,0.0,0.0,2025-10-27,0.6931471805599453,-0.330298623106313,25.685714285714287,77.57142857142857,1.6,0.0,0.0,0.0,1.0,1.0,0.0,1.0,0.0,0.0,0.0,0.0
44,2025.0,44.0,Covid-19,Ekiti,1.0,0.0,0.0,2025-10-27,0.6931471805599453,-0.330298623106313,25.685714285714287,77.57142857142857,1.6,0.0,0.0,0.0,1.0,1.0,0.0,1.0,0.0,0.0,0.0,0.0
44,2025.0,44.0,Covid-19,Ekiti,1.0,0.0,0.0,2025-10-27,0.6931471805599453,-0.330298623106313,25.685714285714287,77.57142857142857,1.6,0.0,0.0,0.0,1.0,1.0,0.0,1.0,0.0,0.0,0.0,0.0
45,2025.0,45.0,Covid-19,Ekiti,2.0,0.0,0.0,2025-11-03,1.0986122886681098,-0.30933898471404375,24.875,84.0,14.2,0.0,0.0,0.0,1.0,1.0,0.0,1.25,0.5,0.0,1.0,0.0
45,2025.0,45.0,Covid-19,Ekiti,2.0,0.0,0.0,2025-11-03,1.0986122886681098,-0.30933898471404375,24.875,84.0,14.2,0.0,0.0,0.0,2.0,1.5,0.0,1.5,0.5773502691896257,0.0,0.0,0.0
45,2025.0,45.0,Covid-19,Ekiti,2.0,0.0,0.0,2025-11-03,1.0986122886681098,-0.30933898471404375,24.875,84.0,14.2,0.0,0.0,0.0,2.0,2.0,0.0,1.75,0.5,0.0,0.0,0.0
45,2025.0,45.0,Covid-19,Ekiti,2.0,0.0,0.0,2025-11-03,1.0986122886681098,-0.30933898471404375,24.875,84.0,14.2,0.0,0.0,0.0,2.0,2.0,0.0,2.0,0.0,0.0,0.0,0.0
46,2025.0,46.0,Covid-19,Ekiti,4.0,1.0,25.0,2025-11-10,1.6094379124341003,-0.2674197079295053,0.0,0.0,0.0,0.0,0.0,0.0,2.0,2.0,0.0,2.5,1.0,0.25,1.0,0.0
20,2020.0,1.0,Covid-19,Enugu,2.0,0.0,0.0,2020-01-01,1.0986122886681098,-0.30933898471404375,27.52857142857143,78.57142857142857,11.2,0.0,213996181.0,51.958,0.0,0.0,0.0,2.0,0.0,0.0,0.0,0.0009345961178624959
20,2020.0,1.0,Covid-19,Enugu,2.0,0.0,0.0,2020-01-01,1.0986122886681098,-0.30933898471404375,27.52857142857143,78.57142857142857,11.2,0.0,213996181.0,51.958,2.0,0.0,0.0,2.0,0.0,0.0,0.0,0.0009345961178624959
20,2020.0,1.0,Covid-19,Enugu,2.0,0.0,0.0,2020-01-01,1.0986122886681098,-0.30933898471404375,27.52857142857143,78.57142857142857,11.2,0.0,213996181.0,51.958,2.0,2.0,0.0,2.0,0.0,0.0,0.0,0.0009345961178624959
20,2020.0,1.0,Covid-19,Enugu,2.0,0.0,0.0,2020-01-01,1.0986122886681098,-0.30933898471404375,27.52857142857143,78.57142857142857,11.2,0.0,213996181.0,51.958,2.0,2.0,0.0,2.0,0.0,0.0,0.0,0.0009345961178624959
20,2022.0,5.0,Covid-19,Enugu,30.0,0.0,0.0,2022-01-31,3.4339872044851463,0.27753089026949446,25.88571428571429,84.0,39.4,0.0,223150896.0,53.521,2.0,2.0,0.0,9.0,14.0,0.0,14.0,0.01344381785498186
20,2022.0,5.0,Covid-19,Enugu,30.0,0.0,0.0,2022-01-31,3.4339872044851463,0.27753089026949446,25.88571428571429,84.0,39.4,0.0,223150896.0,53.521,30.0,16.0,0.0,16.0,16.165807537309522,0.0,0.0,0.01344381785498186
20,2022.0,5.0,Covid-19,Enugu,30.0,0.0,0.0,2022-01-31,3.4339872044851463,0.27753089026949446,25.88571428571429,84.0,39.4,0.0,223150896.0,53.521,30.0,30.0,0.0,23.0,14.0,0.0,0.0,0.01344381785498186
20,2022.0,5.0,Covid-19,Enugu,30.0,0.0,0.0,2022-01-31,3.4339872044851463,0.27753089026949446,25.88571428571429,84.0,39.4,0.0,223150896.0,53.521,30.0,30.0,0.0,30.0,0.0,0.0,0.0,0.01344381785498186
20,2025.0,10.0,Covid-19,Enugu,2.0,0.0,0.0,2025-03-04,1.0986122886681098,-0.30933898471404375,26.785714285714285,81.57142857142857,23.9,0.0,0.0,0.0,30.0,30.0,0.0,23.0,14.0,0.0,-0.9333333333333333,0.0
20,2025.0,10.0,Covid-19,Enugu,2.0,0.0,0.0,2025-03-04,1.0986122886681098,-0.30933898471404375,26.785714285714285,81.57142857142857,23.9,0.0,0.0,0.0,2.0,16.0,0.0,16.0,16.165807537309522,0.0,0.0,0.0
20,2025.0,10.0,Covid-19,Enugu,2.0,0.0,0.0,2025-03-04,1.0986122886681098,-0.30933898471404375,26.785714285714285,81.57142857142857,23.9,0.0,0.0,0.0,2.0,2.0,0.0,9.0,14.0,0.0,0.0,0.0
20,2025.0,10.0,Covid-19,Enugu,2.0,0.0,0.0,2025-03-04,1.0986122886681098,-0.30933898471404375,26.785714285714285,81.57142857142857,23.9,0.0,0.0,0.0,2.0,2.0,0.0,2.0,0.0,0.0,0.0,0.0
44,2025.0,44.0,Covid-19,Enugu,0.0,0.0,0.0,2025-10-27,0.0,-0.35125826149858225,25.542857142857144,87.85714285714286,44.2,0.0,0.0,0.0,2.0,2.0,0.0,1.5,1.0,0.0,-1.0,0.0
44,2025.0,44.0,Covid-19,Enugu,0.0,0.0,0.0,2025-10-27,0.0,-0.35125826149858225,25.542857142857144,87.85714285714286,44.2,0.0,0.0,0.0,0.0,1.0,0.0,1.0,1.1547005383792515,0.0,0.0,0.0
44,2025.0,44.0,Covid-19,Enugu,0.0,0.0,0.0,2025-10-27,0.0,-0.35125826149858225,25.542857142857144,87.85714285714286,44.2,0.0,0.0,0.0,0.0,0.0,0.0,0.5,1.0,0.0,0.0,0.0
44,2025.0,44.0,Covid-19,Enugu,0.0,0.0,0.0,2025-10-27,0.0,-0.35125826149858225,25.542857142857144,87.85714285714286,44.2,0.0,0.0,0.0,0.0,0.0,0.0,0.0,0.0,0.0,0.0,0.0
45,2025.0,45.0,Covid-19,Enugu,0.0,0.0,0.0,2025-11-03,0.0,-0.35125826149858225,25.775,84.75,10.4,0.0,0.0,0.0,0.0,0.0,0.0,0.0,0.0,0.0,0.0,0.0
45,2025.0,45.0,Covid-19,Enugu,0.0,0.0,0.0,2025-11-03,0.0,-0.35125826149858225,25.775,84.75,10.4,0.0,0.0,0.0,0.0,0.0,0.0,0.0,0.0,0.0,0.0,0.0
45,2025.0,45.0,Covid-19,Enugu,0.0,0.0,0.0,2025-11-03,0.0,-0.35125826149858225,25.775,84.75,10.4,0.0,0.0,0.0,0.0,0.0,0.0,0.0,0.0,0.0,0.0,0.0
45,2025.0,45.0,Covid-19,Enugu,0.0,0.0,0.0,2025-11-03,0.0,-0.35125826149858225,25.775,84.75,10.4,0.0,0.0,0.0,0.0,0.0,0.0,0.0,0.0,0.0,0.0,0.0
20,2020.0,1.0,Covid-19,Gombe,30.0,0.0,0.0,2020-01-01,3.4339872044851463,0.27753089026949446,32.25714285714285,44.85714285714285,0.9,0.0,213996181.0,51.958,0.0,0.0,0.0,30.0,0.0,0.0,0.0,0.014018941767937438
20,2020.0,1.0,Covid-19,Gombe,30.0,0.0,0.0,2020-01-01,3.4339872044851463,0.27753089026949446,32.25714285714285,44.85714285714285,0.9,0.0,213996181.0,51.958,30.0,0.0,0.0,30.0,0.0,0.0,0.0,0.014018941767937438
20,2020.0,1.0,Covid-19,Gombe,30.0,0.0,0.0,2020-01-01,3.4339872044851463,0.27753089026949446,32.25714285714285,44.85714285714285,0.9,0.0,213996181.0,51.958,30.0,30.0,0.0,30.0,0.0,0.0,0.0,0.014018941767937438
20,2020.0,1.0,Covid-19,Gombe,30.0,0.0,0.0,2020-01-01,3.4339872044851463,0.27753089026949446,32.25714285714285,44.85714285714285,0.9,0.0,213996181.0,51.958,30.0,30.0,0.0,30.0,0.0,0.0,0.0,0.014018941767937438
20,2022.0,33.0,Covid-19,Gombe,52.0,0.0,0.0,2022-08-15,3.970291913552122,0.7386429348994173,29.8,52.142857142857146,1.2000000000000002,0.0,223150896.0,53.521,30.0,30.0,0.0,35.5,11.0,0.0,0.7333333333333333,0.02330261761530189
20,2022.0,33.0,Covid-19,Gombe,52.0,0.0,0.0,2022-08-15,3.970291913552122,0.7386429348994173,29.8,52.142857142857146,1.2000000000000002,0.0,223150896.0,53.521,52.0,41.0,0.0,41.0,12.701705922171765,0.0,0.0,0.02330261761530189
20,2022.0,33.0,Covid-19,Gombe,52.0,0.0,0.0,2022-08-15,3.970291913552122,0.7386429348994173,29.8,52.142857142857146,1.2000000000000002,0.0,223150896.0,53.521,52.0,52.0,0.0,46.5,11.0,0.0,0.0,0.02330261761530189
20,2022.0,33.0,Covid-19,Gombe,52.0,0.0,0.0,2022-08-15,3.970291913552122,0.7386429348994173,29.8,52.142857142857146,1.2000000000000002,0.0,223150896.0,53.521,52.0,52.0,0.0,52.0,0.0,0.0,0.0,0.02330261761530189
20,2025.0,18.0,Covid-19,Gombe,35.0,0.0,0.0,2025-05-02,3.58351893845611,0.3823290822308406,30.25714285714286,53.285714285714285,12.4,0.0,0.0,0.0,52.0,52.0,0.0,47.75,8.5,0.0,-0.3269230769230769,0.0
20,2025.0,18.0,Covid-19,Gombe,35.0,0.0,0.0,2025-05-02,3.58351893845611,0.3823290822308406,30.25714285714286,53.285714285714285,12.4,0.0,0.0,0.0,35.0,43.5,0.0,43.5,9.81495457622364,0.0,0.0,0.0
20,2025.0,18.0,Covid-19,Gombe,35.0,0.0,0.0,2025-05-02,3.58351893845611,0.3823290822308406,30.25714285714286,53.285714285714285,12.4,0.0,0.0,0.0,35.0,35.0,0.0,39.25,8.5,0.0,0.0,0.0
20,2025.0,18.0,Covid-19,Gombe,35.0,0.0,0.0,2025-05-02,3.58351893845611,0.3823290822308406,30.25714285714286,53.285714285714285,12.4,0.0,0.0,0.0,35.0,35.0,0.0,35.0,0.0,0.0,0.0,0.0
46,2025.0,46.0,Covid-19,Gombe,9.0,0.0,0.0,2025-11-10,2.302585092994046,-0.1626215159681592,0.0,0.0,0.0,0.0,0.0,0.0,35.0,35.0,0.0,28.5,13.0,0.0,-0.7428571428571429,0.0
20,2020.0,1.0,Covid-19,Imo,1.0,0.0,0.0,2020-01-01,0.6931471805599453,-0.330298623106313,27.057142857142857,86.14285714285714,31.6,0.0,213996181.0,51.958,0.0,0.0,0.0,1.0,0.0,0.0,0.0,0.00046729805893124795
20,2020.0,1.0,Covid-19,Imo,1.0,0.0,0.0,2020-01-01,0.6931471805599453,-0.330298623106313,27.057142857142857,86.14285714285714,31.6,0.0,213996181.0,51.958,1.0,0.0,0.0,1.0,0.0,0.0,0.0,0.00046729805893124795
20,2020.0,1.0,Covid-19,Imo,1.0,0.0,0.0,2020-01-01,0.6931471805599453,-0.330298623106313,27.057142857142857,86.14285714285714,31.6,0.0,213996181.0,51.958,1.0,1.0,0.0,1.0,0.0,0.0,0.0,0.00046729805893124795
20,2020.0,1.0,Covid-19,Imo,1.0,0.0,0.0,2020-01-01,0.6931471805599453,-0.330298623106313,27.057142857142857,86.14285714285714,31.6,0.0,213996181.0,51.958,1.0,1.0,0.0,1.0,0.0,0.0,0.0,0.00046729805893124795
20,2022.0,5.0,Covid-19,Imo,43.0,0.0,0.0,2022-01-31,3.784189633918261,0.5500061893689944,25.31428571428572,91.14285714285714,73.6,0.0,223150896.0,53.521,1.0,1.0,0.0,11.5,21.0,0.0,42.0,0.019269472258807332
20,2022.0,5.0,Covid-19,Imo,43.0,0.0,0.0,2022-01-31,3.784189633918261,0.5500061893689944,25.31428571428572,91.14285714285714,73.6,0.0,223150896.0,53.521,43.0,22.0,0.0,22.0,24.24871130596428,0.0,0.0,0.019269472258807332
20,2022.0,5.0,Covid-19,Imo,43.0,0.0,0.0,2022-01-31,3.784189633918261,0.5500061893689944,25.31428571428572,91.14285714285714,73.6,0.0,223150896.0,53.521,43.0,43.0,0.0,32.5,21.0,0.0,0.0,0.019269472258807332
20,2022.0,5.0,Covid-19,Imo,43.0,0.0,0.0,2022-01-31,3.784189633918261,0.5500061893689944,25.31428571428572,91.14285714285714,73.6,0.0,223150896.0,53.521,43.0,43.0,0.0,43.0,0.0,0.0,0.0,0.019269472258807332
20,2025.0,18.0,Covid-19,Imo,1.0,0.0,0.0,2025-05-02,0.6931471805599453,-0.330298623106313,26.728571428571428,85.57142857142857,50.3,0.0,0.0,0.0,43.0,43.0,0.0,32.5,21.0,0.0,-0.9767441860465116,0.0
20,2025.0,18.0,Covid-19,Imo,1.0,0.0,0.0,2025-05-02,0.6931471805599453,-0.330298623106313,26.728571428571428,85.57142857142857,50.3,0.0,0.0,0.0,1.0,22.0,0.0,22.0,24.24871130596428,0.0,0.0,0.0
20,2025.0,18.0,Covid-19,Imo,1.0,0.0,0.0,2025-05-02,0.6931471805599453,-0.330298623106313,26.728571428571428,85.57142857142857,50.3,0.0,0.0,0.0,1.0,1.0,0.0,11.5,21.0,0.0,0.0,0.0
20,2025.0,18.0,Covid-19,Imo,1.0,0.0,0.0,2025-05-02,0.6931471805599453,-0.330298623106313,26.728571428571428,85.57142857142857,50.3,0.0,0.0,0.0,1.0,1.0,0.0,1.0,0.0,0.0,0.0,0.0
20,2020.0,1.0,Covid-19,Jigawa,2.0,0.0,0.0,2020-01-01,1.0986122886681098,-0.30933898471404375,33.17142857142857,35.857142857142854,0.0,0.0,213996181.0,51.958,0.0,0.0,0.0,2.0,0.0,0.0,0.0,0.0009345961178624959
20,2020.0,1.0,Covid-19,Jigawa,2.0,0.0,0.0,2020-01-01,1.0986122886681098,-0.30933898471404375,33.17142857142857,35.857142857142854,0.0,0.0,213996181.0,51.958,2.0,0.0,0.0,2.0,0.0,0.0,0.0,0.0009345961178624959
20,2020.0,1.0,Covid-19,Jigawa,2.0,0.0,0.0,2020-01-01,1.0986122886681098,-0.30933898471404375,33.17142857142857,35.857142857142854,0.0,0.0,213996181.0,51.958,2.0,2.0,0.0,2.0,0.0,0.0,0.0,0.0009345961178624959
20,2020.0,1.0,Covid-19,Jigawa,2.0,0.0,0.0,2020-01-01,1.0986122886681098,-0.30933898471404375,33.17142857142857,35.857142857142854,0.0,0.0,213996181.0,51.958,2.0,2.0,0.0,2.0,0.0,0.0,0.0,0.0009345961178624959
20,2025.0,18.0,Covid-19,Jigawa,2.0,0.0,0.0,2025-05-02,1.0986122886681098,-0.30933898471404375,31.914285714285715,41.285714285714285,0.1,0.0,0.0,0.0,2.0,2.0,0.0,2.0,0.0,0.0,0.0,0.0
20,2025.0,18.0,Covid-19,Jigawa,2.0,0.0,0.0,2025-05-02,1.0986122886681098,-0.30933898471404375,31.914285714285715,41.285714285714285,0.1,0.0,0.0,0.0,2.0,2.0,0.0,2.0,0.0,0.0,0.0,0.0
20,2025.0,18.0,Covid-19,Jigawa,2.0,0.0,0.0,2025-05-02,1.0986122886681098,-0.30933898471404375,31.914285714285715,41.285714285714285,0.1,0.0,0.0,0.0,2.0,2.0,0.0,2.0,0.0,0.0,0.0,0.0
20,2025.0,18.0,Covid-19,Jigawa,2.0,0.0,0.0,2025-05-02,1.0986122886681098,-0.30933898471404375,31.914285714285715,41.285714285714285,0.1,0.0,0.0,0.0,2.0,2.0,0.0,2.0,0.0,0.0,0.0,0.0
36,2025.0,36.0,Covid-19,Jigawa,0.0,0.0,0.0,2025-09-01,0.0,-0.35125826149858225,25.15714285714285,83.71428571428571,48.4,0.0,0.0,0.0,2.0,2.0,0.0,1.5,1.0,0.0,-1.0,0.0
36,2025.0,36.0,Covid-19,Jigawa,0.0,0.0,0.0,2025-09-01,0.0,-0.35125826149858225,25.15714285714285,83.71428571428571,48.4,0.0,0.0,0.0,0.0,1.0,0.0,1.0,1.1547005383792515,0.0,0.0,0.0
36,2025.0,36.0,Covid-19,Jigawa,0.0,0.0,0.0,2025-09-01,0.0,-0.35125826149858225,25.15714285714285,83.71428571428571,48.4,0.0,0.0,0.0,0.0,0.0,0.0,0.5,1.0,0.0,0.0,0.0
36,2025.0,36.0,Covid-19,Jigawa,0.0,0.0,0.0,2025-09-01,0.0,-0.35125826149858225,25.15714285714285,83.71428571428571,48.4,0.0,0.0,0.0,0.0,0.0,0.0,0.0,0.0,0.0,0.0,0.0
1,2020.0,1.0,Covid-19,Kaduna,4.0,0.0,0.0,2019-12-30,1.6094379124341003,-0.2674197079295053,19.642857142857142,24.285714285714285,0.0,0.0,213996181.0,51.958,0.0,0.0,0.0,4.0,0.0,0.0,0.0,0.0018691922357249918
1,2020.0,1.0,Covid-19,Kaduna,4.0,0.0,0.0,2019-12-30,1.6094379124341003,-0.2674197079295053,19.642857142857142,24.285714285714285,0.0,0.0,213996181.0,51.958,4.0,0.0,0.0,4.0,0.0,0.0,0.0,0.0018691922357249918
1,2020.0,1.0,Covid-19,Kaduna,4.0,0.0,0.0,2019-12-30,1.6094379124341003,-0.2674197079295053,19.642857142857142,24.285714285714285,0.0,0.0,213996181.0,51.958,4.0,4.0,0.0,4.0,0.0,0.0,0.0,0.0018691922357249918
1,2020.0,1.0,Covid-19,Kaduna,4.0,0.0,0.0,2019-12-30,1.6094379124341003,-0.2674197079295053,19.642857142857142,24.285714285714285,0.0,0.0,213996181.0,51.958,4.0,4.0,0.0,4.0,0.0,0.0,0.0,0.0018691922357249918
20,2020.0,1.0,Covid-19,Kaduna,6.0,0.0,0.0,2020-01-01,1.9459101490553132,-0.22550043114496687,28.342857142857145,63.57142857142857,0.5,0.0,213996181.0,51.958,4.0,4.0,0.0,4.5,1.0,0.0,0.5,0.0028037883535874876
20,2020.0,1.0,Covid-19,Kaduna,6.0,0.0,0.0,2020-01-01,1.9459101490553132,-0.22550043114496687,28.342857142857145,63.57142857142857,0.5,0.0,213996181.0,51.958,6.0,5.0,0.0,5.0,1.1547005383792515,0.0,0.0,0.0028037883535874876
20,2020.0,1.0,Covid-19,Kaduna,6.0,0.0,0.0,2020-01-01,1.9459101490553132,-0.22550043114496687,28.342857142857145,63.57142857142857,0.5,0.0,213996181.0,51.958,6.0,6.0,0.0,5.5,1.0,0.0,0.0,0.0028037883535874876
20,2020.0,1.0,Covid-19,Kaduna,6.0,0.0,0.0,2020-01-01,1.9459101490553132,-0.22550043114496687,28.342857142857145,63.57142857142857,0.5,0.0,213996181.0,51.958,6.0,6.0,0.0,6.0,0.0,0.0,0.0,0.0028037883535874876
20,2022.0,5.0,Covid-19,Kaduna,50.0,0.0,0.0,2022-01-31,3.9318256327243257,0.6967236581148789,26.714285714285715,67.85714285714286,28.3,0.0,223150896.0,53.521,6.0,6.0,0.0,17.0,22.0,0.0,7.333333333333333,0.022406363091636433
20,2022.0,5.0,Covid-19,Kaduna,50.0,0.0,0.0,2022-01-31,3.9318256327243257,0.6967236581148789,26.714285714285715,67.85714285714286,28.3,0.0,223150896.0,53.521,50.0,28.0,0.0,28.0,25.403411844343534,0.0,0.0,0.022406363091636433
20,2022.0,5.0,Covid-19,Kaduna,50.0,0.0,0.0,2022-01-31,3.9318256327243257,0.6967236581148789,26.714285714285715,67.85714285714286,28.3,0.0,223150896.0,53.521,50.0,50.0,0.0,39.0,22.0,0.0,0.0,0.022406363091636433
20,2022.0,5.0,Covid-19,Kaduna,50.0,0.0,0.0,2022-01-31,3.9318256327243257,0.6967236581148789,26.714285714285715,67.85714285714286,28.3,0.0,223150896.0,53.521,50.0,50.0,0.0,50.0,0.0,0.0,0.0,0.022406363091636433
20,2025.0,10.0,Covid-19,Kaduna,4.0,0.0,0.0,2025-03-04,1.6094379124341003,-0.2674197079295053,27.67142857142857,67.0,26.2,0.0,0.0,0.0,50.0,50.0,0.0,38.5,22.999999999999996,0.0,-0.92,0.0
20,2025.0,10.0,Covid-19,Kaduna,4.0,0.0,0.0,2025-03-04,1.6094379124341003,-0.2674197079295053,27.67142857142857,67.0,26.2,0.0,0.0,0.0,4.0,27.0,0.0,27.0,26.558112382722786,0.0,0.0,0.0
20,2025.0,10.0,Covid-19,Kaduna,4.0,0.0,0.0,2025-03-04,1.6094379124341003,-0.2674197079295053,27.67142857142857,67.0,26.2,0.0,0.0,0.0,4.0,4.0,0.0,15.5,22.999999999999996,0.0,0.0,0.0
20,2025.0,10.0,Covid-19,Kaduna,4.0,0.0,0.0,2025-03-04,1.6094379124341003,-0.2674197079295053,27.67142857142857,67.0,26.2,0.0,0.0,0.0,4.0,4.0,0.0,4.0,0.0,0.0,0.0,0.0
36,2025.0,36.0,Covid-19,Kaduna,0.0,0.0,0.0,2025-09-01,0.0,-0.35125826149858225,23.357142857142858,86.28571428571429,37.0,0.0,0.0,0.0,4.0,4.0,0.0,3.0,1.999999999999981,0.0,-1.0,0.0
36,2025.0,36.0,Covid-19,Kaduna,0.0,0.0,0.0,2025-09-01,0.0,-0.35125826149858225,23.357142857142858,86.28571428571429,37.0,0.0,0.0,0.0,0.0,2.0,0.0,2.0,2.3094010767584865,0.0,0.0,0.0
36,2025.0,36.0,Covid-19,Kaduna,0.0,0.0,0.0,2025-09-01,0.0,-0.35125826149858225,23.357142857142858,86.28571428571429,37.0,0.0,0.0,0.0,0.0,0.0,0.0,1.0,1.9999999999999811,0.0,0.0,0.0
36,2025.0,36.0,Covid-19,Kaduna,0.0,0.0,0.0,2025-09-01,0.0,-0.35125826149858225,23.357142857142858,86.28571428571429,37.0,0.0,0.0,0.0,0.0,0.0,0.0,0.0,0.0,0.0,0.0,0.0
44,2025.0,44.0,Covid-19,Kaduna,1.0,0.0,0.0,2025-10-27,0.6931471805599453,-0.330298623106313,24.914285714285715,55.0,0.0,0.0,0.0,0.0,0.0,0.0,0.0,0.25,0.4999999999999248,0.0,0.0,0.0
44,2025.0,44.0,Covid-19,Kaduna,1.0,0.0,0.0,2025-10-27,0.6931471805599453,-0.330298623106313,24.914285714285715,55.0,0.0,0.0,0.0,0.0,1.0,0.5,0.0,0.5,0.5773502691895607,0.0,0.0,0.0
44,2025.0,44.0,Covid-19,Kaduna,1.0,0.0,0.0,2025-10-27,0.6931471805599453,-0.330298623106313,24.914285714285715,55.0,0.0,0.0,0.0,0.0,1.0,1.0,0.0,0.75,0.49999999999992484,0.0,0.0,0.0
44,2025.0,44.0,Covid-19,Kaduna,1.0,0.0,0.0,2025-10-27,0.6931471805599453,-0.330298623106313,24.914285714285715,55.0,0.0,0.0,0.0,0.0,1.0,1.0,0.0,1.0,0.0,0.0,0.0,0.0
45,2025.0,45.0,Covid-19,Kaduna,5.0,0.0,0.0,2025-11-03,1.791759469228055,-0.24646006953723612,26.275,43.25,0.0,0.0,0.0,0.0,1.0,1.0,0.0,2.0,1.9999999999999811,0.0,4.0,0.0
45,2025.0,45.0,Covid-19,Kaduna,5.0,0.0,0.0,2025-11-03,1.791759469228055,-0.24646006953723612,26.275,43.25,0.0,0.0,0.0,0.0,5.0,3.0,0.0,3.0,2.3094010767584865,0.0,0.0,0.0
45,2025.0,45.0,Covid-19,Kaduna,5.0,0.0,0.0,2025-11-03,1.791759469228055,-0.24646006953723612,26.275,43.25,0.0,0.0,0.0,0.0,5.0,5.0,0.0,4.0,1.9999999999999811,0.0,0.0,0.0
45,2025.0,45.0,Covid-19,Kaduna,5.0,0.0,0.0,2025-11-03,1.791759469228055,-0.24646006953723612,26.275,43.25,0.0,0.0,0.0,0.0,5.0,5.0,0.0,5.0,0.0,0.0,0.0,0.0
46,2025.0,46.0,Covid-19,Kaduna,9.0,0.0,0.0,2025-11-10,2.302585092994046,-0.1626215159681592,0.0,0.0,0.0,0.0,0.0,0.0,5.0,5.0,0.0,6.0,1.9999999999999811,0.0,0.8,0.0
1,2020.0,1.0,Covid-19,Kano,77.0,1.0,1.3,2019-12-30,4.356708826689592,1.262633894706148,17.32857142857143,25.285714285714285,0.0,0.0,213996181.0,51.958,0.0,0.0,0.0,77.0,0.0,1.0,0.0,0.035981950537706094
1,2020.0,1.0,Covid-19,Kano,77.0,1.0,1.3,2019-12-30,4.356708826689592,1.262633894706148,17.32857142857143,25.285714285714285,0.0,0.0,213996181.0,51.958,77.0,0.0,1.0,77.0,0.0,1.0,0.0,0.035981950537706094
1,2020.0,1.0,Covid-19,Kano,77.0,1.0,1.3,2019-12-30,4.356708826689592,1.262633894706148,17.32857142857143,25.285714285714285,0.0,0.0,213996181.0,51.958,77.0,77.0,1.0,77.0,0.0,1.0,0.0,0.035981950537706094
1,2020.0,1.0,Covid-19,Kano,77.0,1.0,1.3,2019-12-30,4.356708826689592,1.262633894706148,17.32857142857143,25.285714285714285,0.0,0.0,213996181.0,51.958,77.0,77.0,1.0,77.0,0.0,1.0,0.0,0.035981950537706094
20,2020.0,1.0,Covid-19,Kano,4.0,0.0,0.0,2020-01-01,1.6094379124341003,-0.2674197079295053,31.885714285714283,43.42857142857143,0.0,0.0,213996181.0,51.958,77.0,77.0,1.0,58.75,36.5,0.75,-0.948051948051948,0.0018691922357249918
20,2020.0,1.0,Covid-19,Kano,4.0,0.0,0.0,2020-01-01,1.6094379124341003,-0.2674197079295053,31.885714285714283,43.42857142857143,0.0,0.0,213996181.0,51.958,4.0,40.5,0.0,40.5,42.14656965084268,0.5,0.0,0.0018691922357249918
20,2020.0,1.0,Covid-19,Kano,4.0,0.0,0.0,2020-01-01,1.6094379124341003,-0.2674197079295053,31.885714285714283,43.42857142857143,0.0,0.0,213996181.0,51.958,4.0,4.0,0.0,22.25,36.5,0.25,0.0,0.0018691922357249918
20,2020.0,1.0,Covid-19,Kano,4.0,0.0,0.0,2020-01-01,1.6094379124341003,-0.2674197079295053,31.885714285714283,43.42857142857143,0.0,0.0,213996181.0,51.958,4.0,4.0,0.0,4.0,0.0,0.0,0.0,0.0018691922357249918
20,2022.0,5.0,Covid-19,Kano,7.0,0.0,0.0,2022-01-31,2.0794415416798357,-0.20454079275269765,30.428571428571427,32.42857142857143,1.6,0.0,223150896.0,53.521,4.0,4.0,0.0,4.75,1.5000000000000504,0.0,0.75,0.0031368908328291006
20,2022.0,5.0,Covid-19,Kano,7.0,0.0,0.0,2022-01-31,2.0794415416798357,-0.20454079275269765,30.428571428571427,32.42857142857143,1.6,0.0,223150896.0,53.521,7.0,5.5,0.0,5.5,1.732050807568921,0.0,0.0,0.0031368908328291006
20,2022.0,5.0,Covid-19,Kano,7.0,0.0,0.0,2022-01-31,2.0794415416798357,-0.20454079275269765,30.428571428571427,32.42857142857143,1.6,0.0,223150896.0,53.521,7.0,7.0,0.0,6.25,1.5000000000000504,0.0,0.0,0.0031368908328291006
20,2022.0,5.0,Covid-19,Kano,7.0,0.0,0.0,2022-01-31,2.0794415416798357,-0.20454079275269765,30.428571428571427,32.42857142857143,1.6,0.0,223150896.0,53.521,7.0,7.0,0.0,7.0,0.0,0.0,0.0,0.0031368908328291006
20,2025.0,10.0,Covid-19,Kano,1.0,0.0,0.0,2025-03-07,0.6931471805599453,-0.330298623106313,31.24285714285714,46.285714285714285,1.6,0.0,0.0,0.0,7.0,7.0,0.0,5.5,3.0000000000000253,0.0,-0.8571428571428571,0.0
20,2025.0,10.0,Covid-19,Kano,1.0,0.0,0.0,2025-03-07,0.6931471805599453,-0.330298623106313,31.24285714285714,46.285714285714285,1.6,0.0,0.0,0.0,1.0,4.0,0.0,4.0,3.4641016151377766,0.0,0.0,0.0
20,2025.0,10.0,Covid-19,Kano,1.0,0.0,0.0,2025-03-07,0.6931471805599453,-0.330298623106313,31.24285714285714,46.285714285714285,1.6,0.0,0.0,0.0,1.0,1.0,0.0,2.5,3.0000000000000253,0.0,0.0,0.0
20,2025.0,10.0,Covid-19,Kano,1.0,0.0,0.0,2025-03-07,0.6931471805599453,-0.330298623106313,31.24285714285714,46.285714285714285,1.6,0.0,0.0,0.0,1.0,1.0,0.0,1.0,0.0,0.0,0.0,0.0
44,2025.0,44.0,Covid-19,Kano,0.0,0.0,0.0,2025-10-27,0.0,-0.35125826149858225,27.085714285714285,33.714285714285715,0.0,0.0,0.0,0.0,1.0,1.0,0.0,0.75,0.5000000000001515,0.0,-1.0,0.0
44,2025.0,44.0,Covid-19,Kano,0.0,0.0,0.0,2025-10-27,0.0,-0.35125826149858225,27.085714285714285,33.714285714285715,0.0,0.0,0.0,0.0,0.0,0.5,0.0,0.5,0.5773502691897571,0.0,0.0,0.0
44,2025.0,44.0,Covid-19,Kano,0.0,0.0,0.0,2025-10-27,0.0,-0.35125826149858225,27.085714285714285,33.714285714285715,0.0,0.0,0.0,0.0,0.0,0.0,0.0,0.25,0.5000000000001515,0.0,0.0,0.0
44,2025.0,44.0,Covid-19,Kano,0.0,0.0,0.0,2025-10-27,0.0,-0.35125826149858225,27.085714285714285,33.714285714285715,0.0,0.0,0.0,0.0,0.0,0.0,0.0,0.0,0.0,0.0,0.0,0.0
45,2025.0,45.0,Covid-19,Kano,0.0,0.0,0.0,2025-11-03,0.0,-0.35125826149858225,27.825,29.0,0.0,0.0,0.0,0.0,0.0,0.0,0.0,0.0,0.0,0.0,0.0,0.0
45,2025.0,45.0,Covid-19,Kano,0.0,0.0,0.0,2025-11-03,0.0,-0.35125826149858225,27.825,29.0,0.0,0.0,0.0,0.0,0.0,0.0,0.0,0.0,0.0,0.0,0.0,0.0
45,2025.0,45.0,Covid-19,Kano,0.0,0.0,0.0,2025-11-03,0.0,-0.35125826149858225,27.825,29.0,0.0,0.0,0.0,0.0,0.0,0.0,0.0,0.0,0.0,0.0,0.0,0.0
45,2025.0,45.0,Covid-19,Kano,0.0,0.0,0.0,2025-11-03,0.0,-0.35125826149858225,27.825,29.0,0.0,0.0,0.0,0.0,0.0,0.0,0.0,0.0,0.0,0.0,0.0,0.0
46,2025.0,46.0,Covid-19,Kano,73.0,1.0,1.37,2025-11-10,4.30406509320417,1.178795341137071,0.0,0.0,0.0,0.0,0.0,0.0,0.0,0.0,0.0,18.25,36.5,0.25,0.0,0.0
48,2025.0,48.0,Covid-19,Kano,0.0,0.0,0.0,2025-11-24,0.0,-0.35125826149858225,0.0,0.0,0.0,0.0,0.0,0.0,73.0,36.5,1.0,18.25,36.5,0.25,-1.0,0.0
1,2020.0,1.0,Covid-19,Katsina,30.0,1.0,3.33,2019-12-30,3.4339872044851463,0.27753089026949446,16.8,22.857142857142858,0.0,0.0,213996181.0,51.958,0.0,0.0,0.0,30.0,0.0,1.0,0.0,0.014018941767937438
1,2020.0,1.0,Covid-19,Katsina,30.0,1.0,3.33,2019-12-30,3.4339872044851463,0.27753089026949446,16.8,22.857142857142858,0.0,0.0,213996181.0,51.958,30.0,0.0,1.0,30.0,0.0,1.0,0.0,0.014018941767937438
1,2020.0,1.0,Covid-19,Katsina,30.0,1.0,3.33,2019-12-30,3.4339872044851463,0.27753089026949446,16.8,22.857142857142858,0.0,0.0,213996181.0,51.958,30.0,30.0,1.0,30.0,0.0,1.0,0.0,0.014018941767937438
1,2020.0,1.0,Covid-19,Katsina,30.0,1.0,3.33,2019-12-30,3.4339872044851463,0.27753089026949446,16.8,22.857142857142858,0.0,0.0,213996181.0,51.958,30.0,30.0,1.0,30.0,0.0,1.0,0.0,0.014018941767937438
20,2020.0,1.0,Covid-19,Katsina,5.0,1.0,20.0,2020-01-01,1.791759469228055,-0.24646006953723612,31.87142857142857,39.57142857142857,0.0,0.0,213996181.0,51.958,30.0,30.0,1.0,23.75,12.5,1.0,-0.8333333333333334,0.0023364902946562396
20,2020.0,1.0,Covid-19,Katsina,5.0,1.0,20.0,2020-01-01,1.791759469228055,-0.24646006953723612,31.87142857142857,39.57142857142857,0.0,0.0,213996181.0,51.958,5.0,17.5,1.0,17.5,14.433756729740644,1.0,0.0,0.0023364902946562396
20,2020.0,1.0,Covid-19,Katsina,5.0,1.0,20.0,2020-01-01,1.791759469228055,-0.24646006953723612,31.87142857142857,39.57142857142857,0.0,0.0,213996181.0,51.958,5.0,5.0,1.0,11.25,12.499999999999998,1.0,0.0,0.0023364902946562396
20,2020.0,1.0,Covid-19,Katsina,5.0,1.0,20.0,2020-01-01,1.791759469228055,-0.24646006953723612,31.87142857142857,39.57142857142857,0.0,0.0,213996181.0,51.958,5.0,5.0,1.0,5.0,0.0,1.0,0.0,0.0023364902946562396
20,2022.0,5.0,Covid-19,Katsina,13.0,0.0,0.0,2022-01-31,2.6390573296152584,-0.07878296239908232,30.414285714285715,25.571428571428573,4.1,0.0,223150896.0,53.521,5.0,5.0,1.0,7.0,3.9999999999999973,0.75,1.6,0.005825654403825473
20,2022.0,5.0,Covid-19,Katsina,13.0,0.0,0.0,2022-01-31,2.6390573296152584,-0.07878296239908232,30.414285714285715,25.571428571428573,4.1,0.0,223150896.0,53.521,13.0,9.0,0.0,9.0,4.618802153517004,0.5,0.0,0.005825654403825473
20,2022.0,5.0,Covid-19,Katsina,13.0,0.0,0.0,2022-01-31,2.6390573296152584,-0.07878296239908232,30.414285714285715,25.571428571428573,4.1,0.0,223150896.0,53.521,13.0,13.0,0.0,11.0,3.9999999999999973,0.25,0.0,0.005825654403825473
20,2022.0,5.0,Covid-19,Katsina,13.0,0.0,0.0,2022-01-31,2.6390573296152584,-0.07878296239908232,30.414285714285715,25.571428571428573,4.1,0.0,223150896.0,53.521,13.0,13.0,0.0,13.0,0.0,0.0,0.0,0.005825654403825473
20,2025.0,10.0,Covid-19,Katsina,4.0,1.0,25.0,2025-03-07,1.6094379124341003,-0.2674197079295053,31.442857142857143,40.42857142857143,0.5,0.0,0.0,0.0,13.0,13.0,0.0,10.75,4.499999999999998,0.25,-0.6923076923076923,0.0
20,2025.0,10.0,Covid-19,Katsina,4.0,1.0,25.0,2025-03-07,1.6094379124341003,-0.2674197079295053,31.442857142857143,40.42857142857143,0.5,0.0,0.0,0.0,4.0,8.5,1.0,8.5,5.19615242270663,0.5,0.0,0.0
20,2025.0,10.0,Covid-19,Katsina,4.0,1.0,25.0,2025-03-07,1.6094379124341003,-0.2674197079295053,31.442857142857143,40.42857142857143,0.5,0.0,0.0,0.0,4.0,4.0,1.0,6.25,4.499999999999998,0.75,0.0,0.0
20,2025.0,10.0,Covid-19,Katsina,4.0,1.0,25.0,2025-03-07,1.6094379124341003,-0.2674197079295053,31.442857142857143,40.42857142857143,0.5,0.0,0.0,0.0,4.0,4.0,1.0,4.0,0.0,1.0,0.0,0.0
36,2025.0,36.0,Covid-19,Katsina,0.0,0.0,0.0,2025-09-01,0.0,-0.35125826149858225,24.542857142857144,84.28571428571429,67.8,0.0,0.0,0.0,4.0,4.0,1.0,3.0,1.9999999999999951,0.75,-1.0,0.0
36,2025.0,36.0,Covid-19,Katsina,0.0,0.0,0.0,2025-09-01,0.0,-0.35125826149858225,24.542857142857144,84.28571428571429,67.8,0.0,0.0,0.0,0.0,2.0,0.0,2.0,2.309401076758499,0.5,0.0,0.0
36,2025.0,36.0,Covid-19,Katsina,0.0,0.0,0.0,2025-09-01,0.0,-0.35125826149858225,24.542857142857144,84.28571428571429,67.8,0.0,0.0,0.0,0.0,0.0,0.0,1.0,1.9999999999999953,0.25,0.0,0.0
36,2025.0,36.0,Covid-19,Katsina,0.0,0.0,0.0,2025-09-01,0.0,-0.35125826149858225,24.542857142857144,84.28571428571429,67.8,0.0,0.0,0.0,0.0,0.0,0.0,0.0,0.0,0.0,0.0,0.0
44,2025.0,44.0,Covid-19,Katsina,0.0,0.0,0.0,2025-10-27,0.0,-0.35125826149858225,27.32857142857143,29.857142857142858,0.0,0.0,0.0,0.0,0.0,0.0,0.0,0.0,0.0,0.0,0.0,0.0
44,2025.0,44.0,Covid-19,Katsina,0.0,0.0,0.0,2025-10-27,0.0,-0.35125826149858225,27.32857142857143,29.857142857142858,0.0,0.0,0.0,0.0,0.0,0.0,0.0,0.0,0.0,0.0,0.0,0.0
44,2025.0,44.0,Covid-19,Katsina,0.0,0.0,0.0,2025-10-27,0.0,-0.35125826149858225,27.32857142857143,29.857142857142858,0.0,0.0,0.0,0.0,0.0,0.0,0.0,0.0,0.0,0.0,0.0,0.0
44,2025.0,44.0,Covid-19,Katsina,0.0,0.0,0.0,2025-10-27,0.0,-0.35125826149858225,27.32857142857143,29.857142857142858,0.0,0.0,0.0,0.0,0.0,0.0,0.0,0.0,0.0,0.0,0.0,0.0
46,2025.0,46.0,Covid-19,Katsina,21.0,1.0,4.76,2025-11-10,3.091042453358316,0.08889414473907147,0.0,0.0,0.0,0.0,0.0,0.0,0.0,0.0,0.0,5.25,10.5,0.25,0.0,0.0
20,2022.0,5.0,Covid-19,Kebbi,29.0,0.0,0.0,2022-01-31,3.4011973816621555,0.25657125187722524,32.357142857142854,41.42857142857143,0.2,0.0,223150896.0,53.521,0.0,0.0,0.0,29.0,0.0,0.0,0.0,0.012995690593149131
20,2022.0,5.0,Covid-19,Kebbi,29.0,0.0,0.0,2022-01-31,3.4011973816621555,0.25657125187722524,32.357142857142854,41.42857142857143,0.2,0.0,223150896.0,53.521,29.0,0.0,0.0,29.0,0.0,0.0,0.0,0.012995690593149131
20,2022.0,5.0,Covid-19,Kebbi,29.0,0.0,0.0,2022-01-31,3.4011973816621555,0.25657125187722524,32.357142857142854,41.42857142857143,0.2,0.0,223150896.0,53.521,29.0,29.0,0.0,29.0,0.0,0.0,0.0,0.012995690593149131
20,2022.0,5.0,Covid-19,Kebbi,29.0,0.0,0.0,2022-01-31,3.4011973816621555,0.25657125187722524,32.357142857142854,41.42857142857143,0.2,0.0,223150896.0,53.521,29.0,29.0,0.0,29.0,0.0,0.0,0.0,0.012995690593149131
20,2025.0,18.0,Covid-19,Kebbi,1.0,0.0,0.0,2025-05-02,0.6931471805599453,-0.330298623106313,33.72857142857143,42.142857142857146,11.4,0.0,0.0,0.0,29.0,29.0,0.0,22.0,14.0,0.0,-0.9655172413793104,0.0
20,2025.0,18.0,Covid-19,Kebbi,1.0,0.0,0.0,2025-05-02,0.6931471805599453,-0.330298623106313,33.72857142857143,42.142857142857146,11.4,0.0,0.0,0.0,1.0,15.0,0.0,15.0,16.165807537309522,0.0,0.0,0.0
20,2025.0,18.0,Covid-19,Kebbi,1.0,0.0,0.0,2025-05-02,0.6931471805599453,-0.330298623106313,33.72857142857143,42.142857142857146,11.4,0.0,0.0,0.0,1.0,1.0,0.0,8.0,14.0,0.0,0.0,0.0
20,2025.0,18.0,Covid-19,Kebbi,1.0,0.0,0.0,2025-05-02,0.6931471805599453,-0.330298623106313,33.72857142857143,42.142857142857146,11.4,0.0,0.0,0.0,1.0,1.0,0.0,1.0,0.0,0.0,0.0,0.0
36,2025.0,36.0,Covid-19,Kebbi,0.0,0.0,0.0,2025-09-01,0.0,-0.35125826149858225,25.3,86.71428571428571,48.2,0.0,0.0,0.0,1.0,1.0,0.0,0.75,0.49999999999999956,0.0,-1.0,0.0
36,2025.0,36.0,Covid-19,Kebbi,0.0,0.0,0.0,2025-09-01,0.0,-0.35125826149858225,25.3,86.71428571428571,48.2,0.0,0.0,0.0,0.0,0.5,0.0,0.5,0.577350269189625,0.0,0.0,0.0
36,2025.0,36.0,Covid-19,Kebbi,0.0,0.0,0.0,2025-09-01,0.0,-0.35125826149858225,25.3,86.71428571428571,48.2,0.0,0.0,0.0,0.0,0.0,0.0,0.25,0.49999999999999867,0.0,0.0,0.0
36,2025.0,36.0,Covid-19,Kebbi,0.0,0.0,0.0,2025-09-01,0.0,-0.35125826149858225,25.3,86.71428571428571,48.2,0.0,0.0,0.0,0.0,0.0,0.0,0.0,0.0,0.0,0.0,0.0
20,2022.0,5.0,Covid-19,Kogi,5.0,0.0,0.0,2022-01-31,1.791759469228055,-0.24646006953723612,28.014285714285712,74.57142857142857,8.4,0.0,223150896.0,53.521,0.0,0.0,0.0,5.0,0.0,0.0,0.0,0.0022406363091636433
20,2022.0,5.0,Covid-19,Kogi,5.0,0.0,0.0,2022-01-31,1.791759469228055,-0.24646006953723612,28.014285714285712,74.57142857142857,8.4,0.0,223150896.0,53.521,5.0,0.0,0.0,5.0,0.0,0.0,0.0,0.0022406363091636433
20,2022.0,5.0,Covid-19,Kogi,5.0,0.0,0.0,2022-01-31,1.791759469228055,-0.24646006953723612,28.014285714285712,74.57142857142857,8.4,0.0,223150896.0,53.521,5.0,5.0,0.0,5.0,0.0,0.0,0.0,0.0022406363091636433
1,2020.0,1.0,Covid-19,Kwara,11.0,0.0,0.0,2019-12-30,2.4849066497880004,-0.12070223918362077,23.557142857142857,26.0,0.0,0.0,213996181.0,51.958,0.0,0.0,0.0,11.0,0.0,0.0,0.0,0.005140278648243728
1,2020.0,1.0,Covid-19,Kwara,11.0,0.0,0.0,2019-12-30,2.4849066497880004,-0.12070223918362077,23.557142857142857,26.0,0.0,0.0,213996181.0,51.958,11.0,0.0,0.0,11.0,0.0,0.0,0.0,0.005140278648243728
1,2020.0,1.0,Covid-19,Kwara,11.0,0.0,0.0,2019-12-30,2.4849066497880004,-0.12070223918362077,23.557142857142857,26.0,0.0,0.0,213996181.0,51.958,11.0,11.0,0.0,11.0,0.0,0.0,0.0,0.005140278648243728
20,2020.0,1.0,Covid-19,Kwara,4.0,0.0,0.0,2020-01-01,1.6094379124341003,-0.2674197079295053,29.457142857142856,64.57142857142857,1.9,0.0,213996181.0,51.958,11.0,11.0,0.0,9.25,3.5,0.0,-0.6363636363636364,0.0018691922357249918
20,2020.0,1.0,Covid-19,Kwara,4.0,0.0,0.0,2020-01-01,1.6094379124341003,-0.2674197079295053,29.457142857142856,64.57142857142857,1.9,0.0,213996181.0,51.958,4.0,7.5,0.0,7.5,4.041451884327381,0.0,0.0,0.0018691922357249918
20,2020.0,1.0,Covid-19,Kwara,4.0,0.0,0.0,2020-01-01,1.6094379124341003,-0.2674197079295053,29.457142857142856,64.57142857142857,1.9,0.0,213996181.0,51.958,4.0,4.0,0.0,5.75,3.5,0.0,0.0,0.0018691922357249918
20,2022.0,5.0,Covid-19,Kwara,17.0,0.0,0.0,2022-01-31,2.8903717578961645,0.005055591169994571,27.442857142857143,71.85714285714286,11.5,0.0,223150896.0,53.521,4.0,4.0,0.0,7.25,6.5,0.0,3.25,0.007618163451156387
20,2022.0,5.0,Covid-19,Kwara,17.0,0.0,0.0,2022-01-31,2.8903717578961645,0.005055591169994571,27.442857142857143,71.85714285714286,11.5,0.0,223150896.0,53.521,17.0,10.5,0.0,10.5,7.505553499465135,0.0,0.0,0.007618163451156387
20,2022.0,5.0,Covid-19,Kwara,17.0,0.0,0.0,2022-01-31,2.8903717578961645,0.005055591169994571,27.442857142857143,71.85714285714286,11.5,0.0,223150896.0,53.521,17.0,17.0,0.0,13.75,6.5,0.0,0.0,0.007618163451156387
20,2025.0,10.0,Covid-19,Kwara,2.0,0.0,0.0,2025-03-07,1.0986122886681098,-0.30933898471404375,28.12857142857143,72.0,22.2,0.0,0.0,0.0,17.0,17.0,0.0,13.25,7.5,0.0,-0.8823529411764706,0.0
20,2025.0,10.0,Covid-19,Kwara,2.0,0.0,0.0,2025-03-07,1.0986122886681098,-0.30933898471404375,28.12857142857143,72.0,22.2,0.0,0.0,0.0,2.0,9.5,0.0,9.5,8.660254037844387,0.0,0.0,0.0
20,2025.0,10.0,Covid-19,Kwara,2.0,0.0,0.0,2025-03-07,1.0986122886681098,-0.30933898471404375,28.12857142857143,72.0,22.2,0.0,0.0,0.0,2.0,2.0,0.0,5.75,7.5,0.0,0.0,0.0
46,2025.0,46.0,Covid-19,Kwara,11.0,0.0,0.0,2025-11-10,2.4849066497880004,-0.12070223918362077,0.0,0.0,0.0,0.0,0.0,0.0,2.0,2.0,0.0,4.25,4.5,0.0,4.5,0.0
1,2020.0,1.0,Covid-19,Lagos,109.0,1.0,0.92,2019-12-30,4.700480365792417,1.933342323258763,26.714285714285715,45.0,0.0,0.0,213996181.0,51.958,0.0,0.0,0.0,109.0,0.0,1.0,0.0,0.05093548842350602
1,2020.0,1.0,Covid-19,Lagos,109.0,1.0,0.92,2019-12-30,4.700480365792417,1.933342323258763,26.714285714285715,45.0,0.0,0.0,213996181.0,51.958,109.0,0.0,1.0,109.0,0.0,1.0,0.0,0.05093548842350602
1,2020.0,1.0,Covid-19,Lagos,109.0,1.0,0.92,2019-12-30,4.700480365792417,1.933342323258763,26.714285714285715,45.0,0.0,0.0,213996181.0,51.958,109.0,109.0,1.0,109.0,0.0,1.0,0.0,0.05093548842350602
20,2020.0,1.0,Covid-19,Lagos,214.0,6.0,2.8,2020-01-01,5.3706380281276624,4.1341043544470315,28.37142857142857,79.14285714285714,16.7,0.0,213996181.0,51.958,109.0,109.0,1.0,135.25,52.5,2.25,0.963302752293578,0.10000178461128706
20,2020.0,1.0,Covid-19,Lagos,214.0,6.0,2.8,2020-01-01,5.3706380281276624,4.1341043544470315,28.37142857142857,79.14285714285714,16.7,0.0,213996181.0,51.958,214.0,161.5,6.0,161.5,60.6217782649107,3.5,0.0,0.10000178461128706
20,2020.0,1.0,Covid-19,Lagos,214.0,6.0,2.8,2020-01-01,5.3706380281276624,4.1341043544470315,28.37142857142857,79.14285714285714,16.7,0.0,213996181.0,51.958,214.0,214.0,6.0,187.75,52.5,4.75,0.0,0.10000178461128706
20,2022.0,5.0,Covid-19,Lagos,23.0,0.0,0.0,2022-01-31,3.1780538303479458,0.13081342152360992,27.2,83.0,60.5,0.0,223150896.0,53.521,214.0,214.0,6.0,166.25,95.5,4.5,-0.8925233644859814,0.01030692702215276
20,2022.0,5.0,Covid-19,Lagos,23.0,0.0,0.0,2022-01-31,3.1780538303479458,0.13081342152360992,27.2,83.0,60.5,0.0,223150896.0,53.521,23.0,118.5,0.0,118.5,110.27390141521852,3.0,0.0,0.01030692702215276
20,2022.0,5.0,Covid-19,Lagos,23.0,0.0,0.0,2022-01-31,3.1780538303479458,0.13081342152360992,27.2,83.0,60.5,0.0,223150896.0,53.521,23.0,23.0,0.0,70.75,95.5,1.5,0.0,0.01030692702215276
20,2025.0,10.0,Covid-19,Lagos,109.0,1.0,0.92,2025-03-04,4.700480365792417,1.933342323258763,28.17142857142857,80.14285714285714,55.1,0.0,0.0,0.0,23.0,23.0,0.0,44.5,43.0,0.25,3.739130434782609,0.0
20,2025.0,10.0,Covid-19,Lagos,109.0,1.0,0.92,2025-03-04,4.700480365792417,1.933342323258763,28.17142857142857,80.14285714285714,55.1,0.0,0.0,0.0,109.0,66.0,1.0,66.0,49.652123150307816,0.5,0.0,0.0
20,2025.0,10.0,Covid-19,Lagos,109.0,1.0,0.92,2025-03-04,4.700480365792417,1.933342323258763,28.17142857142857,80.14285714285714,55.1,0.0,0.0,0.0,109.0,109.0,1.0,87.5,43.0,0.75,0.0,0.0
44,2025.0,44.0,Covid-19,Lagos,29.0,0.0,0.0,2025-10-27,3.4011973816621555,0.25657125187722524,27.17142857142857,83.28571428571429,46.8,0.0,0.0,0.0,109.0,109.0,1.0,89.0,40.0,0.75,-0.7339449541284404,0.0
44,2025.0,44.0,Covid-19,Lagos,29.0,0.0,0.0,2025-10-27,3.4011973816621555,0.25657125187722524,27.17142857142857,83.28571428571429,46.8,0.0,0.0,0.0,29.0,69.0,0.0,69.0,46.18802153517006,0.5,0.0,0.0
44,2025.0,44.0,Covid-19,Lagos,29.0,0.0,0.0,2025-10-27,3.4011973816621555,0.25657125187722524,27.17142857142857,83.28571428571429,46.8,0.0,0.0,0.0,29.0,29.0,0.0,49.0,40.0,0.25,0.0,0.0
45,2025.0,45.0,Covid-19,Lagos,0.0,0.0,0.0,2025-11-03,0.0,-0.35125826149858225,26.95,83.75,33.6,0.0,0.0,0.0,29.0,29.0,0.0,21.75,14.49999999999999,0.0,-1.0,0.0
45,2025.0,45.0,Covid-19,Lagos,0.0,0.0,0.0,2025-11-03,0.0,-0.35125826149858225,26.95,83.75,33.6,0.0,0.0,0.0,0.0,14.5,0.0,14.5,16.743157806499138,0.0,0.0,0.0
45,2025.0,45.0,Covid-19,Lagos,0.0,0.0,0.0,2025-11-03,0.0,-0.35125826149858225,26.95,83.75,33.6,0.0,0.0,0.0,0.0,0.0,0.0,7.25,14.499999999999991,0.0,0.0,0.0
46,2025.0,46.0,Covid-19,Lagos,582.0,16.0,2.75,2025-11-10,6.368187186350492,11.847251282802107,0.0,0.0,0.0,0.0,0.0,0.0,0.0,0.0,0.0,145.5,291.0,4.0,0.0,0.0
48,2025.0,48.0,Covid-19,Lagos,0.0,0.0,0.0,2025-11-24,0.0,-0.35125826149858225,0.0,0.0,0.0,0.0,0.0,0.0,582.0,291.0,16.0,145.5,291.0,4.0,-1.0,0.0
20,2022.0,5.0,Covid-19,Nasarawa,47.0,0.0,0.0,2022-01-31,3.871201010907891,0.6338447429380712,27.81428571428572,72.85714285714286,11.9,0.0,223150896.0,53.521,0.0,0.0,0.0,47.0,0.0,0.0,0.0,0.021061981306138247
20,2022.0,5.0,Covid-19,Nasarawa,47.0,0.0,0.0,2022-01-31,3.871201010907891,0.6338447429380712,27.81428571428572,72.85714285714286,11.9,0.0,223150896.0,53.521,47.0,0.0,0.0,47.0,0.0,0.0,0.0,0.021061981306138247
20,2022.0,5.0,Covid-19,Nasarawa,47.0,0.0,0.0,2022-01-31,3.871201010907891,0.6338447429380712,27.81428571428572,72.85714285714286,11.9,0.0,223150896.0,53.521,47.0,47.0,0.0,47.0,0.0,0.0,0.0,0.021061981306138247
20,2025.0,30.0,Covid-19,Nasarawa,0.0,0.0,0.0,2025-07-24,0.0,-0.35125826149858225,29.4,66.14285714285714,21.7,0.0,0.0,0.0,47.0,47.0,0.0,35.25,23.5,0.0,-1.0,0.0
20,2025.0,30.0,Covid-19,Nasarawa,0.0,0.0,0.0,2025-07-24,0.0,-0.35125826149858225,29.4,66.14285714285714,21.7,0.0,0.0,0.0,0.0,23.5,0.0,23.5,27.135462651912412,0.0,0.0,0.0
20,2025.0,30.0,Covid-19,Nasarawa,0.0,0.0,0.0,2025-07-24,0.0,-0.35125826149858225,29.4,66.14285714285714,21.7,0.0,0.0,0.0,0.0,0.0,0.0,11.75,23.5,0.0,0.0,0.0
36,2025.0,36.0,Covid-19,Nasarawa,0.0,0.0,0.0,2025-09-01,0.0,-0.35125826149858225,25.31428571428572,84.28571428571429,55.8,0.0,0.0,0.0,0.0,0.0,0.0,0.0,0.0,0.0,0.0,0.0
36,2025.0,36.0,Covid-19,Nasarawa,0.0,0.0,0.0,2025-09-01,0.0,-0.35125826149858225,25.31428571428572,84.28571428571429,55.8,0.0,0.0,0.0,0.0,0.0,0.0,0.0,0.0,0.0,0.0,0.0
36,2025.0,36.0,Covid-19,Nasarawa,0.0,0.0,0.0,2025-09-01,0.0,-0.35125826149858225,25.31428571428572,84.28571428571429,55.8,0.0,0.0,0.0,0.0,0.0,0.0,0.0,0.0,0.0,0.0,0.0
44,2025.0,44.0,Covid-19,Nasarawa,0.0,0.0,0.0,2025-10-27,0.0,-0.35125826149858225,28.014285714285712,71.14285714285714,16.4,0.0,0.0,0.0,0.0,0.0,0.0,0.0,0.0,0.0,0.0,0.0
44,2025.0,44.0,Covid-19,Nasarawa,0.0,0.0,0.0,2025-10-27,0.0,-0.35125826149858225,28.014285714285712,71.14285714285714,16.4,0.0,0.0,0.0,0.0,0.0,0.0,0.0,0.0,0.0,0.0,0.0
44,2025.0,44.0,Covid-19,Nasarawa,0.0,0.0,0.0,2025-10-27,0.0,-0.35125826149858225,28.014285714285712,71.14285714285714,16.4,0.0,0.0,0.0,0.0,0.0,0.0,0.0,0.0,0.0,0.0,0.0
1,2020.0,1.0,Covid-19,Niger,2.0,0.0,0.0,2019-12-30,1.0986122886681098,-0.30933898471404375,24.4,22.571428571428573,0.0,0.0,213996181.0,51.958,0.0,0.0,0.0,2.0,0.0,0.0,0.0,0.0009345961178624959
1,2020.0,1.0,Covid-19,Niger,2.0,0.0,0.0,2019-12-30,1.0986122886681098,-0.30933898471404375,24.4,22.571428571428573,0.0,0.0,213996181.0,51.958,2.0,0.0,0.0,2.0,0.0,0.0,0.0,0.0009345961178624959
1,2020.0,1.0,Covid-19,Niger,2.0,0.0,0.0,2019-12-30,1.0986122886681098,-0.30933898471404375,24.4,22.571428571428573,0.0,0.0,213996181.0,51.958,2.0,2.0,0.0,2.0,0.0,0.0,0.0,0.0009345961178624959
20,2020.0,1.0,Covid-19,Niger,1.0,0.0,0.0,2020-01-01,0.6931471805599453,-0.330298623106313,30.4,59.85714285714285,0.5,0.0,213996181.0,51.958,2.0,2.0,0.0,1.75,0.5,0.0,-0.5,0.00046729805893124795
20,2020.0,1.0,Covid-19,Niger,1.0,0.0,0.0,2020-01-01,0.6931471805599453,-0.330298623106313,30.4,59.85714285714285,0.5,0.0,213996181.0,51.958,1.0,1.5,0.0,1.5,0.5773502691896257,0.0,0.0,0.00046729805893124795
20,2020.0,1.0,Covid-19,Niger,1.0,0.0,0.0,2020-01-01,0.6931471805599453,-0.330298623106313,30.4,59.85714285714285,0.5,0.0,213996181.0,51.958,1.0,1.0,0.0,1.25,0.5,0.0,0.0,0.00046729805893124795
20,2022.0,5.0,Covid-19,Niger,48.0,0.0,0.0,2022-01-31,3.8918202981106265,0.6548043813303405,29.014285714285712,65.0,10.5,0.0,223150896.0,53.521,1.0,1.0,0.0,12.75,23.5,0.0,47.0,0.021510108567970976
20,2022.0,5.0,Covid-19,Niger,48.0,0.0,0.0,2022-01-31,3.8918202981106265,0.6548043813303405,29.014285714285712,65.0,10.5,0.0,223150896.0,53.521,48.0,24.5,0.0,24.5,27.135462651912412,0.0,0.0,0.021510108567970976
20,2022.0,5.0,Covid-19,Niger,48.0,0.0,0.0,2022-01-31,3.8918202981106265,0.6548043813303405,29.014285714285712,65.0,10.5,0.0,223150896.0,53.521,48.0,48.0,0.0,36.25,23.499999999999996,0.0,0.0,0.021510108567970976
20,2025.0,10.0,Covid-19,Niger,1.0,0.0,0.0,2025-03-07,0.6931471805599453,-0.330298623106313,29.2,67.0,27.0,0.0,0.0,0.0,48.0,48.0,0.0,36.25,23.499999999999996,0.0,-0.9791666666666666,0.0
20,2025.0,10.0,Covid-19,Niger,1.0,0.0,0.0,2025-03-07,0.6931471805599453,-0.330298623106313,29.2,67.0,27.0,0.0,0.0,0.0,1.0,24.5,0.0,24.5,27.135462651912412,0.0,0.0,0.0
20,2025.0,10.0,Covid-19,Niger,1.0,0.0,0.0,2025-03-07,0.6931471805599453,-0.330298623106313,29.2,67.0,27.0,0.0,0.0,0.0,1.0,1.0,0.0,12.75,23.5,0.0,0.0,0.0
1,2020.0,1.0,Covid-19,Ogun,4.0,0.0,0.0,2019-12-30,1.6094379124341003,-0.2674197079295053,27.02857142857143,28.0,0.0,0.0,213996181.0,51.958,0.0,0.0,0.0,4.0,0.0,0.0,0.0,0.0018691922357249918
1,2020.0,1.0,Covid-19,Ogun,4.0,0.0,0.0,2019-12-30,1.6094379124341003,-0.2674197079295053,27.02857142857143,28.0,0.0,0.0,213996181.0,51.958,4.0,0.0,0.0,4.0,0.0,0.0,0.0,0.0018691922357249918
1,2020.0,1.0,Covid-19,Ogun,4.0,0.0,0.0,2019-12-30,1.6094379124341003,-0.2674197079295053,27.02857142857143,28.0,0.0,0.0,213996181.0,51.958,4.0,4.0,0.0,4.0,0.0,0.0,0.0,0.0018691922357249918
20,2020.0,1.0,Covid-19,Ogun,9.0,0.0,0.0,2020-01-01,2.302585092994046,-0.1626215159681592,27.985714285714288,80.14285714285714,4.7,0.0,213996181.0,51.958,4.0,4.0,0.0,5.25,2.5,0.0,1.25,0.004205682530381232
20,2020.0,1.0,Covid-19,Ogun,9.0,0.0,0.0,2020-01-01,2.302585092994046,-0.1626215159681592,27.985714285714288,80.14285714285714,4.7,0.0,213996181.0,51.958,9.0,6.5,0.0,6.5,2.8867513459481287,0.0,0.0,0.004205682530381232
20,2020.0,1.0,Covid-19,Ogun,9.0,0.0,0.0,2020-01-01,2.302585092994046,-0.1626215159681592,27.985714285714288,80.14285714285714,4.7,0.0,213996181.0,51.958,9.0,9.0,0.0,7.75,2.5,0.0,0.0,0.004205682530381232
20,2022.0,5.0,Covid-19,Ogun,51.0,0.0,0.0,2022-01-31,3.9512437185814275,0.7176832965071481,26.82857142857143,83.71428571428571,40.7,0.0,223150896.0,53.521,9.0,9.0,0.0,19.5,21.0,0.0,4.666666666666667,0.022854490353469162
20,2022.0,5.0,Covid-19,Ogun,51.0,0.0,0.0,2022-01-31,3.9512437185814275,0.7176832965071481,26.82857142857143,83.71428571428571,40.7,0.0,223150896.0,53.521,51.0,30.0,0.0,30.0,24.24871130596428,0.0,0.0,0.022854490353469162
20,2022.0,5.0,Covid-19,Ogun,51.0,0.0,0.0,2022-01-31,3.9512437185814275,0.7176832965071481,26.82857142857143,83.71428571428571,40.7,0.0,223150896.0,53.521,51.0,51.0,0.0,40.5,21.0,0.0,0.0,0.022854490353469162
20,2025.0,10.0,Covid-19,Ogun,4.0,0.0,0.0,2025-03-04,1.6094379124341003,-0.2674197079295053,27.514285714285712,82.42857142857143,43.5,0.0,0.0,0.0,51.0,51.0,0.0,39.25,23.5,0.0,-0.9215686274509803,0.0
20,2025.0,10.0,Covid-19,Ogun,4.0,0.0,0.0,2025-03-04,1.6094379124341003,-0.2674197079295053,27.514285714285712,82.42857142857143,43.5,0.0,0.0,0.0,4.0,27.5,0.0,27.5,27.135462651912412,0.0,0.0,0.0
20,2025.0,10.0,Covid-19,Ogun,4.0,0.0,0.0,2025-03-04,1.6094379124341003,-0.2674197079295053,27.514285714285712,82.42857142857143,43.5,0.0,0.0,0.0,4.0,4.0,0.0,15.75,23.5,0.0,0.0,0.0
36,2025.0,36.0,Covid-19,Ogun,0.0,1.0,0.0,2025-09-01,0.0,-0.35125826149858225,25.4,81.71428571428571,6.7,0.0,0.0,0.0,4.0,4.0,0.0,3.0,2.0,0.25,-1.0,0.0
36,2025.0,36.0,Covid-19,Ogun,0.0,1.0,0.0,2025-09-01,0.0,-0.35125826149858225,25.4,81.71428571428571,6.7,0.0,0.0,0.0,0.0,2.0,1.0,2.0,2.309401076758503,0.5,0.0,0.0
36,2025.0,36.0,Covid-19,Ogun,0.0,1.0,0.0,2025-09-01,0.0,-0.35125826149858225,25.4,81.71428571428571,6.7,0.0,0.0,0.0,0.0,0.0,1.0,1.0,2.0,0.75,0.0,0.0
44,2025.0,44.0,Covid-19,Ogun,3.0,0.0,0.0,2025-10-27,1.3862943611198906,-0.28837934632177453,26.61428571428572,84.71428571428571,14.7,0.0,0.0,0.0,0.0,0.0,1.0,0.75,1.5000000000000002,0.75,0.0,0.0
44,2025.0,44.0,Covid-19,Ogun,3.0,0.0,0.0,2025-10-27,1.3862943611198906,-0.28837934632177453,26.61428571428572,84.71428571428571,14.7,0.0,0.0,0.0,3.0,1.5,0.0,1.5,1.7320508075688774,0.5,0.0,0.0
44,2025.0,44.0,Covid-19,Ogun,3.0,0.0,0.0,2025-10-27,1.3862943611198906,-0.28837934632177453,26.61428571428572,84.71428571428571,14.7,0.0,0.0,0.0,3.0,3.0,0.0,2.25,1.5000000000000002,0.25,0.0,0.0
45,2025.0,45.0,Covid-19,Ogun,0.0,0.0,0.0,2025-11-03,0.0,-0.35125826149858225,26.4,85.5,9.2,0.0,0.0,0.0,3.0,3.0,0.0,2.25,1.5000000000000002,0.0,-1.0,0.0
45,2025.0,45.0,Covid-19,Ogun,0.0,0.0,0.0,2025-11-03,0.0,-0.35125826149858225,26.4,85.5,9.2,0.0,0.0,0.0,0.0,1.5,0.0,1.5,1.7320508075688774,0.0,0.0,0.0
45,2025.0,45.0,Covid-19,Ogun,0.0,0.0,0.0,2025-11-03,0.0,-0.35125826149858225,26.4,85.5,9.2,0.0,0.0,0.0,0.0,0.0,0.0,0.75,1.5000000000000002,0.0,0.0,0.0
46,2025.0,46.0,Covid-19,Ogun,29.0,1.0,3.45,2025-11-10,3.4011973816621555,0.25657125187722524,0.0,0.0,0.0,0.0,0.0,0.0,0.0,0.0,0.0,7.25,14.5,0.25,0.0,0.0
48,2025.0,48.0,Covid-19,Ogun,0.0,0.0,0.0,2025-11-24,0.0,-0.35125826149858225,0.0,0.0,0.0,0.0,0.0,0.0,29.0,14.5,1.0,7.25,14.5,0.25,-1.0,0.0
1,2020.0,1.0,Covid-19,Ondo,1.0,0.0,0.0,2019-12-30,0.6931471805599453,-0.330298623106313,25.014285714285712,31.142857142857142,0.0,0.0,213996181.0,51.958,0.0,0.0,0.0,1.0,0.0,0.0,0.0,0.00046729805893124795
1,2020.0,1.0,Covid-19,Ondo,1.0,0.0,0.0,2019-12-30,0.6931471805599453,-0.330298623106313,25.014285714285712,31.142857142857142,0.0,0.0,213996181.0,51.958,1.0,0.0,0.0,1.0,0.0,0.0,0.0,0.00046729805893124795
1,2020.0,1.0,Covid-19,Ondo,1.0,0.0,0.0,2019-12-30,0.6931471805599453,-0.330298623106313,25.014285714285712,31.142857142857142,0.0,0.0,213996181.0,51.958,1.0,1.0,0.0,1.0,0.0,0.0,0.0,0.00046729805893124795
20,2020.0,1.0,Covid-19,Ondo,3.0,0.0,0.0,2020-01-01,1.3862943611198906,-0.28837934632177453,26.2,83.28571428571429,13.6,0.0,213996181.0,51.958,1.0,1.0,0.0,1.5,1.0,0.0,2.0,0.0014018941767937438
20,2020.0,1.0,Covid-19,Ondo,3.0,0.0,0.0,2020-01-01,1.3862943611198906,-0.28837934632177453,26.2,83.28571428571429,13.6,0.0,213996181.0,51.958,3.0,2.0,0.0,2.0,1.1547005383792515,0.0,0.0,0.0014018941767937438
20,2020.0,1.0,Covid-19,Ondo,3.0,0.0,0.0,2020-01-01,1.3862943611198906,-0.28837934632177453,26.2,83.28571428571429,13.6,0.0,213996181.0,51.958,3.0,3.0,0.0,2.5,1.0,0.0,0.0,0.0014018941767937438
20,2022.0,5.0,Covid-19,Ondo,45.0,0.0,0.0,2022-01-31,3.828641396489095,0.5919254661535328,25.342857142857145,84.85714285714286,29.4,0.0,223150896.0,53.521,3.0,3.0,0.0,13.5,21.0,0.0,14.0,0.02016572678247279
20,2022.0,5.0,Covid-19,Ondo,45.0,0.0,0.0,2022-01-31,3.828641396489095,0.5919254661535328,25.342857142857145,84.85714285714286,29.4,0.0,223150896.0,53.521,45.0,24.0,0.0,24.0,24.24871130596428,0.0,0.0,0.02016572678247279
20,2022.0,5.0,Covid-19,Ondo,45.0,0.0,0.0,2022-01-31,3.828641396489095,0.5919254661535328,25.342857142857145,84.85714285714286,29.4,0.0,223150896.0,53.521,45.0,45.0,0.0,34.5,21.0,0.0,0.0,0.02016572678247279
20,2025.0,10.0,Covid-19,Ondo,1.0,0.0,0.0,2025-03-04,0.6931471805599453,-0.330298623106313,25.74285714285714,84.57142857142857,17.8,0.0,0.0,0.0,45.0,45.0,0.0,34.0,22.0,0.0,-0.9777777777777777,0.0
20,2025.0,10.0,Covid-19,Ondo,1.0,0.0,0.0,2025-03-04,0.6931471805599453,-0.330298623106313,25.74285714285714,84.57142857142857,17.8,0.0,0.0,0.0,1.0,23.0,0.0,23.0,25.403411844343534,0.0,0.0,0.0
20,2025.0,10.0,Covid-19,Ondo,1.0,0.0,0.0,2025-03-04,0.6931471805599453,-0.330298623106313,25.74285714285714,84.57142857142857,17.8,0.0,0.0,0.0,1.0,1.0,0.0,12.0,22.0,0.0,0.0,0.0
36,2025.0,36.0,Covid-19,Ondo,0.0,0.0,0.0,2025-09-01,0.0,-0.35125826149858225,23.97142857142857,84.85714285714286,11.4,0.0,0.0,0.0,1.0,1.0,0.0,0.75,0.5,0.0,-1.0,0.0
36,2025.0,36.0,Covid-19,Ondo,0.0,0.0,0.0,2025-09-01,0.0,-0.35125826149858225,23.97142857142857,84.85714285714286,11.4,0.0,0.0,0.0,0.0,0.5,0.0,0.5,0.5773502691896257,0.0,0.0,0.0
36,2025.0,36.0,Covid-19,Ondo,0.0,0.0,0.0,2025-09-01,0.0,-0.35125826149858225,23.97142857142857,84.85714285714286,11.4,0.0,0.0,0.0,0.0,0.0,0.0,0.25,0.5,0.0,0.0,0.0
44,2025.0,44.0,Covid-19,Ondo,0.0,0.0,0.0,2025-10-27,0.0,-0.35125826149858225,25.585714285714285,82.42857142857143,7.199999999999999,0.0,0.0,0.0,0.0,0.0,0.0,0.0,0.0,0.0,0.0,0.0
44,2025.0,44.0,Covid-19,Ondo,0.0,0.0,0.0,2025-10-27,0.0,-0.35125826149858225,25.585714285714285,82.42857142857143,7.199999999999999,0.0,0.0,0.0,0.0,0.0,0.0,0.0,0.0,0.0,0.0,0.0
44,2025.0,44.0,Covid-19,Ondo,0.0,0.0,0.0,2025-10-27,0.0,-0.35125826149858225,25.585714285714285,82.42857142857143,7.199999999999999,0.0,0.0,0.0,0.0,0.0,0.0,0.0,0.0,0.0,0.0,0.0
45,2025.0,45.0,Covid-19,Ondo,1.0,0.0,0.0,2025-11-03,0.6931471805599453,-0.330298623106313,25.275,84.75,30.5,0.0,0.0,0.0,0.0,0.0,0.0,0.25,0.5,0.0,0.0,0.0
45,2025.0,45.0,Covid-19,Ondo,1.0,0.0,0.0,2025-11-03,0.6931471805599453,-0.330298623106313,25.275,84.75,30.5,0.0,0.0,0.0,1.0,0.5,0.0,0.5,0.5773502691896257,0.0,0.0,0.0
45,2025.0,45.0,Covid-19,Ondo,1.0,0.0,0.0,2025-11-03,0.6931471805599453,-0.330298623106313,25.275,84.75,30.5,0.0,0.0,0.0,1.0,1.0,0.0,0.75,0.5,0.0,0.0,0.0
1,2020.0,1.0,Covid-19,Osun,22.0,0.0,0.0,2019-12-30,3.1354942159291497,0.10985378313134068,25.042857142857144,27.142857142857142,0.0,0.0,213996181.0,51.958,0.0,0.0,0.0,22.0,0.0,0.0,0.0,0.010280557296487455
1,2020.0,1.0,Covid-19,Osun,22.0,0.0,0.0,2019-12-30,3.1354942159291497,0.10985378313134068,25.042857142857144,27.142857142857142,0.0,0.0,213996181.0,51.958,22.0,0.0,0.0,22.0,0.0,0.0,0.0,0.010280557296487455
1,2020.0,1.0,Covid-19,Osun,22.0,0.0,0.0,2019-12-30,3.1354942159291497,0.10985378313134068,25.042857142857144,27.142857142857142,0.0,0.0,213996181.0,51.958,22.0,22.0,0.0,22.0,0.0,0.0,0.0,0.010280557296487455
1,2020.0,1.0,Covid-19,Osun,22.0,0.0,0.0,2019-12-30,3.1354942159291497,0.10985378313134068,25.042857142857144,27.142857142857142,0.0,0.0,213996181.0,51.958,22.0,22.0,0.0,22.0,0.0,0.0,0.0,0.010280557296487455
20,2020.0,1.0,Covid-19,Osun,20.0,0.0,0.0,2020-01-01,3.044522437723423,0.06793450634680225,26.914285714285715,80.14285714285714,9.0,0.0,213996181.0,51.958,22.0,22.0,0.0,21.5,1.0,0.0,-0.09090909090909091,0.009345961178624958
20,2020.0,1.0,Covid-19,Osun,20.0,0.0,0.0,2020-01-01,3.044522437723423,0.06793450634680225,26.914285714285715,80.14285714285714,9.0,0.0,213996181.0,51.958,20.0,21.0,0.0,21.0,1.1547005383792512,0.0,0.0,0.009345961178624958
20,2020.0,1.0,Covid-19,Osun,20.0,0.0,0.0,2020-01-01,3.044522437723423,0.06793450634680225,26.914285714285715,80.14285714285714,9.0,0.0,213996181.0,51.958,20.0,20.0,0.0,20.5,1.0,0.0,0.0,0.009345961178624958
20,2020.0,1.0,Covid-19,Osun,20.0,0.0,0.0,2020-01-01,3.044522437723423,0.06793450634680225,26.914285714285715,80.14285714285714,9.0,0.0,213996181.0,51.958,20.0,20.0,0.0,20.0,0.0,0.0,0.0,0.009345961178624958
20,2022.0,5.0,Covid-19,Osun,3.0,0.0,0.0,2022-01-31,1.3862943611198906,-0.28837934632177453,26.085714285714285,81.57142857142857,20.9,0.0,223150896.0,53.521,20.0,20.0,0.0,15.75,8.5,0.0,-0.85,0.001344381785498186
20,2022.0,5.0,Covid-19,Osun,3.0,0.0,0.0,2022-01-31,1.3862943611198906,-0.28837934632177453,26.085714285714285,81.57142857142857,20.9,0.0,223150896.0,53.521,3.0,11.5,0.0,11.5,9.814954576223638,0.0,0.0,0.001344381785498186
20,2022.0,5.0,Covid-19,Osun,3.0,0.0,0.0,2022-01-31,1.3862943611198906,-0.28837934632177453,26.085714285714285,81.57142857142857,20.9,0.0,223150896.0,53.521,3.0,3.0,0.0,7.25,8.5,0.0,0.0,0.001344381785498186
20,2022.0,5.0,Covid-19,Osun,3.0,0.0,0.0,2022-01-31,1.3862943611198906,-0.28837934632177453,26.085714285714285,81.57142857142857,20.9,0.0,223150896.0,53.521,3.0,3.0,0.0,3.0,0.0,0.0,0.0,0.001344381785498186
20,2025.0,10.0,Covid-19,Osun,20.0,0.0,0.0,2025-03-04,3.044522437723423,0.06793450634680225,26.957142857142856,78.42857142857143,34.300000000000004,0.0,0.0,0.0,3.0,3.0,0.0,7.25,8.5,0.0,5.666666666666667,0.0
20,2025.0,10.0,Covid-19,Osun,20.0,0.0,0.0,2025-03-04,3.044522437723423,0.06793450634680225,26.957142857142856,78.42857142857143,34.300000000000004,0.0,0.0,0.0,20.0,11.5,0.0,11.5,9.814954576223638,0.0,0.0,0.0
20,2025.0,10.0,Covid-19,Osun,20.0,0.0,0.0,2025-03-04,3.044522437723423,0.06793450634680225,26.957142857142856,78.42857142857143,34.300000000000004,0.0,0.0,0.0,20.0,20.0,0.0,15.75,8.5,0.0,0.0,0.0
20,2025.0,10.0,Covid-19,Osun,20.0,0.0,0.0,2025-03-04,3.044522437723423,0.06793450634680225,26.957142857142856,78.42857142857143,34.300000000000004,0.0,0.0,0.0,20.0,20.0,0.0,20.0,0.0,0.0,0.0,0.0
36,2025.0,36.0,Covid-19,Osun,1.0,0.0,0.0,2025-09-01,0.6931471805599453,-0.330298623106313,24.6,81.42857142857143,7.5,0.0,0.0,0.0,20.0,20.0,0.0,15.25,9.5,0.0,-0.95,0.0
36,2025.0,36.0,Covid-19,Osun,1.0,0.0,0.0,2025-09-01,0.6931471805599453,-0.330298623106313,24.6,81.42857142857143,7.5,0.0,0.0,0.0,1.0,10.5,0.0,10.5,10.969655114602888,0.0,0.0,0.0
36,2025.0,36.0,Covid-19,Osun,1.0,0.0,0.0,2025-09-01,0.6931471805599453,-0.330298623106313,24.6,81.42857142857143,7.5,0.0,0.0,0.0,1.0,1.0,0.0,5.75,9.5,0.0,0.0,0.0
36,2025.0,36.0,Covid-19,Osun,1.0,0.0,0.0,2025-09-01,0.6931471805599453,-0.330298623106313,24.6,81.42857142857143,7.5,0.0,0.0,0.0,1.0,1.0,0.0,1.0,0.0,0.0,0.0,0.0
44,2025.0,44.0,Covid-19,Osun,2.0,0.0,0.0,2025-10-27,1.0986122886681098,-0.30933898471404375,26.785714285714285,75.57142857142857,2.0,0.0,0.0,0.0,1.0,1.0,0.0,1.25,0.5,0.0,1.0,0.0
44,2025.0,44.0,Covid-19,Osun,2.0,0.0,0.0,2025-10-27,1.0986122886681098,-0.30933898471404375,26.785714285714285,75.57142857142857,2.0,0.0,0.0,0.0,2.0,1.5,0.0,1.5,0.5773502691896257,0.0,0.0,0.0
44,2025.0,44.0,Covid-19,Osun,2.0,0.0,0.0,2025-10-27,1.0986122886681098,-0.30933898471404375,26.785714285714285,75.57142857142857,2.0,0.0,0.0,0.0,2.0,2.0,0.0,1.75,0.5,0.0,0.0,0.0
44,2025.0,44.0,Covid-19,Osun,2.0,0.0,0.0,2025-10-27,1.0986122886681098,-0.30933898471404375,26.785714285714285,75.57142857142857,2.0,0.0,0.0,0.0,2.0,2.0,0.0,2.0,0.0,0.0,0.0,0.0
45,2025.0,45.0,Covid-19,Osun,20.0,0.0,0.0,2025-11-03,3.044522437723423,0.06793450634680225,26.1,80.0,21.700000000000003,0.0,0.0,0.0,2.0,2.0,0.0,6.5,9.0,0.0,9.0,0.0
45,2025.0,45.0,Covid-19,Osun,20.0,0.0,0.0,2025-11-03,3.044522437723423,0.06793450634680225,26.1,80.0,21.700000000000003,0.0,0.0,0.0,20.0,11.0,0.0,11.0,10.392304845413264,0.0,0.0,0.0
45,2025.0,45.0,Covid-19,Osun,20.0,0.0,0.0,2025-11-03,3.044522437723423,0.06793450634680225,26.1,80.0,21.700000000000003,0.0,0.0,0.0,20.0,20.0,0.0,15.5,9.0,0.0,0.0,0.0
45,2025.0,45.0,Covid-19,Osun,20.0,0.0,0.0,2025-11-03,3.044522437723423,0.06793450634680225,26.1,80.0,21.700000000000003,0.0,0.0,0.0,20.0,20.0,0.0,20.0,0.0,0.0,0.0,0.0
1,2020.0,1.0,Covid-19,Oyo,8.0,0.0,0.0,2019-12-30,2.1972245773362196,-0.18358115436042843,24.914285714285715,25.142857142857142,0.0,0.0,213996181.0,51.958,0.0,0.0,0.0,8.0,0.0,0.0,0.0,0.0037383844714499836
1,2020.0,1.0,Covid-19,Oyo,8.0,0.0,0.0,2019-12-30,2.1972245773362196,-0.18358115436042843,24.914285714285715,25.142857142857142,0.0,0.0,213996181.0,51.958,8.0,0.0,0.0,8.0,0.0,0.0,0.0,0.0037383844714499836
1,2020.0,1.0,Covid-19,Oyo,8.0,0.0,0.0,2019-12-30,2.1972245773362196,-0.18358115436042843,24.914285714285715,25.142857142857142,0.0,0.0,213996181.0,51.958,8.0,8.0,0.0,8.0,0.0,0.0,0.0,0.0037383844714499836
1,2020.0,1.0,Covid-19,Oyo,8.0,0.0,0.0,2019-12-30,2.1972245773362196,-0.18358115436042843,24.914285714285715,25.142857142857142,0.0,0.0,213996181.0,51.958,8.0,8.0,0.0,8.0,0.0,0.0,0.0,0.0037383844714499836
20,2020.0,1.0,Covid-19,Oyo,11.0,0.0,0.0,2020-01-01,2.4849066497880004,-0.12070223918362077,27.7,74.28571428571429,5.3,0.0,213996181.0,51.958,8.0,8.0,0.0,8.75,1.5,0.0,0.375,0.005140278648243728
20,2020.0,1.0,Covid-19,Oyo,11.0,0.0,0.0,2020-01-01,2.4849066497880004,-0.12070223918362077,27.7,74.28571428571429,5.3,0.0,213996181.0,51.958,11.0,9.5,0.0,9.5,1.7320508075688772,0.0,0.0,0.005140278648243728
20,2020.0,1.0,Covid-19,Oyo,11.0,0.0,0.0,2020-01-01,2.4849066497880004,-0.12070223918362077,27.7,74.28571428571429,5.3,0.0,213996181.0,51.958,11.0,11.0,0.0,10.25,1.5,0.0,0.0,0.005140278648243728
20,2020.0,1.0,Covid-19,Oyo,11.0,0.0,0.0,2020-01-01,2.4849066497880004,-0.12070223918362077,27.7,74.28571428571429,5.3,0.0,213996181.0,51.958,11.0,11.0,0.0,11.0,0.0,0.0,0.0,0.005140278648243728
20,2022.0,9.0,Covid-19,Oyo,56.0,0.0,0.0,2022-02-28,4.04305126783455,0.8224814884684942,26.8,76.71428571428571,16.099999999999998,0.0,223150896.0,53.521,11.0,11.0,0.0,22.25,22.5,0.0,4.090909090909091,0.025095126662632805
20,2022.0,9.0,Covid-19,Oyo,56.0,0.0,0.0,2022-02-28,4.04305126783455,0.8224814884684942,26.8,76.71428571428571,16.099999999999998,0.0,223150896.0,53.521,56.0,33.5,0.0,33.5,25.98076211353316,0.0,0.0,0.025095126662632805
20,2022.0,9.0,Covid-19,Oyo,56.0,0.0,0.0,2022-02-28,4.04305126783455,0.8224814884684942,26.8,76.71428571428571,16.099999999999998,0.0,223150896.0,53.521,56.0,56.0,0.0,44.75,22.5,0.0,0.0,0.025095126662632805
20,2022.0,9.0,Covid-19,Oyo,56.0,0.0,0.0,2022-02-28,4.04305126783455,0.8224814884684942,26.8,76.71428571428571,16.099999999999998,0.0,223150896.0,53.521,56.0,56.0,0.0,56.0,0.0,0.0,0.0,0.025095126662632805
20,2025.0,10.0,Covid-19,Oyo,9.0,0.0,0.0,2025-03-04,2.302585092994046,-0.1626215159681592,27.0,77.85714285714286,20.1,0.0,0.0,0.0,56.0,56.0,0.0,44.25,23.5,0.0,-0.8392857142857143,0.0
20,2025.0,10.0,Covid-19,Oyo,9.0,0.0,0.0,2025-03-04,2.302585092994046,-0.1626215159681592,27.0,77.85714285714286,20.1,0.0,0.0,0.0,9.0,32.5,0.0,32.5,27.135462651912412,0.0,0.0,0.0
20,2025.0,10.0,Covid-19,Oyo,9.0,0.0,0.0,2025-03-04,2.302585092994046,-0.1626215159681592,27.0,77.85714285714286,20.1,0.0,0.0,0.0,9.0,9.0,0.0,20.75,23.5,0.0,0.0,0.0
20,2025.0,10.0,Covid-19,Oyo,9.0,0.0,0.0,2025-03-04,2.302585092994046,-0.1626215159681592,27.0,77.85714285714286,20.1,0.0,0.0,0.0,9.0,9.0,0.0,9.0,0.0,0.0,0.0,0.0
36,2025.0,36.0,Covid-19,Oyo,1.0,0.0,0.0,2025-09-01,0.6931471805599453,-0.330298623106313,24.357142857142858,82.71428571428571,7.1,0.0,0.0,0.0,9.0,9.0,0.0,7.0,4.0,0.0,-0.8888888888888888,0.0
36,2025.0,36.0,Covid-19,Oyo,1.0,0.0,0.0,2025-09-01,0.6931471805599453,-0.330298623106313,24.357142857142858,82.71428571428571,7.1,0.0,0.0,0.0,1.0,5.0,0.0,5.0,4.618802153517006,0.0,0.0,0.0
36,2025.0,36.0,Covid-19,Oyo,1.0,0.0,0.0,2025-09-01,0.6931471805599453,-0.330298623106313,24.357142857142858,82.71428571428571,7.1,0.0,0.0,0.0,1.0,1.0,0.0,3.0,4.0,0.0,0.0,0.0
36,2025.0,36.0,Covid-19,Oyo,1.0,0.0,0.0,2025-09-01,0.6931471805599453,-0.330298623106313,24.357142857142858,82.71428571428571,7.1,0.0,0.0,0.0,1.0,1.0,0.0,1.0,0.0,0.0,0.0,0.0
44,2025.0,44.0,Covid-19,Oyo,1.0,0.0,0.0,2025-10-27,0.6931471805599453,-0.330298623106313,26.0,80.57142857142857,5.0,0.0,0.0,0.0,1.0,1.0,0.0,1.0,0.0,0.0,0.0,0.0
44,2025.0,44.0,Covid-19,Oyo,1.0,0.0,0.0,2025-10-27,0.6931471805599453,-0.330298623106313,26.0,80.57142857142857,5.0,0.0,0.0,0.0,1.0,1.0,0.0,1.0,0.0,0.0,0.0,0.0
44,2025.0,44.0,Covid-19,Oyo,1.0,0.0,0.0,2025-10-27,0.6931471805599453,-0.330298623106313,26.0,80.57142857142857,5.0,0.0,0.0,0.0,1.0,1.0,0.0,1.0,0.0,0.0,0.0,0.0
44,2025.0,44.0,Covid-19,Oyo,1.0,0.0,0.0,2025-10-27,0.6931471805599453,-0.330298623106313,26.0,80.57142857142857,5.0,0.0,0.0,0.0,1.0,1.0,0.0,1.0,0.0,0.0,0.0,0.0
45,2025.0,45.0,Covid-19,Oyo,9.0,0.0,0.0,2025-11-03,2.302585092994046,-0.1626215159681592,25.625,83.25,19.3,0.0,0.0,0.0,1.0,1.0,0.0,3.0,4.0,0.0,8.0,0.0
45,2025.0,45.0,Covid-19,Oyo,9.0,0.0,0.0,2025-11-03,2.302585092994046,-0.1626215159681592,25.625,83.25,19.3,0.0,0.0,0.0,9.0,5.0,0.0,5.0,4.618802153517006,0.0,0.0,0.0
45,2025.0,45.0,Covid-19,Oyo,9.0,0.0,0.0,2025-11-03,2.302585092994046,-0.1626215159681592,25.625,83.25,19.3,0.0,0.0,0.0,9.0,9.0,0.0,7.0,4.0,0.0,0.0,0.0
45,2025.0,45.0,Covid-19,Oyo,9.0,0.0,0.0,2025-11-03,2.302585092994046,-0.1626215159681592,25.625,83.25,19.3,0.0,0.0,0.0,9.0,9.0,0.0,9.0,0.0,0.0,0.0,0.0
46,2025.0,46.0,Covid-19,Oyo,17.0,1.0,5.88,2025-11-10,2.8903717578961645,0.005055591169994571,0.0,0.0,0.0,0.0,0.0,0.0,9.0,9.0,0.0,11.0,4.0,0.25,0.8888888888888888,0.0
20,2020.0,1.0,Covid-19,Plateau,1.0,0.0,0.0,2020-01-01,0.6931471805599453,-0.330298623106313,28.514285714285712,68.85714285714286,4.4,0.0,213996181.0,51.958,0.0,0.0,0.0,1.0,0.0,0.0,0.0,0.00046729805893124795
20,2020.0,1.0,Covid-19,Plateau,1.0,0.0,0.0,2020-01-01,0.6931471805599453,-0.330298623106313,28.514285714285712,68.85714285714286,4.4,0.0,213996181.0,51.958,1.0,0.0,0.0,1.0,0.0,0.0,0.0,0.00046729805893124795
20,2020.0,1.0,Covid-19,Plateau,1.0,0.0,0.0,2020-01-01,0.6931471805599453,-0.330298623106313,28.514285714285712,68.85714285714286,4.4,0.0,213996181.0,51.958,1.0,1.0,0.0,1.0,0.0,0.0,0.0,0.00046729805893124795
20,2020.0,1.0,Covid-19,Plateau,1.0,0.0,0.0,2020-01-01,0.6931471805599453,-0.330298623106313,28.514285714285712,68.85714285714286,4.4,0.0,213996181.0,51.958,1.0,1.0,0.0,1.0,0.0,0.0,0.0,0.00046729805893124795
20,2022.0,5.0,Covid-19,Plateau,27.0,0.0,0.0,2022-01-31,3.332204510175204,0.2146519750926868,27.014285714285712,75.57142857142857,26.2,0.0,223150896.0,53.521,1.0,1.0,0.0,7.5,13.0,0.0,26.0,0.012099436069483674
20,2022.0,5.0,Covid-19,Plateau,27.0,0.0,0.0,2022-01-31,3.332204510175204,0.2146519750926868,27.014285714285712,75.57142857142857,26.2,0.0,223150896.0,53.521,27.0,14.0,0.0,14.0,15.01110699893027,0.0,0.0,0.012099436069483674
20,2022.0,5.0,Covid-19,Plateau,27.0,0.0,0.0,2022-01-31,3.332204510175204,0.2146519750926868,27.014285714285712,75.57142857142857,26.2,0.0,223150896.0,53.521,27.0,27.0,0.0,20.5,13.0,0.0,0.0,0.012099436069483674
20,2022.0,5.0,Covid-19,Plateau,27.0,0.0,0.0,2022-01-31,3.332204510175204,0.2146519750926868,27.014285714285712,75.57142857142857,26.2,0.0,223150896.0,53.521,27.0,27.0,0.0,27.0,0.0,0.0,0.0,0.012099436069483674
20,2025.0,18.0,Covid-19,Plateau,1.0,0.0,0.0,2025-05-02,0.6931471805599453,-0.330298623106313,26.857142857142858,76.85714285714286,11.3,0.0,0.0,0.0,27.0,27.0,0.0,20.5,13.0,0.0,-0.9629629629629629,0.0
20,2025.0,18.0,Covid-19,Plateau,1.0,0.0,0.0,2025-05-02,0.6931471805599453,-0.330298623106313,26.857142857142858,76.85714285714286,11.3,0.0,0.0,0.0,1.0,14.0,0.0,14.0,15.01110699893027,0.0,0.0,0.0
20,2025.0,18.0,Covid-19,Plateau,1.0,0.0,0.0,2025-05-02,0.6931471805599453,-0.330298623106313,26.857142857142858,76.85714285714286,11.3,0.0,0.0,0.0,1.0,1.0,0.0,7.5,13.000000000000002,0.0,0.0,0.0
20,2025.0,18.0,Covid-19,Plateau,1.0,0.0,0.0,2025-05-02,0.6931471805599453,-0.330298623106313,26.857142857142858,76.85714285714286,11.3,0.0,0.0,0.0,1.0,1.0,0.0,1.0,0.0,0.0,0.0,0.0
36,2025.0,36.0,Covid-19,Plateau,0.0,0.0,0.0,2025-09-01,0.0,-0.35125826149858225,24.085714285714285,86.0,50.900000000000006,0.0,0.0,0.0,1.0,1.0,0.0,0.75,0.5000000000000193,0.0,-1.0,0.0
36,2025.0,36.0,Covid-19,Plateau,0.0,0.0,0.0,2025-09-01,0.0,-0.35125826149858225,24.085714285714285,86.0,50.900000000000006,0.0,0.0,0.0,0.0,0.5,0.0,0.5,0.5773502691896429,0.0,0.0,0.0
36,2025.0,36.0,Covid-19,Plateau,0.0,0.0,0.0,2025-09-01,0.0,-0.35125826149858225,24.085714285714285,86.0,50.900000000000006,0.0,0.0,0.0,0.0,0.0,0.0,0.25,0.5000000000000203,0.0,0.0,0.0
36,2025.0,36.0,Covid-19,Plateau,0.0,0.0,0.0,2025-09-01,0.0,-0.35125826149858225,24.085714285714285,86.0,50.900000000000006,0.0,0.0,0.0,0.0,0.0,0.0,0.0,0.0,0.0,0.0,0.0
44,2025.0,44.0,Covid-19,Plateau,0.0,0.0,0.0,2025-10-27,0.0,-0.35125826149858225,25.32857142857143,74.85714285714286,1.1,0.0,0.0,0.0,0.0,0.0,0.0,0.0,0.0,0.0,0.0,0.0
44,2025.0,44.0,Covid-19,Plateau,0.0,0.0,0.0,2025-10-27,0.0,-0.35125826149858225,25.32857142857143,74.85714285714286,1.1,0.0,0.0,0.0,0.0,0.0,0.0,0.0,0.0,0.0,0.0,0.0
44,2025.0,44.0,Covid-19,Plateau,0.0,0.0,0.0,2025-10-27,0.0,-0.35125826149858225,25.32857142857143,74.85714285714286,1.1,0.0,0.0,0.0,0.0,0.0,0.0,0.0,0.0,0.0,0.0,0.0
44,2025.0,44.0,Covid-19,Plateau,0.0,0.0,0.0,2025-10-27,0.0,-0.35125826149858225,25.32857142857143,74.85714285714286,1.1,0.0,0.0,0.0,0.0,0.0,0.0,0.0,0.0,0.0,0.0,0.0
46,2025.0,46.0,Covid-19,Plateau,1.0,0.0,0.0,2025-11-10,0.6931471805599453,-0.330298623106313,0.0,0.0,0.0,0.0,0.0,0.0,0.0,0.0,0.0,0.25,0.5000000000000203,0.0,0.0,0.0
1,2020.0,1.0,Covid-19,Rivers,1.0,0.0,0.0,2019-12-30,0.6931471805599453,-0.330298623106313,27.27142857142857,58.285714285714285,0.0,0.0,213996181.0,51.958,0.0,0.0,0.0,1.0,0.0,0.0,0.0,0.00046729805893124795
1,2020.0,1.0,Covid-19,Rivers,1.0,0.0,0.0,2019-12-30,0.6931471805599453,-0.330298623106313,27.27142857142857,58.285714285714285,0.0,0.0,213996181.0,51.958,1.0,0.0,0.0,1.0,0.0,0.0,0.0,0.00046729805893124795
1,2020.0,1.0,Covid-19,Rivers,1.0,0.0,0.0,2019-12-30,0.6931471805599453,-0.330298623106313,27.27142857142857,58.285714285714285,0.0,0.0,213996181.0,51.958,1.0,1.0,0.0,1.0,0.0,0.0,0.0,0.00046729805893124795
1,2020.0,1.0,Covid-19,Rivers,1.0,0.0,0.0,2019-12-30,0.6931471805599453,-0.330298623106313,27.27142857142857,58.285714285714285,0.0,0.0,213996181.0,51.958,1.0,1.0,0.0,1.0,0.0,0.0,0.0,0.00046729805893124795
20,2020.0,1.0,Covid-19,Rivers,2.0,0.0,0.0,2020-01-01,1.0986122886681098,-0.30933898471404375,27.47142857142857,85.14285714285714,27.6,0.0,213996181.0,51.958,1.0,1.0,0.0,1.25,0.5,0.0,1.0,0.0009345961178624959
20,2020.0,1.0,Covid-19,Rivers,2.0,0.0,0.0,2020-01-01,1.0986122886681098,-0.30933898471404375,27.47142857142857,85.14285714285714,27.6,0.0,213996181.0,51.958,2.0,1.5,0.0,1.5,0.5773502691896257,0.0,0.0,0.0009345961178624959
20,2020.0,1.0,Covid-19,Rivers,2.0,0.0,0.0,2020-01-01,1.0986122886681098,-0.30933898471404375,27.47142857142857,85.14285714285714,27.6,0.0,213996181.0,51.958,2.0,2.0,0.0,1.75,0.5,0.0,0.0,0.0009345961178624959
20,2020.0,1.0,Covid-19,Rivers,2.0,0.0,0.0,2020-01-01,1.0986122886681098,-0.30933898471404375,27.47142857142857,85.14285714285714,27.6,0.0,213996181.0,51.958,2.0,2.0,0.0,2.0,0.0,0.0,0.0,0.0009345961178624959
20,2022.0,33.0,Covid-19,Rivers,57.0,0.0,0.0,2022-08-15,4.060443010546419,0.8434411268607634,25.942857142857143,89.14285714285714,81.9,0.0,223150896.0,53.521,2.0,2.0,0.0,15.75,27.5,0.0,27.5,0.025543253924465534
20,2022.0,33.0,Covid-19,Rivers,57.0,0.0,0.0,2022-08-15,4.060443010546419,0.8434411268607634,25.942857142857143,89.14285714285714,81.9,0.0,223150896.0,53.521,57.0,29.5,0.0,29.5,31.75426480542942,0.0,0.0,0.025543253924465534
20,2022.0,33.0,Covid-19,Rivers,57.0,0.0,0.0,2022-08-15,4.060443010546419,0.8434411268607634,25.942857142857143,89.14285714285714,81.9,0.0,223150896.0,53.521,57.0,57.0,0.0,43.25,27.5,0.0,0.0,0.025543253924465534
20,2022.0,33.0,Covid-19,Rivers,57.0,0.0,0.0,2022-08-15,4.060443010546419,0.8434411268607634,25.942857142857143,89.14285714285714,81.9,0.0,223150896.0,53.521,57.0,57.0,0.0,57.0,0.0,0.0,0.0,0.025543253924465534
20,2025.0,10.0,Covid-19,Rivers,1.0,0.0,0.0,2025-03-04,0.6931471805599453,-0.330298623106313,27.1,85.28571428571429,40.3,0.0,0.0,0.0,57.0,57.0,0.0,43.0,28.0,0.0,-0.9824561403508771,0.0
20,2025.0,10.0,Covid-19,Rivers,1.0,0.0,0.0,2025-03-04,0.6931471805599453,-0.330298623106313,27.1,85.28571428571429,40.3,0.0,0.0,0.0,1.0,29.0,0.0,29.0,32.331615074619044,0.0,0.0,0.0
20,2025.0,10.0,Covid-19,Rivers,1.0,0.0,0.0,2025-03-04,0.6931471805599453,-0.330298623106313,27.1,85.28571428571429,40.3,0.0,0.0,0.0,1.0,1.0,0.0,15.0,28.0,0.0,0.0,0.0
20,2025.0,10.0,Covid-19,Rivers,1.0,0.0,0.0,2025-03-04,0.6931471805599453,-0.330298623106313,27.1,85.28571428571429,40.3,0.0,0.0,0.0,1.0,1.0,0.0,1.0,0.0,0.0,0.0,0.0
44,2025.0,44.0,Covid-19,Rivers,0.0,0.0,0.0,2025-10-27,0.0,-0.35125826149858225,25.457142857142856,90.14285714285714,70.9,0.0,0.0,0.0,1.0,1.0,0.0,0.75,0.4999999999999991,0.0,-1.0,0.0
44,2025.0,44.0,Covid-19,Rivers,0.0,0.0,0.0,2025-10-27,0.0,-0.35125826149858225,25.457142857142856,90.14285714285714,70.9,0.0,0.0,0.0,0.0,0.5,0.0,0.5,0.5773502691896242,0.0,0.0,0.0
44,2025.0,44.0,Covid-19,Rivers,0.0,0.0,0.0,2025-10-27,0.0,-0.35125826149858225,25.457142857142856,90.14285714285714,70.9,0.0,0.0,0.0,0.0,0.0,0.0,0.25,0.49999999999999734,0.0,0.0,0.0
44,2025.0,44.0,Covid-19,Rivers,0.0,0.0,0.0,2025-10-27,0.0,-0.35125826149858225,25.457142857142856,90.14285714285714,70.9,0.0,0.0,0.0,0.0,0.0,0.0,0.0,0.0,0.0,0.0,0.0
45,2025.0,45.0,Covid-19,Rivers,0.0,0.0,0.0,2025-11-03,0.0,-0.35125826149858225,25.325,91.0,31.8,0.0,0.0,0.0,0.0,0.0,0.0,0.0,0.0,0.0,0.0,0.0
45,2025.0,45.0,Covid-19,Rivers,0.0,0.0,0.0,2025-11-03,0.0,-0.35125826149858225,25.325,91.0,31.8,0.0,0.0,0.0,0.0,0.0,0.0,0.0,0.0,0.0,0.0,0.0
45,2025.0,45.0,Covid-19,Rivers,0.0,0.0,0.0,2025-11-03,0.0,-0.35125826149858225,25.325,91.0,31.8,0.0,0.0,0.0,0.0,0.0,0.0,0.0,0.0,0.0,0.0,0.0
45,2025.0,45.0,Covid-19,Rivers,0.0,0.0,0.0,2025-11-03,0.0,-0.35125826149858225,25.325,91.0,31.8,0.0,0.0,0.0,0.0,0.0,0.0,0.0,0.0,0.0,0.0,0.0
46,2025.0,46.0,Covid-19,Rivers,3.0,1.0,33.33,2025-11-10,1.3862943611198906,-0.28837934632177453,0.0,0.0,0.0,0.0,0.0,0.0,0.0,0.0,0.0,0.75,1.4999999999999998,0.25,0.0,0.0
48,2025.0,48.0,Covid-19,Rivers,0.0,0.0,0.0,2025-11-24,0.0,-0.35125826149858225,0.0,0.0,0.0,0.0,0.0,0.0,3.0,1.5,1.0,0.75,1.4999999999999998,0.25,-1.0,0.0
20,2020.0,1.0,Covid-19,Sokoto,2.0,0.0,0.0,2020-01-01,1.0986122886681098,-0.30933898471404375,33.48571428571428,40.57142857142857,4.4,0.0,213996181.0,51.958,0.0,0.0,0.0,2.0,0.0,0.0,0.0,0.0009345961178624959
20,2020.0,1.0,Covid-19,Sokoto,2.0,0.0,0.0,2020-01-01,1.0986122886681098,-0.30933898471404375,33.48571428571428,40.57142857142857,4.4,0.0,213996181.0,51.958,2.0,0.0,0.0,2.0,0.0,0.0,0.0,0.0009345961178624959
20,2020.0,1.0,Covid-19,Sokoto,2.0,0.0,0.0,2020-01-01,1.0986122886681098,-0.30933898471404375,33.48571428571428,40.57142857142857,4.4,0.0,213996181.0,51.958,2.0,2.0,0.0,2.0,0.0,0.0,0.0,0.0009345961178624959
20,2020.0,1.0,Covid-19,Sokoto,2.0,0.0,0.0,2020-01-01,1.0986122886681098,-0.30933898471404375,33.48571428571428,40.57142857142857,4.4,0.0,213996181.0,51.958,2.0,2.0,0.0,2.0,0.0,0.0,0.0,0.0009345961178624959
20,2022.0,5.0,Covid-19,Sokoto,49.0,0.0,0.0,2022-01-31,3.912023005428146,0.6757640197226097,32.957142857142856,29.285714285714285,0.1,0.0,223150896.0,53.521,2.0,2.0,0.0,13.75,23.5,0.0,23.5,0.021958235829803704
20,2022.0,5.0,Covid-19,Sokoto,49.0,0.0,0.0,2022-01-31,3.912023005428146,0.6757640197226097,32.957142857142856,29.285714285714285,0.1,0.0,223150896.0,53.521,49.0,25.5,0.0,25.5,27.135462651912412,0.0,0.0,0.021958235829803704
20,2022.0,5.0,Covid-19,Sokoto,49.0,0.0,0.0,2022-01-31,3.912023005428146,0.6757640197226097,32.957142857142856,29.285714285714285,0.1,0.0,223150896.0,53.521,49.0,49.0,0.0,37.25,23.499999999999996,0.0,0.0,0.021958235829803704
20,2022.0,5.0,Covid-19,Sokoto,49.0,0.0,0.0,2022-01-31,3.912023005428146,0.6757640197226097,32.957142857142856,29.285714285714285,0.1,0.0,223150896.0,53.521,49.0,49.0,0.0,49.0,0.0,0.0,0.0,0.021958235829803704
20,2025.0,18.0,Covid-19,Sokoto,10.0,0.0,0.0,2025-05-02,2.3978952727983707,-0.14166187757589,34.271428571428565,37.0,0.7,0.0,0.0,0.0,49.0,49.0,0.0,39.25,19.5,0.0,-0.7959183673469388,0.0
20,2025.0,18.0,Covid-19,Sokoto,10.0,0.0,0.0,2025-05-02,2.3978952727983707,-0.14166187757589,34.271428571428565,37.0,0.7,0.0,0.0,0.0,10.0,29.5,0.0,29.5,22.516660498395403,0.0,0.0,0.0
20,2025.0,18.0,Covid-19,Sokoto,10.0,0.0,0.0,2025-05-02,2.3978952727983707,-0.14166187757589,34.271428571428565,37.0,0.7,0.0,0.0,0.0,10.0,10.0,0.0,19.75,19.5,0.0,0.0,0.0
20,2025.0,18.0,Covid-19,Sokoto,10.0,0.0,0.0,2025-05-02,2.3978952727983707,-0.14166187757589,34.271428571428565,37.0,0.7,0.0,0.0,0.0,10.0,10.0,0.0,10.0,0.0,0.0,0.0,0.0
36,2025.0,36.0,Covid-19,Sokoto,0.0,0.0,0.0,2025-09-01,0.0,-0.35125826149858225,25.214285714285715,85.85714285714286,50.3,0.0,0.0,0.0,10.0,10.0,0.0,7.5,4.999999999999993,0.0,-1.0,0.0
36,2025.0,36.0,Covid-19,Sokoto,0.0,0.0,0.0,2025-09-01,0.0,-0.35125826149858225,25.214285714285715,85.85714285714286,50.3,0.0,0.0,0.0,0.0,5.0,0.0,5.0,5.773502691896251,0.0,0.0,0.0
36,2025.0,36.0,Covid-19,Sokoto,0.0,0.0,0.0,2025-09-01,0.0,-0.35125826149858225,25.214285714285715,85.85714285714286,50.3,0.0,0.0,0.0,0.0,0.0,0.0,2.5,4.999999999999992,0.0,0.0,0.0
36,2025.0,36.0,Covid-19,Sokoto,0.0,0.0,0.0,2025-09-01,0.0,-0.35125826149858225,25.214285714285715,85.85714285714286,50.3,0.0,0.0,0.0,0.0,0.0,0.0,0.0,0.0,0.0,0.0,0.0
46,2025.0,46.0,Covid-19,Sokoto,1.0,0.0,0.0,2025-11-10,0.6931471805599453,-0.330298623106313,0.0,0.0,0.0,0.0,0.0,0.0,0.0,0.0,0.0,0.25,0.49999999999991945,0.0,0.0,0.0
20,2022.0,5.0,Covid-19,Taraba,39.0,0.0,0.0,2022-01-31,3.6888794541139363,0.4661676357999175,29.75714285714286,63.71428571428572,12.5,0.0,223150896.0,53.521,0.0,0.0,0.0,39.0,0.0,0.0,0.0,0.017476963211476418
20,2022.0,5.0,Covid-19,Taraba,39.0,0.0,0.0,2022-01-31,3.6888794541139363,0.4661676357999175,29.75714285714286,63.71428571428572,12.5,0.0,223150896.0,53.521,39.0,0.0,0.0,39.0,0.0,0.0,0.0,0.017476963211476418
20,2022.0,5.0,Covid-19,Taraba,39.0,0.0,0.0,2022-01-31,3.6888794541139363,0.4661676357999175,29.75714285714286,63.71428571428572,12.5,0.0,223150896.0,53.521,39.0,39.0,0.0,39.0,0.0,0.0,0.0,0.017476963211476418
20,2022.0,5.0,Covid-19,Taraba,39.0,0.0,0.0,2022-01-31,3.6888794541139363,0.4661676357999175,29.75714285714286,63.71428571428572,12.5,0.0,223150896.0,53.521,39.0,39.0,0.0,39.0,0.0,0.0,0.0,0.017476963211476418
20,2025.0,18.0,Covid-19,Taraba,6.0,0.0,0.0,2025-05-02,1.9459101490553132,-0.22550043114496687,29.9,63.71428571428572,16.8,0.0,0.0,0.0,39.0,39.0,0.0,30.75,16.5,0.0,-0.8461538461538461,0.0
20,2025.0,18.0,Covid-19,Taraba,6.0,0.0,0.0,2025-05-02,1.9459101490553132,-0.22550043114496687,29.9,63.71428571428572,16.8,0.0,0.0,0.0,6.0,22.5,0.0,22.5,19.05255888325765,0.0,0.0,0.0
20,2025.0,18.0,Covid-19,Taraba,6.0,0.0,0.0,2025-05-02,1.9459101490553132,-0.22550043114496687,29.9,63.71428571428572,16.8,0.0,0.0,0.0,6.0,6.0,0.0,14.25,16.5,0.0,0.0,0.0
20,2025.0,18.0,Covid-19,Taraba,6.0,0.0,0.0,2025-05-02,1.9459101490553132,-0.22550043114496687,29.9,63.71428571428572,16.8,0.0,0.0,0.0,6.0,6.0,0.0,6.0,0.0,0.0,0.0,0.0
20,2022.0,5.0,Covid-19,Yobe,9.0,0.0,0.0,2022-01-31,2.302585092994046,-0.1626215159681592,32.82857142857143,25.857142857142858,0.3,0.0,223150896.0,53.521,0.0,0.0,0.0,9.0,0.0,0.0,0.0,0.004033145356494558
20,2022.0,5.0,Covid-19,Yobe,9.0,0.0,0.0,2022-01-31,2.302585092994046,-0.1626215159681592,32.82857142857143,25.857142857142858,0.3,0.0,223150896.0,53.521,9.0,0.0,0.0,9.0,0.0,0.0,0.0,0.004033145356494558
20,2022.0,5.0,Covid-19,Yobe,9.0,0.0,0.0,2022-01-31,2.302585092994046,-0.1626215159681592,32.82857142857143,25.857142857142858,0.3,0.0,223150896.0,53.521,9.0,9.0,0.0,9.0,0.0,0.0,0.0,0.004033145356494558
20,2022.0,5.0,Covid-19,Yobe,9.0,0.0,0.0,2022-01-31,2.302585092994046,-0.1626215159681592,32.82857142857143,25.857142857142858,0.3,0.0,223150896.0,53.521,9.0,9.0,0.0,9.0,0.0,0.0,0.0,0.004033145356494558
20,2025.0,30.0,Covid-19,Yobe,0.0,0.0,0.0,2025-07-24,0.0,-0.35125826149858225,32.871428571428574,33.42857142857143,0.1,0.0,0.0,0.0,9.0,9.0,0.0,6.75,4.5,0.0,-1.0,0.0
20,2025.0,30.0,Covid-19,Yobe,0.0,0.0,0.0,2025-07-24,0.0,-0.35125826149858225,32.871428571428574,33.42857142857143,0.1,0.0,0.0,0.0,0.0,4.5,0.0,4.5,5.196152422706632,0.0,0.0,0.0
20,2025.0,30.0,Covid-19,Yobe,0.0,0.0,0.0,2025-07-24,0.0,-0.35125826149858225,32.871428571428574,33.42857142857143,0.1,0.0,0.0,0.0,0.0,0.0,0.0,2.25,4.5,0.0,0.0,0.0
20,2025.0,30.0,Covid-19,Yobe,0.0,0.0,0.0,2025-07-24,0.0,-0.35125826149858225,32.871428571428574,33.42857142857143,0.1,0.0,0.0,0.0,0.0,0.0,0.0,0.0,0.0,0.0,0.0,0.0
44,2025.0,44.0,Covid-19,Yobe,0.0,0.0,0.0,2025-10-27,0.0,-0.35125826149858225,27.5,25.857142857142858,0.0,0.0,0.0,0.0,0.0,0.0,0.0,0.0,0.0,0.0,0.0,0.0
44,2025.0,44.0,Covid-19,Yobe,0.0,0.0,0.0,2025-10-27,0.0,-0.35125826149858225,27.5,25.857142857142858,0.0,0.0,0.0,0.0,0.0,0.0,0.0,0.0,0.0,0.0,0.0,0.0
44,2025.0,44.0,Covid-19,Yobe,0.0,0.0,0.0,2025-10-27,0.0,-0.35125826149858225,27.5,25.857142857142858,0.0,0.0,0.0,0.0,0.0,0.0,0.0,0.0,0.0,0.0,0.0,0.0
44,2025.0,44.0,Covid-19,Yobe,0.0,0.0,0.0,2025-10-27,0.0,-0.35125826149858225,27.5,25.857142857142858,0.0,0.0,0.0,0.0,0.0,0.0,0.0,0.0,0.0,0.0,0.0,0.0
45,2025.0,45.0,Covid-19,Yobe,0.0,0.0,0.0,2025-11-03,0.0,-0.35125826149858225,27.875,26.5,0.0,0.0,0.0,0.0,0.0,0.0,0.0,0.0,0.0,0.0,0.0,0.0
45,2025.0,45.0,Covid-19,Yobe,0.0,0.0,0.0,2025-11-03,0.0,-0.35125826149858225,27.875,26.5,0.0,0.0,0.0,0.0,0.0,0.0,0.0,0.0,0.0,0.0,0.0,0.0
45,2025.0,45.0,Covid-19,Yobe,0.0,0.0,0.0,2025-11-03,0.0,-0.35125826149858225,27.875,26.5,0.0,0.0,0.0,0.0,0.0,0.0,0.0,0.0,0.0,0.0,0.0,0.0
45,2025.0,45.0,Covid-19,Yobe,0.0,0.0,0.0,2025-11-03,0.0,-0.35125826149858225,27.875,26.5,0.0,0.0,0.0,0.0,0.0,0.0,0.0,0.0,0.0,0.0,0.0,0.0
48,2025.0,48.0,Covid-19,Yobe,0.0,0.0,0.0,2025-11-24,0.0,-0.35125826149858225,0.0,0.0,0.0,0.0,0.0,0.0,0.0,0.0,0.0,0.0,0.0,0.0,0.0,0.0
20,2020.0,1.0,Covid-19,Zamfara,2.0,0.0,0.0,2020-01-01,1.0986122886681098,-0.30933898471404375,30.714285714285715,54.42857142857143,7.9,0.0,213996181.0,51.958,0.0,0.0,0.0,2.0,0.0,0.0,0.0,0.0009345961178624959
20,2020.0,1.0,Covid-19,Zamfara,2.0,0.0,0.0,2020-01-01,1.0986122886681098,-0.30933898471404375,30.714285714285715,54.42857142857143,7.9,0.0,213996181.0,51.958,2.0,0.0,0.0,2.0,0.0,0.0,0.0,0.0009345961178624959
20,2020.0,1.0,Covid-19,Zamfara,2.0,0.0,0.0,2020-01-01,1.0986122886681098,-0.30933898471404375,30.714285714285715,54.42857142857143,7.9,0.0,213996181.0,51.958,2.0,2.0,0.0,2.0,0.0,0.0,0.0,0.0009345961178624959
20,2020.0,1.0,Covid-19,Zamfara,2.0,0.0,0.0,2020-01-01,1.0986122886681098,-0.30933898471404375,30.714285714285715,54.42857142857143,7.9,0.0,213996181.0,51.958,2.0,2.0,0.0,2.0,0.0,0.0,0.0,0.0009345961178624959
20,2022.0,5.0,Covid-19,Zamfara,16.0,0.0,0.0,2022-01-31,2.833213344056216,-0.01590404722227465,31.11428571428571,41.42857142857143,3.8,0.0,223150896.0,53.521,2.0,2.0,0.0,5.5,7.0,0.0,7.0,0.007170036189323659
20,2022.0,5.0,Covid-19,Zamfara,16.0,0.0,0.0,2022-01-31,2.833213344056216,-0.01590404722227465,31.11428571428571,41.42857142857143,3.8,0.0,223150896.0,53.521,16.0,9.0,0.0,9.0,8.082903768654761,0.0,0.0,0.007170036189323659
20,2022.0,5.0,Covid-19,Zamfara,16.0,0.0,0.0,2022-01-31,2.833213344056216,-0.01590404722227465,31.11428571428571,41.42857142857143,3.8,0.0,223150896.0,53.521,16.0,16.0,0.0,12.5,7.0,0.0,0.0,0.007170036189323659
20,2022.0,5.0,Covid-19,Zamfara,16.0,0.0,0.0,2022-01-31,2.833213344056216,-0.01590404722227465,31.11428571428571,41.42857142857143,3.8,0.0,223150896.0,53.521,16.0,16.0,0.0,16.0,0.0,0.0,0.0,0.007170036189323659
20,2025.0,18.0,Covid-19,Zamfara,2.0,0.0,0.0,2025-05-02,1.0986122886681098,-0.30933898471404375,30.6,53.71428571428572,5.4,0.0,0.0,0.0,16.0,16.0,0.0,12.5,7.0,0.0,-0.875,0.0
20,2025.0,18.0,Covid-19,Zamfara,2.0,0.0,0.0,2025-05-02,1.0986122886681098,-0.30933898471404375,30.6,53.71428571428572,5.4,0.0,0.0,0.0,2.0,9.0,0.0,9.0,8.082903768654761,0.0,0.0,0.0
20,2025.0,18.0,Covid-19,Zamfara,2.0,0.0,0.0,2025-05-02,1.0986122886681098,-0.30933898471404375,30.6,53.71428571428572,5.4,0.0,0.0,0.0,2.0,2.0,0.0,5.5,7.0,0.0,0.0,0.0
20,2025.0,18.0,Covid-19,Zamfara,2.0,0.0,0.0,2025-05-02,1.0986122886681098,-0.30933898471404375,30.6,53.71428571428572,5.4,0.0,0.0,0.0,2.0,2.0,0.0,2.0,0.0,0.0,0.0,0.0
20,2023.0,48.0,Diphtheria,Abia,3.0,0.0,0.0,2023-11-27,1.3862943611198906,-0.2710870144474522,26.342857142857145,87.0,44.4,272.36538461538464,227882945.0,54.283,0.0,0.0,0.0,3.0,0.0,0.0,0.0,0.0013164653458379695
20,2023.0,48.0,Diphtheria,Abia,3.0,0.0,0.0,2023-11-27,1.3862943611198906,-0.2710870144474522,26.342857142857145,87.0,44.4,272.36538461538464,227882945.0,54.283,3.0,0.0,0.0,3.0,0.0,0.0,0.0,0.0013164653458379695
20,2023.0,48.0,Diphtheria,Abia,3.0,0.0,0.0,2023-11-27,1.3862943611198906,-0.2710870144474522,26.342857142857145,87.0,44.4,272.36538461538464,227882945.0,54.283,3.0,3.0,0.0,3.0,0.0,0.0,0.0,0.0013164653458379695
20,2023.0,48.0,Diphtheria,Abia,3.0,0.0,0.0,2023-11-27,1.3862943611198906,-0.2710870144474522,26.342857142857145,87.0,44.4,272.36538461538464,227882945.0,54.283,3.0,3.0,0.0,3.0,0.0,0.0,0.0,0.0013164653458379695
20,2024.0,35.0,Diphtheria,Abia,25.0,0.0,0.0,2024-08-26,3.258096538021482,-0.26486322647290633,27.414285714285715,82.14285714285714,34.4,203.75,232679478.0,55.03,3.0,3.0,0.0,8.5,11.0,0.0,7.333333333333333,0.010744394054382399
20,2024.0,35.0,Diphtheria,Abia,25.0,0.0,0.0,2024-08-26,3.258096538021482,-0.26486322647290633,27.414285714285715,82.14285714285714,34.4,203.75,232679478.0,55.03,25.0,14.0,0.0,14.0,12.701705922171767,0.0,0.0,0.010744394054382399
20,2024.0,35.0,Diphtheria,Abia,25.0,0.0,0.0,2024-08-26,3.258096538021482,-0.26486322647290633,27.414285714285715,82.14285714285714,34.4,203.75,232679478.0,55.03,25.0,25.0,0.0,19.5,11.0,0.0,0.0,0.010744394054382399
20,2024.0,35.0,Diphtheria,Abia,25.0,0.0,0.0,2024-08-26,3.258096538021482,-0.26486322647290633,27.414285714285715,82.14285714285714,34.4,203.75,232679478.0,55.03,25.0,25.0,0.0,25.0,0.0,0.0,0.0,0.010744394054382399
20,2025.0,4.0,Diphtheria,Abia,25.0,0.0,0.0,2025-01-20,3.258096538021482,-0.26486322647290633,26.62857142857143,83.42857142857143,54.4,0.0,0.0,0.0,25.0,25.0,0.0,25.0,0.0,0.0,0.0,0.0
20,2025.0,4.0,Diphtheria,Abia,25.0,0.0,0.0,2025-01-20,3.258096538021482,-0.26486322647290633,26.62857142857143,83.42857142857143,54.4,0.0,0.0,0.0,25.0,25.0,0.0,25.0,0.0,0.0,0.0,0.0
20,2025.0,4.0,Diphtheria,Abia,25.0,0.0,0.0,2025-01-20,3.258096538021482,-0.26486322647290633,26.62857142857143,83.42857142857143,54.4,0.0,0.0,0.0,25.0,25.0,0.0,25.0,0.0,0.0,0.0,0.0
20,2025.0,4.0,Diphtheria,Abia,25.0,0.0,0.0,2025-01-20,3.258096538021482,-0.26486322647290633,26.62857142857143,83.42857142857143,54.4,0.0,0.0,0.0,25.0,25.0,0.0,25.0,0.0,0.0,0.0,0.0
20,2023.0,48.0,Diphtheria,Abuja,115.0,2.0,1.74,2023-11-27,4.7535901911063645,-0.2394022756679462,27.0,76.71428571428571,37.9,272.36538461538464,227882945.0,54.283,0.0,0.0,0.0,115.0,0.0,2.0,0.0,0.05046450492378883
20,2023.0,48.0,Diphtheria,Abuja,115.0,2.0,1.74,2023-11-27,4.7535901911063645,-0.2394022756679462,27.0,76.71428571428571,37.9,272.36538461538464,227882945.0,54.283,115.0,0.0,2.0,115.0,0.0,2.0,0.0,0.05046450492378883
20,2023.0,48.0,Diphtheria,Abuja,115.0,2.0,1.74,2023-11-27,4.7535901911063645,-0.2394022756679462,27.0,76.71428571428571,37.9,272.36538461538464,227882945.0,54.283,115.0,115.0,2.0,115.0,0.0,2.0,0.0,0.05046450492378883
20,2023.0,48.0,Diphtheria,Abuja,115.0,2.0,1.74,2023-11-27,4.7535901911063645,-0.2394022756679462,27.0,76.71428571428571,37.9,272.36538461538464,227882945.0,54.283,115.0,115.0,2.0,115.0,0.0,2.0,0.0,0.05046450492378883
20,2024.0,35.0,Diphtheria,Abuja,146.0,7.0,4.79,2024-08-26,4.990432586778736,-0.23063239261290436,28.285714285714285,68.0,1.3,203.75,232679478.0,55.03,115.0,115.0,2.0,122.75,15.5,3.25,0.26956521739130435,0.06274726127759321
20,2024.0,35.0,Diphtheria,Abuja,146.0,7.0,4.79,2024-08-26,4.990432586778736,-0.23063239261290436,28.285714285714285,68.0,1.3,203.75,232679478.0,55.03,146.0,130.5,7.0,130.5,17.8978583448784,4.5,0.0,0.06274726127759321
20,2024.0,35.0,Diphtheria,Abuja,146.0,7.0,4.79,2024-08-26,4.990432586778736,-0.23063239261290436,28.285714285714285,68.0,1.3,203.75,232679478.0,55.03,146.0,146.0,7.0,138.25,15.500000000000004,5.75,0.0,0.06274726127759321
20,2024.0,35.0,Diphtheria,Abuja,146.0,7.0,4.79,2024-08-26,4.990432586778736,-0.23063239261290436,28.285714285714285,68.0,1.3,203.75,232679478.0,55.03,146.0,146.0,7.0,146.0,0.0,7.0,0.0,0.06274726127759321
20,2025.0,4.0,Diphtheria,Abuja,146.0,7.0,4.79,2025-01-20,4.990432586778736,-0.23063239261290436,26.9,75.71428571428571,29.6,0.0,0.0,0.0,146.0,146.0,7.0,146.0,0.0,7.0,0.0,0.0
20,2025.0,4.0,Diphtheria,Abuja,146.0,7.0,4.79,2025-01-20,4.990432586778736,-0.23063239261290436,26.9,75.71428571428571,29.6,0.0,0.0,0.0,146.0,146.0,7.0,146.0,0.0,7.0,0.0,0.0
20,2025.0,4.0,Diphtheria,Abuja,146.0,7.0,4.79,2025-01-20,4.990432586778736,-0.23063239261290436,26.9,75.71428571428571,29.6,0.0,0.0,0.0,146.0,146.0,7.0,146.0,0.0,7.0,0.0,0.0
20,2025.0,4.0,Diphtheria,Abuja,146.0,7.0,4.79,2025-01-20,4.990432586778736,-0.23063239261290436,26.9,75.71428571428571,29.6,0.0,0.0,0.0,146.0,146.0,7.0,146.0,0.0,7.0,0.0,0.0
20,2023.0,48.0,Diphtheria,Adamawa,1.0,0.0,0.0,2023-11-27,0.6931471805599453,-0.2716528133542291,31.714285714285715,60.85714285714285,15.5,272.36538461538464,227882945.0,54.283,0.0,0.0,0.0,1.0,0.0,0.0,0.0,0.0004388217819459899
20,2023.0,48.0,Diphtheria,Adamawa,1.0,0.0,0.0,2023-11-27,0.6931471805599453,-0.2716528133542291,31.714285714285715,60.85714285714285,15.5,272.36538461538464,227882945.0,54.283,1.0,0.0,0.0,1.0,0.0,0.0,0.0,0.0004388217819459899
20,2023.0,48.0,Diphtheria,Adamawa,1.0,0.0,0.0,2023-11-27,0.6931471805599453,-0.2716528133542291,31.714285714285715,60.85714285714285,15.5,272.36538461538464,227882945.0,54.283,1.0,1.0,0.0,1.0,0.0,0.0,0.0,0.0004388217819459899
20,2023.0,48.0,Diphtheria,Adamawa,1.0,0.0,0.0,2023-11-27,0.6931471805599453,-0.2716528133542291,31.714285714285715,60.85714285714285,15.5,272.36538461538464,227882945.0,54.283,1.0,1.0,0.0,1.0,0.0,0.0,0.0,0.0004388217819459899
20,2024.0,35.0,Diphtheria,Adamawa,65.0,4.0,6.15,2024-08-26,4.189654742026425,-0.2535472483373685,33.05714285714286,50.42857142857143,11.8,203.75,232679478.0,55.03,1.0,1.0,0.0,17.0,32.0,1.0,64.0,0.027935424541394235
20,2024.0,35.0,Diphtheria,Adamawa,65.0,4.0,6.15,2024-08-26,4.189654742026425,-0.2535472483373685,33.05714285714286,50.42857142857143,11.8,203.75,232679478.0,55.03,65.0,33.0,4.0,33.0,36.95041722813605,2.0,0.0,0.027935424541394235
20,2024.0,35.0,Diphtheria,Adamawa,65.0,4.0,6.15,2024-08-26,4.189654742026425,-0.2535472483373685,33.05714285714286,50.42857142857143,11.8,203.75,232679478.0,55.03,65.0,65.0,4.0,49.0,32.0,3.0,0.0,0.027935424541394235
20,2024.0,35.0,Diphtheria,Adamawa,65.0,4.0,6.15,2024-08-26,4.189654742026425,-0.2535472483373685,33.05714285714286,50.42857142857143,11.8,203.75,232679478.0,55.03,65.0,65.0,4.0,65.0,0.0,4.0,0.0,0.027935424541394235
20,2025.0,4.0,Diphtheria,Adamawa,65.0,4.0,6.15,2025-01-20,4.189654742026425,-0.2535472483373685,31.857142857142858,53.42857142857143,15.9,0.0,0.0,0.0,65.0,65.0,4.0,65.0,0.0,4.0,0.0,0.0
20,2025.0,4.0,Diphtheria,Adamawa,65.0,4.0,6.15,2025-01-20,4.189654742026425,-0.2535472483373685,31.857142857142858,53.42857142857143,15.9,0.0,0.0,0.0,65.0,65.0,4.0,65.0,0.0,4.0,0.0,0.0
20,2025.0,4.0,Diphtheria,Adamawa,65.0,4.0,6.15,2025-01-20,4.189654742026425,-0.2535472483373685,31.857142857142858,53.42857142857143,15.9,0.0,0.0,0.0,65.0,65.0,4.0,65.0,0.0,4.0,0.0,0.0
20,2025.0,4.0,Diphtheria,Adamawa,65.0,4.0,6.15,2025-01-20,4.189654742026425,-0.2535472483373685,31.857142857142858,53.42857142857143,15.9,0.0,0.0,0.0,65.0,65.0,4.0,65.0,0.0,4.0,0.0,0.0
20,2023.0,48.0,Diphtheria,Akwa Ibom,1.0,0.0,0.0,2023-11-27,0.6931471805599453,-0.2716528133542291,26.385714285714283,88.42857142857143,44.6,272.36538461538464,227882945.0,54.283,0.0,0.0,0.0,1.0,0.0,0.0,0.0,0.0004388217819459899
20,2023.0,48.0,Diphtheria,Akwa Ibom,1.0,0.0,0.0,2023-11-27,0.6931471805599453,-0.2716528133542291,26.385714285714283,88.42857142857143,44.6,272.36538461538464,227882945.0,54.283,1.0,0.0,0.0,1.0,0.0,0.0,0.0,0.0004388217819459899
20,2023.0,48.0,Diphtheria,Akwa Ibom,1.0,0.0,0.0,2023-11-27,0.6931471805599453,-0.2716528133542291,26.385714285714283,88.42857142857143,44.6,272.36538461538464,227882945.0,54.283,1.0,1.0,0.0,1.0,0.0,0.0,0.0,0.0004388217819459899
20,2023.0,48.0,Diphtheria,Akwa Ibom,1.0,0.0,0.0,2023-11-27,0.6931471805599453,-0.2716528133542291,26.385714285714283,88.42857142857143,44.6,272.36538461538464,227882945.0,54.283,1.0,1.0,0.0,1.0,0.0,0.0,0.0,0.0004388217819459899
20,2025.0,4.0,Diphtheria,Akwa Ibom,1.0,0.0,0.0,2025-01-20,0.6931471805599453,-0.2716528133542291,26.77142857142857,84.28571428571429,52.0,0.0,0.0,0.0,1.0,1.0,0.0,1.0,0.0,0.0,0.0,0.0
20,2025.0,4.0,Diphtheria,Akwa Ibom,1.0,0.0,0.0,2025-01-20,0.6931471805599453,-0.2716528133542291,26.77142857142857,84.28571428571429,52.0,0.0,0.0,0.0,1.0,1.0,0.0,1.0,0.0,0.0,0.0,0.0
20,2025.0,4.0,Diphtheria,Akwa Ibom,1.0,0.0,0.0,2025-01-20,0.6931471805599453,-0.2716528133542291,26.77142857142857,84.28571428571429,52.0,0.0,0.0,0.0,1.0,1.0,0.0,1.0,0.0,0.0,0.0,0.0
20,2025.0,4.0,Diphtheria,Akwa Ibom,1.0,0.0,0.0,2025-01-20,0.6931471805599453,-0.2716528133542291,26.77142857142857,84.28571428571429,52.0,0.0,0.0,0.0,1.0,1.0,0.0,1.0,0.0,0.0,0.0,0.0
20,2023.0,48.0,Diphtheria,Anambra,1.0,0.0,0.0,2023-11-27,0.6931471805599453,-0.2716528133542291,27.714285714285715,83.57142857142857,43.2,272.36538461538464,227882945.0,54.283,0.0,0.0,0.0,1.0,0.0,0.0,0.0,0.0004388217819459899
20,2023.0,48.0,Diphtheria,Anambra,1.0,0.0,0.0,2023-11-27,0.6931471805599453,-0.2716528133542291,27.714285714285715,83.57142857142857,43.2,272.36538461538464,227882945.0,54.283,1.0,0.0,0.0,1.0,0.0,0.0,0.0,0.0004388217819459899
20,2023.0,48.0,Diphtheria,Anambra,1.0,0.0,0.0,2023-11-27,0.6931471805599453,-0.2716528133542291,27.714285714285715,83.57142857142857,43.2,272.36538461538464,227882945.0,54.283,1.0,1.0,0.0,1.0,0.0,0.0,0.0,0.0004388217819459899
20,2023.0,48.0,Diphtheria,Anambra,1.0,0.0,0.0,2023-11-27,0.6931471805599453,-0.2716528133542291,27.714285714285715,83.57142857142857,43.2,272.36538461538464,227882945.0,54.283,1.0,1.0,0.0,1.0,0.0,0.0,0.0,0.0004388217819459899
20,2024.0,35.0,Diphtheria,Anambra,1.0,0.0,0.0,2024-08-26,0.6931471805599453,-0.2716528133542291,28.228571428571428,81.14285714285714,13.599999999999998,203.75,232679478.0,55.03,1.0,1.0,0.0,1.0,0.0,0.0,0.0,0.00042977576217529594
20,2024.0,35.0,Diphtheria,Anambra,1.0,0.0,0.0,2024-08-26,0.6931471805599453,-0.2716528133542291,28.228571428571428,81.14285714285714,13.599999999999998,203.75,232679478.0,55.03,1.0,1.0,0.0,1.0,0.0,0.0,0.0,0.00042977576217529594
20,2024.0,35.0,Diphtheria,Anambra,1.0,0.0,0.0,2024-08-26,0.6931471805599453,-0.2716528133542291,28.228571428571428,81.14285714285714,13.599999999999998,203.75,232679478.0,55.03,1.0,1.0,0.0,1.0,0.0,0.0,0.0,0.00042977576217529594
20,2024.0,35.0,Diphtheria,Anambra,1.0,0.0,0.0,2024-08-26,0.6931471805599453,-0.2716528133542291,28.228571428571428,81.14285714285714,13.599999999999998,203.75,232679478.0,55.03,1.0,1.0,0.0,1.0,0.0,0.0,0.0,0.00042977576217529594
20,2025.0,4.0,Diphtheria,Anambra,1.0,0.0,0.0,2025-01-20,0.6931471805599453,-0.2716528133542291,27.61428571428572,81.71428571428571,26.4,0.0,0.0,0.0,1.0,1.0,0.0,1.0,0.0,0.0,0.0,0.0
20,2025.0,4.0,Diphtheria,Anambra,1.0,0.0,0.0,2025-01-20,0.6931471805599453,-0.2716528133542291,27.61428571428572,81.71428571428571,26.4,0.0,0.0,0.0,1.0,1.0,0.0,1.0,0.0,0.0,0.0,0.0
20,2025.0,4.0,Diphtheria,Anambra,1.0,0.0,0.0,2025-01-20,0.6931471805599453,-0.2716528133542291,27.61428571428572,81.71428571428571,26.4,0.0,0.0,0.0,1.0,1.0,0.0,1.0,0.0,0.0,0.0,0.0
20,2025.0,4.0,Diphtheria,Anambra,1.0,0.0,0.0,2025-01-20,0.6931471805599453,-0.2716528133542291,27.61428571428572,81.71428571428571,26.4,0.0,0.0,0.0,1.0,1.0,0.0,1.0,0.0,0.0,0.0,0.0
20,2023.0,48.0,Diphtheria,Bauchi,1139.0,19.0,1.67,2023-11-27,7.038783541388542,0.05028676460182273,29.82857142857143,55.0,7.9,272.36538461538464,227882945.0,54.283,0.0,0.0,0.0,1139.0,0.0,19.0,0.0,0.49981800963648243
20,2023.0,48.0,Diphtheria,Bauchi,1139.0,19.0,1.67,2023-11-27,7.038783541388542,0.05028676460182273,29.82857142857143,55.0,7.9,272.36538461538464,227882945.0,54.283,1139.0,0.0,19.0,1139.0,0.0,19.0,0.0,0.49981800963648243
20,2023.0,48.0,Diphtheria,Bauchi,1139.0,19.0,1.67,2023-11-27,7.038783541388542,0.05028676460182273,29.82857142857143,55.0,7.9,272.36538461538464,227882945.0,54.283,1139.0,1139.0,19.0,1139.0,0.0,19.0,0.0,0.49981800963648243
20,2023.0,48.0,Diphtheria,Bauchi,1139.0,19.0,1.67,2023-11-27,7.038783541388542,0.05028676460182273,29.82857142857143,55.0,7.9,272.36538461538464,227882945.0,54.283,1139.0,1139.0,19.0,1139.0,0.0,19.0,0.0,0.49981800963648243
20,2024.0,35.0,Diphtheria,Bauchi,2490.0,91.0,3.65,2024-08-26,7.820439515262181,0.43248392612961356,30.685714285714287,45.71428571428572,6.300000000000001,203.75,232679478.0,55.03,1139.0,1139.0,19.0,1476.75,675.5,37.0,1.1861281826163301,1.070141647816487
20,2024.0,35.0,Diphtheria,Bauchi,2490.0,91.0,3.65,2024-08-26,7.820439515262181,0.43248392612961356,30.685714285714287,45.71428571428572,6.300000000000001,203.75,232679478.0,55.03,2490.0,1814.5,91.0,1814.5,780.0002136751845,55.0,0.0,1.070141647816487
20,2024.0,35.0,Diphtheria,Bauchi,2490.0,91.0,3.65,2024-08-26,7.820439515262181,0.43248392612961356,30.685714285714287,45.71428571428572,6.300000000000001,203.75,232679478.0,55.03,2490.0,2490.0,91.0,2152.25,675.5,73.0,0.0,1.070141647816487
20,2024.0,35.0,Diphtheria,Bauchi,2490.0,91.0,3.65,2024-08-26,7.820439515262181,0.43248392612961356,30.685714285714287,45.71428571428572,6.300000000000001,203.75,232679478.0,55.03,2490.0,2490.0,91.0,2490.0,0.0,91.0,0.0,1.070141647816487
20,2025.0,4.0,Diphtheria,Bauchi,3066.0,104.0,3.39,2025-01-20,8.028455164114252,0.5954340112813585,29.514285714285712,53.0,7.5,0.0,0.0,0.0,2490.0,2490.0,91.0,2634.0,287.9999999999999,94.25,0.23132530120481928,0.0
20,2025.0,4.0,Diphtheria,Bauchi,3066.0,104.0,3.39,2025-01-20,8.028455164114252,0.5954340112813585,29.514285714285712,53.0,7.5,0.0,0.0,0.0,3066.0,2778.0,104.0,2778.0,332.55375505322434,97.5,0.0,0.0
20,2025.0,4.0,Diphtheria,Bauchi,3066.0,104.0,3.39,2025-01-20,8.028455164114252,0.5954340112813585,29.514285714285712,53.0,7.5,0.0,0.0,0.0,3066.0,3066.0,104.0,2922.0,287.9999999999999,100.75,0.0,0.0
20,2025.0,4.0,Diphtheria,Bauchi,3066.0,104.0,3.39,2025-01-20,8.028455164114252,0.5954340112813585,29.514285714285712,53.0,7.5,0.0,0.0,0.0,3066.0,3066.0,104.0,3066.0,0.0,104.0,0.0,0.0
20,2023.0,48.0,Diphtheria,Bayelsa,4.0,0.0,0.0,2023-11-27,1.6094379124341003,-0.2708041149940637,26.77142857142857,87.28571428571429,58.0,272.36538461538464,227882945.0,54.283,0.0,0.0,0.0,4.0,0.0,0.0,0.0,0.0017552871277839595
20,2023.0,48.0,Diphtheria,Bayelsa,4.0,0.0,0.0,2023-11-27,1.6094379124341003,-0.2708041149940637,26.77142857142857,87.28571428571429,58.0,272.36538461538464,227882945.0,54.283,4.0,0.0,0.0,4.0,0.0,0.0,0.0,0.0017552871277839595
20,2023.0,48.0,Diphtheria,Bayelsa,4.0,0.0,0.0,2023-11-27,1.6094379124341003,-0.2708041149940637,26.77142857142857,87.28571428571429,58.0,272.36538461538464,227882945.0,54.283,4.0,4.0,0.0,4.0,0.0,0.0,0.0,0.0017552871277839595
20,2023.0,48.0,Diphtheria,Bayelsa,4.0,0.0,0.0,2023-11-27,1.6094379124341003,-0.2708041149940637,26.77142857142857,87.28571428571429,58.0,272.36538461538464,227882945.0,54.283,4.0,4.0,0.0,4.0,0.0,0.0,0.0,0.0017552871277839595
20,2024.0,35.0,Diphtheria,Bayelsa,15.0,0.0,0.0,2024-08-26,2.772588722239781,-0.2676922210067908,27.357142857142858,86.42857142857143,46.0,203.75,232679478.0,55.03,4.0,4.0,0.0,6.75,5.5,0.0,2.75,0.006446636432629439
20,2024.0,35.0,Diphtheria,Bayelsa,15.0,0.0,0.0,2024-08-26,2.772588722239781,-0.2676922210067908,27.357142857142858,86.42857142857143,46.0,203.75,232679478.0,55.03,15.0,9.5,0.0,9.5,6.3508529610858835,0.0,0.0,0.006446636432629439
20,2024.0,35.0,Diphtheria,Bayelsa,15.0,0.0,0.0,2024-08-26,2.772588722239781,-0.2676922210067908,27.357142857142858,86.42857142857143,46.0,203.75,232679478.0,55.03,15.0,15.0,0.0,12.25,5.5,0.0,0.0,0.006446636432629439
20,2024.0,35.0,Diphtheria,Bayelsa,15.0,0.0,0.0,2024-08-26,2.772588722239781,-0.2676922210067908,27.357142857142858,86.42857142857143,46.0,203.75,232679478.0,55.03,15.0,15.0,0.0,15.0,0.0,0.0,0.0,0.006446636432629439
20,2025.0,4.0,Diphtheria,Bayelsa,15.0,0.0,0.0,2025-01-20,2.772588722239781,-0.2676922210067908,26.442857142857143,88.57142857142857,55.6,0.0,0.0,0.0,15.0,15.0,0.0,15.0,0.0,0.0,0.0,0.0
20,2025.0,4.0,Diphtheria,Bayelsa,15.0,0.0,0.0,2025-01-20,2.772588722239781,-0.2676922210067908,26.442857142857143,88.57142857142857,55.6,0.0,0.0,0.0,15.0,15.0,0.0,15.0,0.0,0.0,0.0,0.0
20,2025.0,4.0,Diphtheria,Bayelsa,15.0,0.0,0.0,2025-01-20,2.772588722239781,-0.2676922210067908,26.442857142857143,88.57142857142857,55.6,0.0,0.0,0.0,15.0,15.0,0.0,15.0,0.0,0.0,0.0,0.0
20,2025.0,4.0,Diphtheria,Bayelsa,15.0,0.0,0.0,2025-01-20,2.772588722239781,-0.2676922210067908,26.442857142857143,88.57142857142857,55.6,0.0,0.0,0.0,15.0,15.0,0.0,15.0,0.0,0.0,0.0,0.0
20,2024.0,35.0,Diphtheria,Benue,1.0,0.0,0.0,2024-08-26,0.6931471805599453,-0.2716528133542291,28.61428571428572,72.28571428571429,11.9,203.75,232679478.0,55.03,0.0,0.0,0.0,1.0,0.0,0.0,0.0,0.00042977576217529594
20,2024.0,35.0,Diphtheria,Benue,1.0,0.0,0.0,2024-08-26,0.6931471805599453,-0.2716528133542291,28.61428571428572,72.28571428571429,11.9,203.75,232679478.0,55.03,1.0,0.0,0.0,1.0,0.0,0.0,0.0,0.00042977576217529594
20,2024.0,35.0,Diphtheria,Benue,1.0,0.0,0.0,2024-08-26,0.6931471805599453,-0.2716528133542291,28.61428571428572,72.28571428571429,11.9,203.75,232679478.0,55.03,1.0,1.0,0.0,1.0,0.0,0.0,0.0,0.00042977576217529594
20,2024.0,35.0,Diphtheria,Benue,1.0,0.0,0.0,2024-08-26,0.6931471805599453,-0.2716528133542291,28.61428571428572,72.28571428571429,11.9,203.75,232679478.0,55.03,1.0,1.0,0.0,1.0,0.0,0.0,0.0,0.00042977576217529594
20,2025.0,4.0,Diphtheria,Benue,1.0,0.0,0.0,2025-01-20,0.6931471805599453,-0.2716528133542291,28.142857142857142,72.14285714285714,33.9,0.0,0.0,0.0,1.0,1.0,0.0,1.0,0.0,0.0,0.0,0.0
20,2025.0,4.0,Diphtheria,Benue,1.0,0.0,0.0,2025-01-20,0.6931471805599453,-0.2716528133542291,28.142857142857142,72.14285714285714,33.9,0.0,0.0,0.0,1.0,1.0,0.0,1.0,0.0,0.0,0.0,0.0
20,2025.0,4.0,Diphtheria,Benue,1.0,0.0,0.0,2025-01-20,0.6931471805599453,-0.2716528133542291,28.142857142857142,72.14285714285714,33.9,0.0,0.0,0.0,1.0,1.0,0.0,1.0,0.0,0.0,0.0,0.0
20,2025.0,4.0,Diphtheria,Benue,1.0,0.0,0.0,2025-01-20,0.6931471805599453,-0.2716528133542291,28.142857142857142,72.14285714285714,33.9,0.0,0.0,0.0,1.0,1.0,0.0,1.0,0.0,0.0,0.0,0.0
20,2023.0,48.0,Diphtheria,Borno,968.0,28.0,2.89,2023-11-27,6.876264611890766,0.0019109580723984246,33.471428571428575,43.42857142857143,0.8,272.36538461538464,227882945.0,54.283,0.0,0.0,0.0,968.0,0.0,28.0,0.0,0.4247794849237182
20,2023.0,48.0,Diphtheria,Borno,968.0,28.0,2.89,2023-11-27,6.876264611890766,0.0019109580723984246,33.471428571428575,43.42857142857143,0.8,272.36538461538464,227882945.0,54.283,968.0,0.0,28.0,968.0,0.0,28.0,0.0,0.4247794849237182
20,2023.0,48.0,Diphtheria,Borno,968.0,28.0,2.89,2023-11-27,6.876264611890766,0.0019109580723984246,33.471428571428575,43.42857142857143,0.8,272.36538461538464,227882945.0,54.283,968.0,968.0,28.0,968.0,0.0,28.0,0.0,0.4247794849237182
20,2023.0,48.0,Diphtheria,Borno,968.0,28.0,2.89,2023-11-27,6.876264611890766,0.0019109580723984246,33.471428571428575,43.42857142857143,0.8,272.36538461538464,227882945.0,54.283,968.0,968.0,28.0,968.0,0.0,28.0,0.0,0.4247794849237182
20,2024.0,35.0,Diphtheria,Borno,2173.0,50.0,2.3,2024-08-26,7.684324067681155,0.3428047994054761,33.871428571428574,30.0,0.1,203.75,232679478.0,55.03,968.0,968.0,28.0,1269.25,602.5,33.5,1.2448347107438016,0.933902731206918
20,2024.0,35.0,Diphtheria,Borno,2173.0,50.0,2.3,2024-08-26,7.684324067681155,0.3428047994054761,33.871428571428574,30.0,0.1,203.75,232679478.0,55.03,2173.0,1570.5,50.0,1570.5,695.707074373499,39.0,0.0,0.933902731206918
20,2024.0,35.0,Diphtheria,Borno,2173.0,50.0,2.3,2024-08-26,7.684324067681155,0.3428047994054761,33.871428571428574,30.0,0.1,203.75,232679478.0,55.03,2173.0,2173.0,50.0,1871.75,602.5,44.5,0.0,0.933902731206918
20,2024.0,35.0,Diphtheria,Borno,2173.0,50.0,2.3,2024-08-26,7.684324067681155,0.3428047994054761,33.871428571428574,30.0,0.1,203.75,232679478.0,55.03,2173.0,2173.0,50.0,2173.0,0.0,50.0,0.0,0.933902731206918
20,2025.0,4.0,Diphtheria,Borno,2902.0,67.0,2.31,2025-01-20,7.97349996402463,0.5490385009256534,32.31428571428571,42.0,1.8,0.0,0.0,0.0,2173.0,2173.0,50.0,2355.25,364.5,54.25,0.3354809019788311,0.0
20,2025.0,4.0,Diphtheria,Borno,2902.0,67.0,2.31,2025-01-20,7.97349996402463,0.5490385009256534,32.31428571428571,42.0,1.8,0.0,0.0,0.0,2902.0,2537.5,67.0,2537.5,420.8883462392372,58.5,0.0,0.0
20,2025.0,4.0,Diphtheria,Borno,2902.0,67.0,2.31,2025-01-20,7.97349996402463,0.5490385009256534,32.31428571428571,42.0,1.8,0.0,0.0,0.0,2902.0,2902.0,67.0,2719.75,364.5,62.75,0.0,0.0
20,2025.0,4.0,Diphtheria,Borno,2902.0,67.0,2.31,2025-01-20,7.97349996402463,0.5490385009256534,32.31428571428571,42.0,1.8,0.0,0.0,0.0,2902.0,2902.0,67.0,2902.0,0.0,67.0,0.0,0.0
20,2023.0,48.0,Diphtheria,Cross River,1.0,0.0,0.0,2023-11-27,0.6931471805599453,-0.2716528133542291,27.3,85.28571428571429,59.7,272.36538461538464,227882945.0,54.283,0.0,0.0,0.0,1.0,0.0,0.0,0.0,0.0004388217819459899
20,2023.0,48.0,Diphtheria,Cross River,1.0,0.0,0.0,2023-11-27,0.6931471805599453,-0.2716528133542291,27.3,85.28571428571429,59.7,272.36538461538464,227882945.0,54.283,1.0,0.0,0.0,1.0,0.0,0.0,0.0,0.0004388217819459899
20,2023.0,48.0,Diphtheria,Cross River,1.0,0.0,0.0,2023-11-27,0.6931471805599453,-0.2716528133542291,27.3,85.28571428571429,59.7,272.36538461538464,227882945.0,54.283,1.0,1.0,0.0,1.0,0.0,0.0,0.0,0.0004388217819459899
20,2023.0,48.0,Diphtheria,Cross River,1.0,0.0,0.0,2023-11-27,0.6931471805599453,-0.2716528133542291,27.3,85.28571428571429,59.7,272.36538461538464,227882945.0,54.283,1.0,1.0,0.0,1.0,0.0,0.0,0.0,0.0004388217819459899
20,2025.0,4.0,Diphtheria,Cross River,1.0,0.0,0.0,2025-01-20,0.6931471805599453,-0.2716528133542291,28.12857142857143,77.14285714285714,31.3,0.0,0.0,0.0,1.0,1.0,0.0,1.0,0.0,0.0,0.0,0.0
20,2025.0,4.0,Diphtheria,Cross River,1.0,0.0,0.0,2025-01-20,0.6931471805599453,-0.2716528133542291,28.12857142857143,77.14285714285714,31.3,0.0,0.0,0.0,1.0,1.0,0.0,1.0,0.0,0.0,0.0,0.0
20,2025.0,4.0,Diphtheria,Cross River,1.0,0.0,0.0,2025-01-20,0.6931471805599453,-0.2716528133542291,28.12857142857143,77.14285714285714,31.3,0.0,0.0,0.0,1.0,1.0,0.0,1.0,0.0,0.0,0.0,0.0
20,2025.0,4.0,Diphtheria,Cross River,1.0,0.0,0.0,2025-01-20,0.6931471805599453,-0.2716528133542291,28.12857142857143,77.14285714285714,31.3,0.0,0.0,0.0,1.0,1.0,0.0,1.0,0.0,0.0,0.0,0.0
20,2023.0,48.0,Diphtheria,Delta,2.0,0.0,0.0,2023-11-27,1.0986122886681098,-0.27136991390084064,26.31428571428572,89.14285714285714,59.400000000000006,272.36538461538464,227882945.0,54.283,0.0,0.0,0.0,2.0,0.0,0.0,0.0,0.0008776435638919798
20,2023.0,48.0,Diphtheria,Delta,2.0,0.0,0.0,2023-11-27,1.0986122886681098,-0.27136991390084064,26.31428571428572,89.14285714285714,59.400000000000006,272.36538461538464,227882945.0,54.283,2.0,0.0,0.0,2.0,0.0,0.0,0.0,0.0008776435638919798
20,2023.0,48.0,Diphtheria,Delta,2.0,0.0,0.0,2023-11-27,1.0986122886681098,-0.27136991390084064,26.31428571428572,89.14285714285714,59.400000000000006,272.36538461538464,227882945.0,54.283,2.0,2.0,0.0,2.0,0.0,0.0,0.0,0.0008776435638919798
20,2023.0,48.0,Diphtheria,Delta,2.0,0.0,0.0,2023-11-27,1.0986122886681098,-0.27136991390084064,26.31428571428572,89.14285714285714,59.400000000000006,272.36538461538464,227882945.0,54.283,2.0,2.0,0.0,2.0,0.0,0.0,0.0,0.0008776435638919798
20,2024.0,35.0,Diphtheria,Delta,2.0,0.0,0.0,2024-08-26,1.0986122886681098,-0.27136991390084064,27.071428571428573,87.57142857142857,29.5,203.75,232679478.0,55.03,2.0,2.0,0.0,2.0,0.0,0.0,0.0,0.0008595515243505919
20,2024.0,35.0,Diphtheria,Delta,2.0,0.0,0.0,2024-08-26,1.0986122886681098,-0.27136991390084064,27.071428571428573,87.57142857142857,29.5,203.75,232679478.0,55.03,2.0,2.0,0.0,2.0,0.0,0.0,0.0,0.0008595515243505919
20,2024.0,35.0,Diphtheria,Delta,2.0,0.0,0.0,2024-08-26,1.0986122886681098,-0.27136991390084064,27.071428571428573,87.57142857142857,29.5,203.75,232679478.0,55.03,2.0,2.0,0.0,2.0,0.0,0.0,0.0,0.0008595515243505919
20,2024.0,35.0,Diphtheria,Delta,2.0,0.0,0.0,2024-08-26,1.0986122886681098,-0.27136991390084064,27.071428571428573,87.57142857142857,29.5,203.75,232679478.0,55.03,2.0,2.0,0.0,2.0,0.0,0.0,0.0,0.0008595515243505919
20,2025.0,4.0,Diphtheria,Delta,2.0,0.0,0.0,2025-01-20,1.0986122886681098,-0.27136991390084064,26.642857142857142,87.42857142857143,58.8,0.0,0.0,0.0,2.0,2.0,0.0,2.0,0.0,0.0,0.0,0.0
20,2025.0,4.0,Diphtheria,Delta,2.0,0.0,0.0,2025-01-20,1.0986122886681098,-0.27136991390084064,26.642857142857142,87.42857142857143,58.8,0.0,0.0,0.0,2.0,2.0,0.0,2.0,0.0,0.0,0.0,0.0
20,2025.0,4.0,Diphtheria,Delta,2.0,0.0,0.0,2025-01-20,1.0986122886681098,-0.27136991390084064,26.642857142857142,87.42857142857143,58.8,0.0,0.0,0.0,2.0,2.0,0.0,2.0,0.0,0.0,0.0,0.0
20,2025.0,4.0,Diphtheria,Delta,2.0,0.0,0.0,2025-01-20,1.0986122886681098,-0.27136991390084064,26.642857142857142,87.42857142857143,58.8,0.0,0.0,0.0,2.0,2.0,0.0,2.0,0.0,0.0,0.0,0.0
20,2024.0,35.0,Diphtheria,Ebonyi,1.0,0.0,0.0,2024-08-26,0.6931471805599453,-0.2716528133542291,28.914285714285715,75.71428571428571,17.6,203.75,232679478.0,55.03,0.0,0.0,0.0,1.0,0.0,0.0,0.0,0.00042977576217529594
20,2024.0,35.0,Diphtheria,Ebonyi,1.0,0.0,0.0,2024-08-26,0.6931471805599453,-0.2716528133542291,28.914285714285715,75.71428571428571,17.6,203.75,232679478.0,55.03,1.0,0.0,0.0,1.0,0.0,0.0,0.0,0.00042977576217529594
20,2024.0,35.0,Diphtheria,Ebonyi,1.0,0.0,0.0,2024-08-26,0.6931471805599453,-0.2716528133542291,28.914285714285715,75.71428571428571,17.6,203.75,232679478.0,55.03,1.0,1.0,0.0,1.0,0.0,0.0,0.0,0.00042977576217529594
20,2025.0,4.0,Diphtheria,Ebonyi,1.0,0.0,0.0,2025-01-20,0.6931471805599453,-0.2716528133542291,28.642857142857142,73.0,17.200000000000003,0.0,0.0,0.0,1.0,1.0,0.0,1.0,0.0,0.0,0.0,0.0
20,2025.0,4.0,Diphtheria,Ebonyi,1.0,0.0,0.0,2025-01-20,0.6931471805599453,-0.2716528133542291,28.642857142857142,73.0,17.200000000000003,0.0,0.0,0.0,1.0,1.0,0.0,1.0,0.0,0.0,0.0,0.0
20,2025.0,4.0,Diphtheria,Ebonyi,1.0,0.0,0.0,2025-01-20,0.6931471805599453,-0.2716528133542291,28.642857142857142,73.0,17.200000000000003,0.0,0.0,0.0,1.0,1.0,0.0,1.0,0.0,0.0,0.0,0.0
20,2023.0,48.0,Diphtheria,Edo,2.0,0.0,0.0,2023-11-27,1.0986122886681098,-0.27136991390084064,26.5,88.14285714285714,33.6,272.36538461538464,227882945.0,54.283,0.0,0.0,0.0,2.0,0.0,0.0,0.0,0.0008776435638919798
20,2023.0,48.0,Diphtheria,Edo,2.0,0.0,0.0,2023-11-27,1.0986122886681098,-0.27136991390084064,26.5,88.14285714285714,33.6,272.36538461538464,227882945.0,54.283,2.0,0.0,0.0,2.0,0.0,0.0,0.0,0.0008776435638919798
20,2023.0,48.0,Diphtheria,Edo,2.0,0.0,0.0,2023-11-27,1.0986122886681098,-0.27136991390084064,26.5,88.14285714285714,33.6,272.36538461538464,227882945.0,54.283,2.0,2.0,0.0,2.0,0.0,0.0,0.0,0.0008776435638919798
20,2023.0,48.0,Diphtheria,Edo,2.0,0.0,0.0,2023-11-27,1.0986122886681098,-0.27136991390084064,26.5,88.14285714285714,33.6,272.36538461538464,227882945.0,54.283,2.0,2.0,0.0,2.0,0.0,0.0,0.0,0.0008776435638919798
20,2024.0,35.0,Diphtheria,Edo,5.0,0.0,0.0,2024-08-26,1.791759469228055,-0.27052121554067526,26.74285714285714,87.0,33.4,203.75,232679478.0,55.03,2.0,2.0,0.0,2.75,1.5,0.0,1.5,0.0021488788108764796
20,2024.0,35.0,Diphtheria,Edo,5.0,0.0,0.0,2024-08-26,1.791759469228055,-0.27052121554067526,26.74285714285714,87.0,33.4,203.75,232679478.0,55.03,5.0,3.5,0.0,3.5,1.7320508075688772,0.0,0.0,0.0021488788108764796
20,2024.0,35.0,Diphtheria,Edo,5.0,0.0,0.0,2024-08-26,1.791759469228055,-0.27052121554067526,26.74285714285714,87.0,33.4,203.75,232679478.0,55.03,5.0,5.0,0.0,4.25,1.5,0.0,0.0,0.0021488788108764796
20,2024.0,35.0,Diphtheria,Edo,5.0,0.0,0.0,2024-08-26,1.791759469228055,-0.27052121554067526,26.74285714285714,87.0,33.4,203.75,232679478.0,55.03,5.0,5.0,0.0,5.0,0.0,0.0,0.0,0.0021488788108764796
20,2025.0,4.0,Diphtheria,Edo,20.0,2.0,10.0,2025-01-20,3.044522437723423,-0.2662777237398486,26.585714285714285,85.85714285714286,40.9,0.0,0.0,0.0,5.0,5.0,0.0,8.75,7.5,0.5,3.0,0.0
20,2025.0,4.0,Diphtheria,Edo,20.0,2.0,10.0,2025-01-20,3.044522437723423,-0.2662777237398486,26.585714285714285,85.85714285714286,40.9,0.0,0.0,0.0,20.0,12.5,2.0,12.5,8.660254037844387,1.0,0.0,0.0
20,2025.0,4.0,Diphtheria,Edo,20.0,2.0,10.0,2025-01-20,3.044522437723423,-0.2662777237398486,26.585714285714285,85.85714285714286,40.9,0.0,0.0,0.0,20.0,20.0,2.0,16.25,7.5,1.5,0.0,0.0
20,2025.0,4.0,Diphtheria,Edo,20.0,2.0,10.0,2025-01-20,3.044522437723423,-0.2662777237398486,26.585714285714285,85.85714285714286,40.9,0.0,0.0,0.0,20.0,20.0,2.0,20.0,0.0,2.0,0.0,0.0
20,2023.0,48.0,Diphtheria,Ekiti,1.0,0.0,0.0,2023-11-27,0.6931471805599453,-0.2716528133542291,26.185714285714287,81.85714285714286,19.0,272.36538461538464,227882945.0,54.283,0.0,0.0,0.0,1.0,0.0,0.0,0.0,0.0004388217819459899
20,2023.0,48.0,Diphtheria,Ekiti,1.0,0.0,0.0,2023-11-27,0.6931471805599453,-0.2716528133542291,26.185714285714287,81.85714285714286,19.0,272.36538461538464,227882945.0,54.283,1.0,0.0,0.0,1.0,0.0,0.0,0.0,0.0004388217819459899
20,2023.0,48.0,Diphtheria,Ekiti,1.0,0.0,0.0,2023-11-27,0.6931471805599453,-0.2716528133542291,26.185714285714287,81.85714285714286,19.0,272.36538461538464,227882945.0,54.283,1.0,1.0,0.0,1.0,0.0,0.0,0.0,0.0004388217819459899
20,2023.0,48.0,Diphtheria,Ekiti,1.0,0.0,0.0,2023-11-27,0.6931471805599453,-0.2716528133542291,26.185714285714287,81.85714285714286,19.0,272.36538461538464,227882945.0,54.283,1.0,1.0,0.0,1.0,0.0,0.0,0.0,0.0004388217819459899
20,2024.0,35.0,Diphtheria,Ekiti,36.0,1.0,2.78,2024-08-26,3.6109179126442243,-0.2617513324856334,26.24285714285714,81.57142857142857,3.8,203.75,232679478.0,55.03,1.0,1.0,0.0,9.75,17.5,0.25,35.0,0.015471927438310653
20,2024.0,35.0,Diphtheria,Ekiti,36.0,1.0,2.78,2024-08-26,3.6109179126442243,-0.2617513324856334,26.24285714285714,81.57142857142857,3.8,203.75,232679478.0,55.03,36.0,18.5,1.0,18.5,20.207259421636902,0.5,0.0,0.015471927438310653
20,2024.0,35.0,Diphtheria,Ekiti,36.0,1.0,2.78,2024-08-26,3.6109179126442243,-0.2617513324856334,26.24285714285714,81.57142857142857,3.8,203.75,232679478.0,55.03,36.0,36.0,1.0,27.25,17.5,0.75,0.0,0.015471927438310653
20,2024.0,35.0,Diphtheria,Ekiti,36.0,1.0,2.78,2024-08-26,3.6109179126442243,-0.2617513324856334,26.24285714285714,81.57142857142857,3.8,203.75,232679478.0,55.03,36.0,36.0,1.0,36.0,0.0,1.0,0.0,0.015471927438310653
20,2025.0,4.0,Diphtheria,Ekiti,36.0,1.0,2.78,2025-01-20,3.6109179126442243,-0.2617513324856334,25.62857142857143,82.71428571428571,12.5,0.0,0.0,0.0,36.0,36.0,1.0,36.0,0.0,1.0,0.0,0.0
20,2025.0,4.0,Diphtheria,Ekiti,36.0,1.0,2.78,2025-01-20,3.6109179126442243,-0.2617513324856334,25.62857142857143,82.71428571428571,12.5,0.0,0.0,0.0,36.0,36.0,1.0,36.0,0.0,1.0,0.0,0.0
20,2025.0,4.0,Diphtheria,Ekiti,36.0,1.0,2.78,2025-01-20,3.6109179126442243,-0.2617513324856334,25.62857142857143,82.71428571428571,12.5,0.0,0.0,0.0,36.0,36.0,1.0,36.0,0.0,1.0,0.0,0.0
20,2025.0,4.0,Diphtheria,Ekiti,36.0,1.0,2.78,2025-01-20,3.6109179126442243,-0.2617513324856334,25.62857142857143,82.71428571428571,12.5,0.0,0.0,0.0,36.0,36.0,1.0,36.0,0.0,1.0,0.0,0.0
20,2023.0,48.0,Diphtheria,Enugu,3.0,0.0,0.0,2023-11-27,1.3862943611198906,-0.2710870144474522,26.714285714285715,84.85714285714286,46.8,272.36538461538464,227882945.0,54.283,0.0,0.0,0.0,3.0,0.0,0.0,0.0,0.0013164653458379695
20,2023.0,48.0,Diphtheria,Enugu,3.0,0.0,0.0,2023-11-27,1.3862943611198906,-0.2710870144474522,26.714285714285715,84.85714285714286,46.8,272.36538461538464,227882945.0,54.283,3.0,0.0,0.0,3.0,0.0,0.0,0.0,0.0013164653458379695
20,2023.0,48.0,Diphtheria,Enugu,3.0,0.0,0.0,2023-11-27,1.3862943611198906,-0.2710870144474522,26.714285714285715,84.85714285714286,46.8,272.36538461538464,227882945.0,54.283,3.0,3.0,0.0,3.0,0.0,0.0,0.0,0.0013164653458379695
20,2023.0,48.0,Diphtheria,Enugu,3.0,0.0,0.0,2023-11-27,1.3862943611198906,-0.2710870144474522,26.714285714285715,84.85714285714286,46.8,272.36538461538464,227882945.0,54.283,3.0,3.0,0.0,3.0,0.0,0.0,0.0,0.0013164653458379695
20,2024.0,35.0,Diphtheria,Enugu,12.0,0.0,0.0,2024-08-26,2.5649493574615367,-0.2685409193669562,27.67142857142857,79.85714285714286,18.5,203.75,232679478.0,55.03,3.0,3.0,0.0,5.25,4.5,0.0,3.0,0.005157309146103551
20,2024.0,35.0,Diphtheria,Enugu,12.0,0.0,0.0,2024-08-26,2.5649493574615367,-0.2685409193669562,27.67142857142857,79.85714285714286,18.5,203.75,232679478.0,55.03,12.0,7.5,0.0,7.5,5.196152422706632,0.0,0.0,0.005157309146103551
20,2024.0,35.0,Diphtheria,Enugu,12.0,0.0,0.0,2024-08-26,2.5649493574615367,-0.2685409193669562,27.67142857142857,79.85714285714286,18.5,203.75,232679478.0,55.03,12.0,12.0,0.0,9.75,4.5,0.0,0.0,0.005157309146103551
20,2024.0,35.0,Diphtheria,Enugu,12.0,0.0,0.0,2024-08-26,2.5649493574615367,-0.2685409193669562,27.67142857142857,79.85714285714286,18.5,203.75,232679478.0,55.03,12.0,12.0,0.0,12.0,0.0,0.0,0.0,0.005157309146103551
20,2025.0,4.0,Diphtheria,Enugu,12.0,0.0,0.0,2025-01-20,2.5649493574615367,-0.2685409193669562,26.785714285714285,81.57142857142857,23.9,0.0,0.0,0.0,12.0,12.0,0.0,12.0,0.0,0.0,0.0,0.0
20,2025.0,4.0,Diphtheria,Enugu,12.0,0.0,0.0,2025-01-20,2.5649493574615367,-0.2685409193669562,26.785714285714285,81.57142857142857,23.9,0.0,0.0,0.0,12.0,12.0,0.0,12.0,0.0,0.0,0.0,0.0
20,2025.0,4.0,Diphtheria,Enugu,12.0,0.0,0.0,2025-01-20,2.5649493574615367,-0.2685409193669562,26.785714285714285,81.57142857142857,23.9,0.0,0.0,0.0,12.0,12.0,0.0,12.0,0.0,0.0,0.0,0.0
20,2025.0,4.0,Diphtheria,Enugu,12.0,0.0,0.0,2025-01-20,2.5649493574615367,-0.2685409193669562,26.785714285714285,81.57142857142857,23.9,0.0,0.0,0.0,12.0,12.0,0.0,12.0,0.0,0.0,0.0,0.0
20,2023.0,48.0,Diphtheria,Gombe,136.0,1.0,0.74,2023-11-27,4.919980925828125,-0.23346138714678882,30.12857142857143,60.142857142857146,17.099999999999998,272.36538461538464,227882945.0,54.283,0.0,0.0,0.0,136.0,0.0,1.0,0.0,0.05967976234465462
20,2023.0,48.0,Diphtheria,Gombe,136.0,1.0,0.74,2023-11-27,4.919980925828125,-0.23346138714678882,30.12857142857143,60.142857142857146,17.099999999999998,272.36538461538464,227882945.0,54.283,136.0,0.0,1.0,136.0,0.0,1.0,0.0,0.05967976234465462
20,2023.0,48.0,Diphtheria,Gombe,136.0,1.0,0.74,2023-11-27,4.919980925828125,-0.23346138714678882,30.12857142857143,60.142857142857146,17.099999999999998,272.36538461538464,227882945.0,54.283,136.0,136.0,1.0,136.0,0.0,1.0,0.0,0.05967976234465462
20,2023.0,48.0,Diphtheria,Gombe,136.0,1.0,0.74,2023-11-27,4.919980925828125,-0.23346138714678882,30.12857142857143,60.142857142857146,17.099999999999998,272.36538461538464,227882945.0,54.283,136.0,136.0,1.0,136.0,0.0,1.0,0.0,0.05967976234465462
20,2024.0,35.0,Diphtheria,Gombe,182.0,1.0,0.55,2024-08-26,5.209486152841421,-0.22044801229092031,31.385714285714283,48.57142857142857,1.5,203.75,232679478.0,55.03,136.0,136.0,1.0,147.5,23.0,1.0,0.3382352941176471,0.07821918871590386
20,2024.0,35.0,Diphtheria,Gombe,182.0,1.0,0.55,2024-08-26,5.209486152841421,-0.22044801229092031,31.385714285714283,48.57142857142857,1.5,203.75,232679478.0,55.03,182.0,159.0,1.0,159.0,26.558112382722783,1.0,0.0,0.07821918871590386
20,2024.0,35.0,Diphtheria,Gombe,182.0,1.0,0.55,2024-08-26,5.209486152841421,-0.22044801229092031,31.385714285714283,48.57142857142857,1.5,203.75,232679478.0,55.03,182.0,182.0,1.0,170.5,23.0,1.0,0.0,0.07821918871590386
20,2024.0,35.0,Diphtheria,Gombe,182.0,1.0,0.55,2024-08-26,5.209486152841421,-0.22044801229092031,31.385714285714283,48.57142857142857,1.5,203.75,232679478.0,55.03,182.0,182.0,1.0,182.0,0.0,1.0,0.0,0.07821918871590386
20,2025.0,4.0,Diphtheria,Gombe,216.0,1.0,0.46,2025-01-20,5.37989735354046,-0.21082943087571313,30.25714285714286,53.285714285714285,12.4,0.0,0.0,0.0,182.0,182.0,1.0,190.5,17.0,1.0,0.18681318681318682,0.0
20,2025.0,4.0,Diphtheria,Gombe,216.0,1.0,0.46,2025-01-20,5.37989735354046,-0.21082943087571313,30.25714285714286,53.285714285714285,12.4,0.0,0.0,0.0,216.0,199.0,1.0,199.0,19.629909152447276,1.0,0.0,0.0
20,2025.0,4.0,Diphtheria,Gombe,216.0,1.0,0.46,2025-01-20,5.37989735354046,-0.21082943087571313,30.25714285714286,53.285714285714285,12.4,0.0,0.0,0.0,216.0,216.0,1.0,207.5,17.0,1.0,0.0,0.0
20,2025.0,4.0,Diphtheria,Gombe,216.0,1.0,0.46,2025-01-20,5.37989735354046,-0.21082943087571313,30.25714285714286,53.285714285714285,12.4,0.0,0.0,0.0,216.0,216.0,1.0,216.0,0.0,1.0,0.0,0.0
20,2023.0,48.0,Diphtheria,Imo,9.0,0.0,0.0,2023-11-27,2.302585092994046,-0.2693896177271215,26.442857142857143,89.0,48.0,272.36538461538464,227882945.0,54.283,0.0,0.0,0.0,9.0,0.0,0.0,0.0,0.003949396037513909
20,2023.0,48.0,Diphtheria,Imo,9.0,0.0,0.0,2023-11-27,2.302585092994046,-0.2693896177271215,26.442857142857143,89.0,48.0,272.36538461538464,227882945.0,54.283,9.0,0.0,0.0,9.0,0.0,0.0,0.0,0.003949396037513909
20,2023.0,48.0,Diphtheria,Imo,9.0,0.0,0.0,2023-11-27,2.302585092994046,-0.2693896177271215,26.442857142857143,89.0,48.0,272.36538461538464,227882945.0,54.283,9.0,9.0,0.0,9.0,0.0,0.0,0.0,0.003949396037513909
20,2023.0,48.0,Diphtheria,Imo,9.0,0.0,0.0,2023-11-27,2.302585092994046,-0.2693896177271215,26.442857142857143,89.0,48.0,272.36538461538464,227882945.0,54.283,9.0,9.0,0.0,9.0,0.0,0.0,0.0,0.003949396037513909
20,2024.0,35.0,Diphtheria,Imo,10.0,0.0,0.0,2024-08-26,2.3978952727983707,-0.26910671827373306,27.442857142857143,84.42857142857143,26.9,203.75,232679478.0,55.03,9.0,9.0,0.0,9.25,0.5,0.0,0.1111111111111111,0.004297757621752959
20,2024.0,35.0,Diphtheria,Imo,10.0,0.0,0.0,2024-08-26,2.3978952727983707,-0.26910671827373306,27.442857142857143,84.42857142857143,26.9,203.75,232679478.0,55.03,10.0,9.5,0.0,9.5,0.5773502691896256,0.0,0.0,0.004297757621752959
20,2024.0,35.0,Diphtheria,Imo,10.0,0.0,0.0,2024-08-26,2.3978952727983707,-0.26910671827373306,27.442857142857143,84.42857142857143,26.9,203.75,232679478.0,55.03,10.0,10.0,0.0,9.75,0.5,0.0,0.0,0.004297757621752959
20,2024.0,35.0,Diphtheria,Imo,10.0,0.0,0.0,2024-08-26,2.3978952727983707,-0.26910671827373306,27.442857142857143,84.42857142857143,26.9,203.75,232679478.0,55.03,10.0,10.0,0.0,10.0,0.0,0.0,0.0,0.004297757621752959
20,2025.0,4.0,Diphtheria,Imo,10.0,0.0,0.0,2025-01-20,2.3978952727983707,-0.26910671827373306,26.728571428571428,85.57142857142857,50.3,0.0,0.0,0.0,10.0,10.0,0.0,10.0,0.0,0.0,0.0,0.0
20,2025.0,4.0,Diphtheria,Imo,10.0,0.0,0.0,2025-01-20,2.3978952727983707,-0.26910671827373306,26.728571428571428,85.57142857142857,50.3,0.0,0.0,0.0,10.0,10.0,0.0,10.0,0.0,0.0,0.0,0.0
20,2025.0,4.0,Diphtheria,Imo,10.0,0.0,0.0,2025-01-20,2.3978952727983707,-0.26910671827373306,26.728571428571428,85.57142857142857,50.3,0.0,0.0,0.0,10.0,10.0,0.0,10.0,0.0,0.0,0.0,0.0
20,2025.0,4.0,Diphtheria,Imo,10.0,0.0,0.0,2025-01-20,2.3978952727983707,-0.26910671827373306,26.728571428571428,85.57142857142857,50.3,0.0,0.0,0.0,10.0,10.0,0.0,10.0,0.0,0.0,0.0,0.0
20,2023.0,48.0,Diphtheria,Jigawa,256.0,5.0,1.95,2023-11-27,5.54907608489522,-0.1995134527401753,33.57142857142857,39.85714285714285,0.0,272.36538461538464,227882945.0,54.283,0.0,0.0,0.0,256.0,0.0,5.0,0.0,0.11233837617817341
20,2023.0,48.0,Diphtheria,Jigawa,256.0,5.0,1.95,2023-11-27,5.54907608489522,-0.1995134527401753,33.57142857142857,39.85714285714285,0.0,272.36538461538464,227882945.0,54.283,256.0,0.0,5.0,256.0,0.0,5.0,0.0,0.11233837617817341
20,2023.0,48.0,Diphtheria,Jigawa,256.0,5.0,1.95,2023-11-27,5.54907608489522,-0.1995134527401753,33.57142857142857,39.85714285714285,0.0,272.36538461538464,227882945.0,54.283,256.0,256.0,5.0,256.0,0.0,5.0,0.0,0.11233837617817341
20,2023.0,48.0,Diphtheria,Jigawa,256.0,5.0,1.95,2023-11-27,5.54907608489522,-0.1995134527401753,33.57142857142857,39.85714285714285,0.0,272.36538461538464,227882945.0,54.283,256.0,256.0,5.0,256.0,0.0,5.0,0.0,0.11233837617817341
20,2024.0,35.0,Diphtheria,Jigawa,364.0,7.0,1.92,2024-08-26,5.8998973535824915,-0.1689603117742231,33.31428571428571,35.285714285714285,0.0,203.75,232679478.0,55.03,256.0,256.0,5.0,283.0,54.0,5.5,0.421875,0.15643837743180772
20,2024.0,35.0,Diphtheria,Jigawa,364.0,7.0,1.92,2024-08-26,5.8998973535824915,-0.1689603117742231,33.31428571428571,35.285714285714285,0.0,203.75,232679478.0,55.03,364.0,310.0,7.0,310.0,62.353829072479584,6.0,0.0,0.15643837743180772
20,2024.0,35.0,Diphtheria,Jigawa,364.0,7.0,1.92,2024-08-26,5.8998973535824915,-0.1689603117742231,33.31428571428571,35.285714285714285,0.0,203.75,232679478.0,55.03,364.0,364.0,7.0,337.0,54.0,6.5,0.0,0.15643837743180772
20,2024.0,35.0,Diphtheria,Jigawa,364.0,7.0,1.92,2024-08-26,5.8998973535824915,-0.1689603117742231,33.31428571428571,35.285714285714285,0.0,203.75,232679478.0,55.03,364.0,364.0,7.0,364.0,0.0,7.0,0.0,0.15643837743180772
20,2025.0,4.0,Diphtheria,Jigawa,364.0,7.0,1.92,2025-01-20,5.8998973535824915,-0.1689603117742231,31.914285714285715,41.285714285714285,0.1,0.0,0.0,0.0,364.0,364.0,7.0,364.0,0.0,7.0,0.0,0.0
20,2025.0,4.0,Diphtheria,Jigawa,364.0,7.0,1.92,2025-01-20,5.8998973535824915,-0.1689603117742231,31.914285714285715,41.285714285714285,0.1,0.0,0.0,0.0,364.0,364.0,7.0,364.0,0.0,7.0,0.0,0.0
20,2025.0,4.0,Diphtheria,Jigawa,364.0,7.0,1.92,2025-01-20,5.8998973535824915,-0.1689603117742231,31.914285714285715,41.285714285714285,0.1,0.0,0.0,0.0,364.0,364.0,7.0,364.0,0.0,7.0,0.0,0.0
20,2025.0,4.0,Diphtheria,Jigawa,364.0,7.0,1.92,2025-01-20,5.8998973535824915,-0.1689603117742231,31.914285714285715,41.285714285714285,0.1,0.0,0.0,0.0,364.0,364.0,7.0,364.0,0.0,7.0,0.0,0.0
20,2023.0,48.0,Diphtheria,Kaduna,486.0,4.0,0.82,2023-11-27,6.18826412308259,-0.13444657846083266,27.3,70.42857142857143,26.1,272.36538461538464,227882945.0,54.283,0.0,0.0,0.0,486.0,0.0,4.0,0.0,0.21326738602575107
20,2023.0,48.0,Diphtheria,Kaduna,486.0,4.0,0.82,2023-11-27,6.18826412308259,-0.13444657846083266,27.3,70.42857142857143,26.1,272.36538461538464,227882945.0,54.283,486.0,0.0,4.0,486.0,0.0,4.0,0.0,0.21326738602575107
20,2023.0,48.0,Diphtheria,Kaduna,486.0,4.0,0.82,2023-11-27,6.18826412308259,-0.13444657846083266,27.3,70.42857142857143,26.1,272.36538461538464,227882945.0,54.283,486.0,486.0,4.0,486.0,0.0,4.0,0.0,0.21326738602575107
20,2023.0,48.0,Diphtheria,Kaduna,486.0,4.0,0.82,2023-11-27,6.18826412308259,-0.13444657846083266,27.3,70.42857142857143,26.1,272.36538461538464,227882945.0,54.283,486.0,486.0,4.0,486.0,0.0,4.0,0.0,0.21326738602575107
20,2024.0,35.0,Diphtheria,Kaduna,734.0,11.0,1.5,2024-08-26,6.5998704992128365,-0.064287514020498,27.485714285714288,69.85714285714286,11.7,203.75,232679478.0,55.03,486.0,486.0,4.0,548.0,124.0,5.75,0.5102880658436214,0.3154554094366672
20,2024.0,35.0,Diphtheria,Kaduna,734.0,11.0,1.5,2024-08-26,6.5998704992128365,-0.064287514020498,27.485714285714288,69.85714285714286,11.7,203.75,232679478.0,55.03,734.0,610.0,11.0,610.0,143.1828667590272,7.5,0.0,0.3154554094366672
20,2024.0,35.0,Diphtheria,Kaduna,734.0,11.0,1.5,2024-08-26,6.5998704992128365,-0.064287514020498,27.485714285714288,69.85714285714286,11.7,203.75,232679478.0,55.03,734.0,734.0,11.0,672.0,124.0,9.25,0.0,0.3154554094366672
20,2024.0,35.0,Diphtheria,Kaduna,734.0,11.0,1.5,2024-08-26,6.5998704992128365,-0.064287514020498,27.485714285714288,69.85714285714286,11.7,203.75,232679478.0,55.03,734.0,734.0,11.0,734.0,0.0,11.0,0.0,0.3154554094366672
20,2025.0,4.0,Diphtheria,Kaduna,777.0,11.0,1.42,2025-01-20,6.656726524178391,-0.0521228375247948,27.67142857142857,67.0,26.2,0.0,0.0,0.0,734.0,734.0,11.0,744.75,21.5,11.0,0.05858310626702997,0.0
20,2025.0,4.0,Diphtheria,Kaduna,777.0,11.0,1.42,2025-01-20,6.656726524178391,-0.0521228375247948,27.67142857142857,67.0,26.2,0.0,0.0,0.0,777.0,755.5,11.0,755.5,24.8260615751539,11.0,0.0,0.0
20,2025.0,4.0,Diphtheria,Kaduna,777.0,11.0,1.42,2025-01-20,6.656726524178391,-0.0521228375247948,27.67142857142857,67.0,26.2,0.0,0.0,0.0,777.0,777.0,11.0,766.25,21.5,11.0,0.0,0.0
20,2025.0,4.0,Diphtheria,Kaduna,777.0,11.0,1.42,2025-01-20,6.656726524178391,-0.0521228375247948,27.67142857142857,67.0,26.2,0.0,0.0,0.0,777.0,777.0,11.0,777.0,0.0,11.0,0.0,0.0
20,2023.0,48.0,Diphtheria,Kano,13461.0,378.0,2.81,2023-11-27,9.507626180570659,3.536173829254257,31.6,48.42857142857143,0.4,272.36538461538464,227882945.0,54.283,0.0,0.0,0.0,13461.0,0.0,378.0,0.0,5.90698000677497
20,2023.0,48.0,Diphtheria,Kano,13461.0,378.0,2.81,2023-11-27,9.507626180570659,3.536173829254257,31.6,48.42857142857143,0.4,272.36538461538464,227882945.0,54.283,13461.0,0.0,378.0,13461.0,0.0,378.0,0.0,5.90698000677497
20,2023.0,48.0,Diphtheria,Kano,13461.0,378.0,2.81,2023-11-27,9.507626180570659,3.536173829254257,31.6,48.42857142857143,0.4,272.36538461538464,227882945.0,54.283,13461.0,13461.0,378.0,13461.0,0.0,378.0,0.0,5.90698000677497
20,2023.0,48.0,Diphtheria,Kano,13461.0,378.0,2.81,2023-11-27,9.507626180570659,3.536173829254257,31.6,48.42857142857143,0.4,272.36538461538464,227882945.0,54.283,13461.0,13461.0,378.0,13461.0,0.0,378.0,0.0,5.90698000677497
20,2024.0,35.0,Diphtheria,Kano,22457.0,730.0,3.25,2024-08-26,10.019402177132484,6.081137311936719,31.885714285714283,42.285714285714285,0.0,203.75,232679478.0,55.03,13461.0,13461.0,378.0,15710.0,4498.0,466.0,0.668301017754996,9.65147429117062
20,2024.0,35.0,Diphtheria,Kano,22457.0,730.0,3.25,2024-08-26,10.019402177132484,6.081137311936719,31.885714285714283,42.285714285714285,0.0,203.75,232679478.0,55.03,22457.0,17959.0,730.0,17959.0,5193.843021629873,554.0,0.0,9.65147429117062
20,2024.0,35.0,Diphtheria,Kano,22457.0,730.0,3.25,2024-08-26,10.019402177132484,6.081137311936719,31.885714285714283,42.285714285714285,0.0,203.75,232679478.0,55.03,22457.0,22457.0,730.0,20208.0,4498.0,642.0,0.0,9.65147429117062
20,2024.0,35.0,Diphtheria,Kano,22457.0,730.0,3.25,2024-08-26,10.019402177132484,6.081137311936719,31.885714285714283,42.285714285714285,0.0,203.75,232679478.0,55.03,22457.0,22457.0,730.0,22457.0,0.0,730.0,0.0,9.65147429117062
20,2025.0,4.0,Diphtheria,Kano,23784.0,821.0,3.45,2025-01-20,10.076810408866383,6.456544886583187,31.24285714285714,46.285714285714285,1.6,0.0,0.0,0.0,22457.0,22457.0,730.0,22788.75,663.5000000000019,752.75,0.059090706683884754,0.0
20,2025.0,4.0,Diphtheria,Kano,23784.0,821.0,3.45,2025-01-20,10.076810408866383,6.456544886583187,31.24285714285714,46.285714285714285,1.6,0.0,0.0,0.0,23784.0,23120.5,821.0,23120.5,766.1438072146352,775.5,0.0,0.0
20,2025.0,4.0,Diphtheria,Kano,23784.0,821.0,3.45,2025-01-20,10.076810408866383,6.456544886583187,31.24285714285714,46.285714285714285,1.6,0.0,0.0,0.0,23784.0,23784.0,821.0,23452.25,663.5000000000019,798.25,0.0,0.0
20,2025.0,4.0,Diphtheria,Kano,23784.0,821.0,3.45,2025-01-20,10.076810408866383,6.456544886583187,31.24285714285714,46.285714285714285,1.6,0.0,0.0,0.0,23784.0,23784.0,821.0,23784.0,0.0,821.0,0.0,0.0
20,2023.0,48.0,Diphtheria,Katsina,1509.0,40.0,2.65,2023-11-27,7.31986492980897,0.15495956235554784,32.114285714285714,42.142857142857146,0.0,272.36538461538464,227882945.0,54.283,0.0,0.0,0.0,1509.0,0.0,40.0,0.0,0.6621820689564987
20,2023.0,48.0,Diphtheria,Katsina,1509.0,40.0,2.65,2023-11-27,7.31986492980897,0.15495956235554784,32.114285714285714,42.142857142857146,0.0,272.36538461538464,227882945.0,54.283,1509.0,0.0,40.0,1509.0,0.0,40.0,0.0,0.6621820689564987
20,2023.0,48.0,Diphtheria,Katsina,1509.0,40.0,2.65,2023-11-27,7.31986492980897,0.15495956235554784,32.114285714285714,42.142857142857146,0.0,272.36538461538464,227882945.0,54.283,1509.0,1509.0,40.0,1509.0,0.0,40.0,0.0,0.6621820689564987
20,2023.0,48.0,Diphtheria,Katsina,1509.0,40.0,2.65,2023-11-27,7.31986492980897,0.15495956235554784,32.114285714285714,42.142857142857146,0.0,272.36538461538464,227882945.0,54.283,1509.0,1509.0,40.0,1509.0,0.0,40.0,0.0,0.6621820689564987
20,2024.0,35.0,Diphtheria,Katsina,3586.0,100.0,2.79,2024-08-26,8.185071477532283,0.7425417270433505,32.528571428571425,36.285714285714285,0.0,203.75,232679478.0,55.03,1509.0,1509.0,40.0,2028.25,1038.5,55.0,1.3764082173624916,1.5411758831606113
20,2024.0,35.0,Diphtheria,Katsina,3586.0,100.0,2.79,2024-08-26,8.185071477532283,0.7425417270433505,32.528571428571425,36.285714285714285,0.0,203.75,232679478.0,55.03,3586.0,2547.5,100.0,2547.5,1199.1565091068526,70.0,0.0,1.5411758831606113
20,2024.0,35.0,Diphtheria,Katsina,3586.0,100.0,2.79,2024-08-26,8.185071477532283,0.7425417270433505,32.528571428571425,36.285714285714285,0.0,203.75,232679478.0,55.03,3586.0,3586.0,100.0,3066.75,1038.5,85.0,0.0,1.5411758831606113
20,2024.0,35.0,Diphtheria,Katsina,3586.0,100.0,2.79,2024-08-26,8.185071477532283,0.7425417270433505,32.528571428571425,36.285714285714285,0.0,203.75,232679478.0,55.03,3586.0,3586.0,100.0,3586.0,0.0,100.0,0.0,1.5411758831606113
20,2025.0,4.0,Diphtheria,Katsina,3708.0,101.0,2.72,2025-01-20,8.21851757748959,0.777055460356741,31.442857142857143,40.42857142857143,0.5,0.0,0.0,0.0,3586.0,3586.0,100.0,3616.5,61.00000000000127,100.25,0.03402119353039598,0.0
20,2025.0,4.0,Diphtheria,Katsina,3708.0,101.0,2.72,2025-01-20,8.21851757748959,0.777055460356741,31.442857142857143,40.42857142857143,0.5,0.0,0.0,0.0,3708.0,3647.0,101.0,3647.0,70.43673284113548,100.5,0.0,0.0
20,2025.0,4.0,Diphtheria,Katsina,3708.0,101.0,2.72,2025-01-20,8.21851757748959,0.777055460356741,31.442857142857143,40.42857142857143,0.5,0.0,0.0,0.0,3708.0,3708.0,101.0,3677.5,61.00000000000127,100.75,0.0,0.0
20,2025.0,4.0,Diphtheria,Katsina,3708.0,101.0,2.72,2025-01-20,8.21851757748959,0.777055460356741,31.442857142857143,40.42857142857143,0.5,0.0,0.0,0.0,3708.0,3708.0,101.0,3708.0,0.0,101.0,0.0,0.0
20,2023.0,48.0,Diphtheria,Kebbi,46.0,0.0,0.0,2023-11-27,3.8501476017100584,-0.258922337951749,32.957142857142856,47.71428571428572,5.1,272.36538461538464,227882945.0,54.283,0.0,0.0,0.0,46.0,0.0,0.0,0.0,0.020185801969515534
20,2023.0,48.0,Diphtheria,Kebbi,46.0,0.0,0.0,2023-11-27,3.8501476017100584,-0.258922337951749,32.957142857142856,47.71428571428572,5.1,272.36538461538464,227882945.0,54.283,46.0,0.0,0.0,46.0,0.0,0.0,0.0,0.020185801969515534
20,2023.0,48.0,Diphtheria,Kebbi,46.0,0.0,0.0,2023-11-27,3.8501476017100584,-0.258922337951749,32.957142857142856,47.71428571428572,5.1,272.36538461538464,227882945.0,54.283,46.0,46.0,0.0,46.0,0.0,0.0,0.0,0.020185801969515534
20,2023.0,48.0,Diphtheria,Kebbi,46.0,0.0,0.0,2023-11-27,3.8501476017100584,-0.258922337951749,32.957142857142856,47.71428571428572,5.1,272.36538461538464,227882945.0,54.283,46.0,46.0,0.0,46.0,0.0,0.0,0.0,0.020185801969515534
20,2024.0,35.0,Diphtheria,Kebbi,59.0,0.0,0.0,2024-08-26,4.0943445622221,-0.25524464505769917,33.285714285714285,45.0,0.1,203.75,232679478.0,55.03,46.0,46.0,0.0,49.25,6.5,0.0,0.2826086956521739,0.02535676996834246
20,2024.0,35.0,Diphtheria,Kebbi,59.0,0.0,0.0,2024-08-26,4.0943445622221,-0.25524464505769917,33.285714285714285,45.0,0.1,203.75,232679478.0,55.03,59.0,52.5,0.0,52.5,7.505553499465134,0.0,0.0,0.02535676996834246
20,2024.0,35.0,Diphtheria,Kebbi,59.0,0.0,0.0,2024-08-26,4.0943445622221,-0.25524464505769917,33.285714285714285,45.0,0.1,203.75,232679478.0,55.03,59.0,59.0,0.0,55.75,6.5,0.0,0.0,0.02535676996834246
20,2024.0,35.0,Diphtheria,Kebbi,59.0,0.0,0.0,2024-08-26,4.0943445622221,-0.25524464505769917,33.285714285714285,45.0,0.1,203.75,232679478.0,55.03,59.0,59.0,0.0,59.0,0.0,0.0,0.0,0.02535676996834246
20,2025.0,4.0,Diphtheria,Kebbi,70.0,0.0,0.0,2025-01-20,4.2626798770413155,-0.25213275107042626,33.72857142857143,42.142857142857146,11.4,0.0,0.0,0.0,59.0,59.0,0.0,61.75,5.5,0.0,0.1864406779661017,0.0
20,2025.0,4.0,Diphtheria,Kebbi,70.0,0.0,0.0,2025-01-20,4.2626798770413155,-0.25213275107042626,33.72857142857143,42.142857142857146,11.4,0.0,0.0,0.0,70.0,64.5,0.0,64.5,6.3508529610858835,0.0,0.0,0.0
20,2025.0,4.0,Diphtheria,Kebbi,70.0,0.0,0.0,2025-01-20,4.2626798770413155,-0.25213275107042626,33.72857142857143,42.142857142857146,11.4,0.0,0.0,0.0,70.0,70.0,0.0,67.25,5.500000000000002,0.0,0.0,0.0
20,2025.0,4.0,Diphtheria,Kebbi,70.0,0.0,0.0,2025-01-20,4.2626798770413155,-0.25213275107042626,33.72857142857143,42.142857142857146,11.4,0.0,0.0,0.0,70.0,70.0,0.0,70.0,0.0,0.0,0.0,0.0
20,2023.0,48.0,Diphtheria,Kogi,4.0,0.0,0.0,2023-11-27,1.6094379124341003,-0.2708041149940637,29.15714285714285,73.57142857142857,16.7,272.36538461538464,227882945.0,54.283,0.0,0.0,0.0,4.0,0.0,0.0,0.0,0.0017552871277839595
20,2023.0,48.0,Diphtheria,Kogi,4.0,0.0,0.0,2023-11-27,1.6094379124341003,-0.2708041149940637,29.15714285714285,73.57142857142857,16.7,272.36538461538464,227882945.0,54.283,4.0,0.0,0.0,4.0,0.0,0.0,0.0,0.0017552871277839595
20,2023.0,48.0,Diphtheria,Kogi,4.0,0.0,0.0,2023-11-27,1.6094379124341003,-0.2708041149940637,29.15714285714285,73.57142857142857,16.7,272.36538461538464,227882945.0,54.283,4.0,4.0,0.0,4.0,0.0,0.0,0.0,0.0017552871277839595
20,2024.0,35.0,Diphtheria,Kogi,40.0,0.0,0.0,2024-08-26,3.713572066704308,-0.26061973467207966,29.7,70.14285714285714,1.0,203.75,232679478.0,55.03,4.0,4.0,0.0,13.0,18.0,0.0,9.0,0.017191030487011837
20,2024.0,35.0,Diphtheria,Kogi,40.0,0.0,0.0,2024-08-26,3.713572066704308,-0.26061973467207966,29.7,70.14285714285714,1.0,203.75,232679478.0,55.03,40.0,22.0,0.0,22.0,20.784609690826528,0.0,0.0,0.017191030487011837
20,2024.0,35.0,Diphtheria,Kogi,40.0,0.0,0.0,2024-08-26,3.713572066704308,-0.26061973467207966,29.7,70.14285714285714,1.0,203.75,232679478.0,55.03,40.0,40.0,0.0,31.0,18.0,0.0,0.0,0.017191030487011837
20,2025.0,4.0,Diphtheria,Kogi,40.0,0.0,0.0,2025-01-20,3.713572066704308,-0.26061973467207966,29.1,71.28571428571429,11.7,0.0,0.0,0.0,40.0,40.0,0.0,40.0,0.0,0.0,0.0,0.0
20,2025.0,4.0,Diphtheria,Kogi,40.0,0.0,0.0,2025-01-20,3.713572066704308,-0.26061973467207966,29.1,71.28571428571429,11.7,0.0,0.0,0.0,40.0,40.0,0.0,40.0,0.0,0.0,0.0,0.0
20,2025.0,4.0,Diphtheria,Kogi,40.0,0.0,0.0,2025-01-20,3.713572066704308,-0.26061973467207966,29.1,71.28571428571429,11.7,0.0,0.0,0.0,40.0,40.0,0.0,40.0,0.0,0.0,0.0,0.0
20,2023.0,51.0,Diphtheria,Kwara,1.0,0.0,0.0,2023-12-18,0.6931471805599453,-0.2716528133542291,27.985714285714288,73.57142857142857,26.6,272.36538461538464,227882945.0,54.283,0.0,0.0,0.0,1.0,0.0,0.0,0.0,0.0004388217819459899
20,2023.0,51.0,Diphtheria,Kwara,1.0,0.0,0.0,2023-12-18,0.6931471805599453,-0.2716528133542291,27.985714285714288,73.57142857142857,26.6,272.36538461538464,227882945.0,54.283,1.0,0.0,0.0,1.0,0.0,0.0,0.0,0.0004388217819459899
20,2023.0,51.0,Diphtheria,Kwara,1.0,0.0,0.0,2023-12-18,0.6931471805599453,-0.2716528133542291,27.985714285714288,73.57142857142857,26.6,272.36538461538464,227882945.0,54.283,1.0,1.0,0.0,1.0,0.0,0.0,0.0,0.0004388217819459899
20,2024.0,35.0,Diphtheria,Kwara,1.0,0.0,0.0,2024-08-26,0.6931471805599453,-0.2716528133542291,28.6,70.0,16.3,203.75,232679478.0,55.03,1.0,1.0,0.0,1.0,0.0,0.0,0.0,0.00042977576217529594
20,2024.0,35.0,Diphtheria,Kwara,1.0,0.0,0.0,2024-08-26,0.6931471805599453,-0.2716528133542291,28.6,70.0,16.3,203.75,232679478.0,55.03,1.0,1.0,0.0,1.0,0.0,0.0,0.0,0.00042977576217529594
20,2024.0,35.0,Diphtheria,Kwara,1.0,0.0,0.0,2024-08-26,0.6931471805599453,-0.2716528133542291,28.6,70.0,16.3,203.75,232679478.0,55.03,1.0,1.0,0.0,1.0,0.0,0.0,0.0,0.00042977576217529594
20,2025.0,4.0,Diphtheria,Kwara,1.0,0.0,0.0,2025-01-20,0.6931471805599453,-0.2716528133542291,28.12857142857143,72.0,22.2,0.0,0.0,0.0,1.0,1.0,0.0,1.0,0.0,0.0,0.0,0.0
20,2025.0,4.0,Diphtheria,Kwara,1.0,0.0,0.0,2025-01-20,0.6931471805599453,-0.2716528133542291,28.12857142857143,72.0,22.2,0.0,0.0,0.0,1.0,1.0,0.0,1.0,0.0,0.0,0.0,0.0
20,2025.0,4.0,Diphtheria,Kwara,1.0,0.0,0.0,2025-01-20,0.6931471805599453,-0.2716528133542291,28.12857142857143,72.0,22.2,0.0,0.0,0.0,1.0,1.0,0.0,1.0,0.0,0.0,0.0,0.0
20,2023.0,48.0,Diphtheria,Lagos,35.0,4.0,11.43,2023-11-27,3.58351893845611,-0.2620342319390219,27.67142857142857,82.42857142857143,69.5,272.36538461538464,227882945.0,54.283,0.0,0.0,0.0,35.0,0.0,4.0,0.0,0.015358762368109645
20,2023.0,48.0,Diphtheria,Lagos,35.0,4.0,11.43,2023-11-27,3.58351893845611,-0.2620342319390219,27.67142857142857,82.42857142857143,69.5,272.36538461538464,227882945.0,54.283,35.0,0.0,4.0,35.0,0.0,4.0,0.0,0.015358762368109645
20,2023.0,48.0,Diphtheria,Lagos,35.0,4.0,11.43,2023-11-27,3.58351893845611,-0.2620342319390219,27.67142857142857,82.42857142857143,69.5,272.36538461538464,227882945.0,54.283,35.0,35.0,4.0,35.0,0.0,4.0,0.0,0.015358762368109645
20,2024.0,35.0,Diphtheria,Lagos,37.0,5.0,13.51,2024-08-26,3.6375861597263857,-0.261468433032245,28.457142857142856,81.71428571428571,25.7,203.75,232679478.0,55.03,35.0,35.0,4.0,35.5,1.0,4.25,0.05714285714285714,0.01590170320048595
20,2024.0,35.0,Diphtheria,Lagos,37.0,5.0,13.51,2024-08-26,3.6375861597263857,-0.261468433032245,28.457142857142856,81.71428571428571,25.7,203.75,232679478.0,55.03,37.0,36.0,5.0,36.0,1.1547005383792521,4.5,0.0,0.01590170320048595
20,2024.0,35.0,Diphtheria,Lagos,37.0,5.0,13.51,2024-08-26,3.6375861597263857,-0.261468433032245,28.457142857142856,81.71428571428571,25.7,203.75,232679478.0,55.03,37.0,37.0,5.0,36.5,1.0,4.75,0.0,0.01590170320048595
20,2025.0,4.0,Diphtheria,Lagos,37.0,5.0,13.51,2025-01-20,3.6375861597263857,-0.261468433032245,28.17142857142857,80.14285714285714,55.1,0.0,0.0,0.0,37.0,37.0,5.0,37.0,0.0,5.0,0.0,0.0
20,2025.0,4.0,Diphtheria,Lagos,37.0,5.0,13.51,2025-01-20,3.6375861597263857,-0.261468433032245,28.17142857142857,80.14285714285714,55.1,0.0,0.0,0.0,37.0,37.0,5.0,37.0,0.0,5.0,0.0,0.0
20,2025.0,4.0,Diphtheria,Lagos,37.0,5.0,13.51,2025-01-20,3.6375861597263857,-0.261468433032245,28.17142857142857,80.14285714285714,55.1,0.0,0.0,0.0,37.0,37.0,5.0,37.0,0.0,5.0,0.0,0.0
20,2025.0,4.0,Diphtheria,Nasarawa,104.0,1.0,0.96,2025-01-20,4.653960350157523,-0.2425141696552191,29.4,66.14285714285714,21.7,0.0,0.0,0.0,0.0,0.0,0.0,104.0,0.0,1.0,0.0,0.0
20,2025.0,4.0,Diphtheria,Nasarawa,104.0,1.0,0.96,2025-01-20,4.653960350157523,-0.2425141696552191,29.4,66.14285714285714,21.7,0.0,0.0,0.0,104.0,0.0,1.0,104.0,0.0,1.0,0.0,0.0
20,2025.0,4.0,Diphtheria,Nasarawa,104.0,1.0,0.96,2025-01-20,4.653960350157523,-0.2425141696552191,29.4,66.14285714285714,21.7,0.0,0.0,0.0,104.0,104.0,1.0,104.0,0.0,1.0,0.0,0.0
20,2023.0,48.0,Diphtheria,Niger,10.0,0.0,0.0,2023-11-27,2.3978952727983707,-0.26910671827373306,29.071428571428573,70.42857142857143,20.4,272.36538461538464,227882945.0,54.283,0.0,0.0,0.0,10.0,0.0,0.0,0.0,0.004388217819459898
20,2023.0,48.0,Diphtheria,Niger,10.0,0.0,0.0,2023-11-27,2.3978952727983707,-0.26910671827373306,29.071428571428573,70.42857142857143,20.4,272.36538461538464,227882945.0,54.283,10.0,0.0,0.0,10.0,0.0,0.0,0.0,0.004388217819459898
20,2023.0,48.0,Diphtheria,Niger,10.0,0.0,0.0,2023-11-27,2.3978952727983707,-0.26910671827373306,29.071428571428573,70.42857142857143,20.4,272.36538461538464,227882945.0,54.283,10.0,10.0,0.0,10.0,0.0,0.0,0.0,0.004388217819459898
20,2024.0,35.0,Diphtheria,Niger,11.0,0.0,0.0,2024-08-26,2.4849066497880004,-0.2688238188203446,30.3,60.85714285714285,0.7999999999999999,203.75,232679478.0,55.03,10.0,10.0,0.0,10.25,0.5,0.0,0.1,0.004727533383928255
20,2024.0,35.0,Diphtheria,Niger,11.0,0.0,0.0,2024-08-26,2.4849066497880004,-0.2688238188203446,30.3,60.85714285714285,0.7999999999999999,203.75,232679478.0,55.03,11.0,10.5,0.0,10.5,0.5773502691896256,0.0,0.0,0.004727533383928255
20,2024.0,35.0,Diphtheria,Niger,11.0,0.0,0.0,2024-08-26,2.4849066497880004,-0.2688238188203446,30.3,60.85714285714285,0.7999999999999999,203.75,232679478.0,55.03,11.0,11.0,0.0,10.75,0.5,0.0,0.0,0.004727533383928255
20,2025.0,4.0,Diphtheria,Niger,11.0,0.0,0.0,2025-01-20,2.4849066497880004,-0.2688238188203446,29.2,67.0,27.0,0.0,0.0,0.0,11.0,11.0,0.0,11.0,0.0,0.0,0.0,0.0
20,2025.0,4.0,Diphtheria,Niger,11.0,0.0,0.0,2025-01-20,2.4849066497880004,-0.2688238188203446,29.2,67.0,27.0,0.0,0.0,0.0,11.0,11.0,0.0,11.0,0.0,0.0,0.0,0.0
20,2025.0,4.0,Diphtheria,Niger,11.0,0.0,0.0,2025-01-20,2.4849066497880004,-0.2688238188203446,29.2,67.0,27.0,0.0,0.0,0.0,11.0,11.0,0.0,11.0,0.0,0.0,0.0,0.0
20,2023.0,51.0,Diphtheria,Ogun,1.0,0.0,0.0,2023-12-18,0.6931471805599453,-0.2716528133542291,27.7,81.85714285714286,20.8,272.36538461538464,227882945.0,54.283,0.0,0.0,0.0,1.0,0.0,0.0,0.0,0.0004388217819459899
20,2023.0,51.0,Diphtheria,Ogun,1.0,0.0,0.0,2023-12-18,0.6931471805599453,-0.2716528133542291,27.7,81.85714285714286,20.8,272.36538461538464,227882945.0,54.283,1.0,0.0,0.0,1.0,0.0,0.0,0.0,0.0004388217819459899
20,2023.0,51.0,Diphtheria,Ogun,1.0,0.0,0.0,2023-12-18,0.6931471805599453,-0.2716528133542291,27.7,81.85714285714286,20.8,272.36538461538464,227882945.0,54.283,1.0,1.0,0.0,1.0,0.0,0.0,0.0,0.0004388217819459899
20,2024.0,35.0,Diphtheria,Ogun,6.0,0.0,0.0,2024-08-26,1.9459101490553132,-0.2702383160872868,28.3,79.71428571428571,16.6,203.75,232679478.0,55.03,1.0,1.0,0.0,2.25,2.5,0.0,5.0,0.0025786545730517754
20,2024.0,35.0,Diphtheria,Ogun,6.0,0.0,0.0,2024-08-26,1.9459101490553132,-0.2702383160872868,28.3,79.71428571428571,16.6,203.75,232679478.0,55.03,6.0,3.5,0.0,3.5,2.886751345948129,0.0,0.0,0.0025786545730517754
20,2024.0,35.0,Diphtheria,Ogun,6.0,0.0,0.0,2024-08-26,1.9459101490553132,-0.2702383160872868,28.3,79.71428571428571,16.6,203.75,232679478.0,55.03,6.0,6.0,0.0,4.75,2.5,0.0,0.0,0.0025786545730517754
20,2025.0,4.0,Diphtheria,Ogun,6.0,0.0,0.0,2025-01-20,1.9459101490553132,-0.2702383160872868,27.514285714285712,82.42857142857143,43.5,0.0,0.0,0.0,6.0,6.0,0.0,6.0,0.0,0.0,0.0,0.0
20,2025.0,4.0,Diphtheria,Ogun,6.0,0.0,0.0,2025-01-20,1.9459101490553132,-0.2702383160872868,27.514285714285712,82.42857142857143,43.5,0.0,0.0,0.0,6.0,6.0,0.0,6.0,0.0,0.0,0.0,0.0
20,2025.0,4.0,Diphtheria,Ogun,6.0,0.0,0.0,2025-01-20,1.9459101490553132,-0.2702383160872868,27.514285714285712,82.42857142857143,43.5,0.0,0.0,0.0,6.0,6.0,0.0,6.0,0.0,0.0,0.0,0.0
20,2023.0,48.0,Diphtheria,Ondo,2.0,0.0,0.0,2023-11-27,1.0986122886681098,-0.27136991390084064,26.342857142857145,83.85714285714286,24.5,272.36538461538464,227882945.0,54.283,0.0,0.0,0.0,2.0,0.0,0.0,0.0,0.0008776435638919798
20,2023.0,48.0,Diphtheria,Ondo,2.0,0.0,0.0,2023-11-27,1.0986122886681098,-0.27136991390084064,26.342857142857145,83.85714285714286,24.5,272.36538461538464,227882945.0,54.283,2.0,0.0,0.0,2.0,0.0,0.0,0.0,0.0008776435638919798
20,2023.0,48.0,Diphtheria,Ondo,2.0,0.0,0.0,2023-11-27,1.0986122886681098,-0.27136991390084064,26.342857142857145,83.85714285714286,24.5,272.36538461538464,227882945.0,54.283,2.0,2.0,0.0,2.0,0.0,0.0,0.0,0.0008776435638919798
20,2025.0,4.0,Diphtheria,Ondo,2.0,0.0,0.0,2025-01-20,1.0986122886681098,-0.27136991390084064,25.74285714285714,84.57142857142857,17.8,0.0,0.0,0.0,2.0,2.0,0.0,2.0,0.0,0.0,0.0,0.0
20,2025.0,4.0,Diphtheria,Ondo,2.0,0.0,0.0,2025-01-20,1.0986122886681098,-0.27136991390084064,25.74285714285714,84.57142857142857,17.8,0.0,0.0,0.0,2.0,2.0,0.0,2.0,0.0,0.0,0.0,0.0
20,2025.0,4.0,Diphtheria,Ondo,2.0,0.0,0.0,2025-01-20,1.0986122886681098,-0.27136991390084064,25.74285714285714,84.57142857142857,17.8,0.0,0.0,0.0,2.0,2.0,0.0,2.0,0.0,0.0,0.0,0.0
20,2023.0,48.0,Diphtheria,Osun,14.0,1.0,7.14,2023-11-27,2.70805020110221,-0.2679751204601793,26.728571428571428,81.42857142857143,16.0,272.36538461538464,227882945.0,54.283,0.0,0.0,0.0,14.0,0.0,1.0,0.0,0.006143504947243858
20,2023.0,48.0,Diphtheria,Osun,14.0,1.0,7.14,2023-11-27,2.70805020110221,-0.2679751204601793,26.728571428571428,81.42857142857143,16.0,272.36538461538464,227882945.0,54.283,14.0,0.0,1.0,14.0,0.0,1.0,0.0,0.006143504947243858
20,2023.0,48.0,Diphtheria,Osun,14.0,1.0,7.14,2023-11-27,2.70805020110221,-0.2679751204601793,26.728571428571428,81.42857142857143,16.0,272.36538461538464,227882945.0,54.283,14.0,14.0,1.0,14.0,0.0,1.0,0.0,0.006143504947243858
20,2023.0,48.0,Diphtheria,Osun,14.0,1.0,7.14,2023-11-27,2.70805020110221,-0.2679751204601793,26.728571428571428,81.42857142857143,16.0,272.36538461538464,227882945.0,54.283,14.0,14.0,1.0,14.0,0.0,1.0,0.0,0.006143504947243858
20,2024.0,35.0,Diphtheria,Osun,16.0,1.0,6.25,2024-08-26,2.833213344056216,-0.26740932155340236,27.014285714285712,81.0,3.4000000000000004,203.75,232679478.0,55.03,14.0,14.0,1.0,14.5,1.0,1.0,0.14285714285714285,0.006876412194804735
20,2024.0,35.0,Diphtheria,Osun,16.0,1.0,6.25,2024-08-26,2.833213344056216,-0.26740932155340236,27.014285714285712,81.0,3.4000000000000004,203.75,232679478.0,55.03,16.0,15.0,1.0,15.0,1.1547005383792517,1.0,0.0,0.006876412194804735
20,2024.0,35.0,Diphtheria,Osun,16.0,1.0,6.25,2024-08-26,2.833213344056216,-0.26740932155340236,27.014285714285712,81.0,3.4000000000000004,203.75,232679478.0,55.03,16.0,16.0,1.0,15.5,1.0,1.0,0.0,0.006876412194804735
20,2024.0,35.0,Diphtheria,Osun,16.0,1.0,6.25,2024-08-26,2.833213344056216,-0.26740932155340236,27.014285714285712,81.0,3.4000000000000004,203.75,232679478.0,55.03,16.0,16.0,1.0,16.0,0.0,1.0,0.0,0.006876412194804735
20,2025.0,4.0,Diphtheria,Osun,16.0,1.0,6.25,2025-01-20,2.833213344056216,-0.26740932155340236,26.957142857142856,78.42857142857143,34.300000000000004,0.0,0.0,0.0,16.0,16.0,1.0,16.0,0.0,1.0,0.0,0.0
20,2025.0,4.0,Diphtheria,Osun,16.0,1.0,6.25,2025-01-20,2.833213344056216,-0.26740932155340236,26.957142857142856,78.42857142857143,34.300000000000004,0.0,0.0,0.0,16.0,16.0,1.0,16.0,0.0,1.0,0.0,0.0
20,2025.0,4.0,Diphtheria,Osun,16.0,1.0,6.25,2025-01-20,2.833213344056216,-0.26740932155340236,26.957142857142856,78.42857142857143,34.300000000000004,0.0,0.0,0.0,16.0,16.0,1.0,16.0,0.0,1.0,0.0,0.0
20,2025.0,4.0,Diphtheria,Osun,16.0,1.0,6.25,2025-01-20,2.833213344056216,-0.26740932155340236,26.957142857142856,78.42857142857143,34.300000000000004,0.0,0.0,0.0,16.0,16.0,1.0,16.0,0.0,1.0,0.0,0.0
20,2023.0,48.0,Diphtheria,Oyo,13.0,0.0,0.0,2023-11-27,2.6390573296152584,-0.26825801991356774,27.071428571428573,78.28571428571429,18.1,272.36538461538464,227882945.0,54.283,0.0,0.0,0.0,13.0,0.0,0.0,0.0,0.005704683165297869
20,2023.0,48.0,Diphtheria,Oyo,13.0,0.0,0.0,2023-11-27,2.6390573296152584,-0.26825801991356774,27.071428571428573,78.28571428571429,18.1,272.36538461538464,227882945.0,54.283,13.0,0.0,0.0,13.0,0.0,0.0,0.0,0.005704683165297869
20,2023.0,48.0,Diphtheria,Oyo,13.0,0.0,0.0,2023-11-27,2.6390573296152584,-0.26825801991356774,27.071428571428573,78.28571428571429,18.1,272.36538461538464,227882945.0,54.283,13.0,13.0,0.0,13.0,0.0,0.0,0.0,0.005704683165297869
20,2023.0,48.0,Diphtheria,Oyo,13.0,0.0,0.0,2023-11-27,2.6390573296152584,-0.26825801991356774,27.071428571428573,78.28571428571429,18.1,272.36538461538464,227882945.0,54.283,13.0,13.0,0.0,13.0,0.0,0.0,0.0,0.005704683165297869
20,2025.0,4.0,Diphtheria,Oyo,16.0,0.0,0.0,2025-01-20,2.833213344056216,-0.26740932155340236,27.0,77.85714285714286,20.1,0.0,0.0,0.0,13.0,13.0,0.0,13.75,1.5,0.0,0.23076923076923078,0.0
20,2025.0,4.0,Diphtheria,Oyo,16.0,0.0,0.0,2025-01-20,2.833213344056216,-0.26740932155340236,27.0,77.85714285714286,20.1,0.0,0.0,0.0,16.0,14.5,0.0,14.5,1.7320508075688772,0.0,0.0,0.0
20,2025.0,4.0,Diphtheria,Oyo,16.0,0.0,0.0,2025-01-20,2.833213344056216,-0.26740932155340236,27.0,77.85714285714286,20.1,0.0,0.0,0.0,16.0,16.0,0.0,15.25,1.5,0.0,0.0,0.0
20,2025.0,4.0,Diphtheria,Oyo,16.0,0.0,0.0,2025-01-20,2.833213344056216,-0.26740932155340236,27.0,77.85714285714286,20.1,0.0,0.0,0.0,16.0,16.0,0.0,16.0,0.0,0.0,0.0,0.0
20,2023.0,48.0,Diphtheria,Plateau,10.0,1.0,10.0,2023-11-27,2.3978952727983707,-0.26910671827373306,27.857142857142858,75.0,27.7,272.36538461538464,227882945.0,54.283,0.0,0.0,0.0,10.0,0.0,1.0,0.0,0.004388217819459898
20,2023.0,48.0,Diphtheria,Plateau,10.0,1.0,10.0,2023-11-27,2.3978952727983707,-0.26910671827373306,27.857142857142858,75.0,27.7,272.36538461538464,227882945.0,54.283,10.0,0.0,1.0,10.0,0.0,1.0,0.0,0.004388217819459898
20,2023.0,48.0,Diphtheria,Plateau,10.0,1.0,10.0,2023-11-27,2.3978952727983707,-0.26910671827373306,27.857142857142858,75.0,27.7,272.36538461538464,227882945.0,54.283,10.0,10.0,1.0,10.0,0.0,1.0,0.0,0.004388217819459898
20,2023.0,48.0,Diphtheria,Plateau,10.0,1.0,10.0,2023-11-27,2.3978952727983707,-0.26910671827373306,27.857142857142858,75.0,27.7,272.36538461538464,227882945.0,54.283,10.0,10.0,1.0,10.0,0.0,1.0,0.0,0.004388217819459898
20,2024.0,35.0,Diphtheria,Plateau,66.0,15.0,22.73,2024-08-26,4.204692619390966,-0.2532643488839801,28.228571428571428,71.0,4.9,203.75,232679478.0,55.03,10.0,10.0,1.0,24.0,28.0,4.5,5.6,0.02836520030356953
20,2024.0,35.0,Diphtheria,Plateau,66.0,15.0,22.73,2024-08-26,4.204692619390966,-0.2532643488839801,28.228571428571428,71.0,4.9,203.75,232679478.0,55.03,66.0,38.0,15.0,38.0,32.331615074619044,8.0,0.0,0.02836520030356953
20,2024.0,35.0,Diphtheria,Plateau,66.0,15.0,22.73,2024-08-26,4.204692619390966,-0.2532643488839801,28.228571428571428,71.0,4.9,203.75,232679478.0,55.03,66.0,66.0,15.0,52.0,28.0,11.5,0.0,0.02836520030356953
20,2024.0,35.0,Diphtheria,Plateau,66.0,15.0,22.73,2024-08-26,4.204692619390966,-0.2532643488839801,28.228571428571428,71.0,4.9,203.75,232679478.0,55.03,66.0,66.0,15.0,66.0,0.0,15.0,0.0,0.02836520030356953
20,2025.0,4.0,Diphtheria,Plateau,66.0,15.0,22.73,2025-01-20,4.204692619390966,-0.2532643488839801,26.857142857142858,76.85714285714286,11.3,0.0,0.0,0.0,66.0,66.0,15.0,66.0,0.0,15.0,0.0,0.0
20,2025.0,4.0,Diphtheria,Plateau,66.0,15.0,22.73,2025-01-20,4.204692619390966,-0.2532643488839801,26.857142857142858,76.85714285714286,11.3,0.0,0.0,0.0,66.0,66.0,15.0,66.0,0.0,15.0,0.0,0.0
20,2025.0,4.0,Diphtheria,Plateau,66.0,15.0,22.73,2025-01-20,4.204692619390966,-0.2532643488839801,26.857142857142858,76.85714285714286,11.3,0.0,0.0,0.0,66.0,66.0,15.0,66.0,0.0,15.0,0.0,0.0
20,2025.0,4.0,Diphtheria,Plateau,66.0,15.0,22.73,2025-01-20,4.204692619390966,-0.2532643488839801,26.857142857142858,76.85714285714286,11.3,0.0,0.0,0.0,66.0,66.0,15.0,66.0,0.0,15.0,0.0,0.0
20,2023.0,48.0,Diphtheria,Rivers,2.0,0.0,0.0,2023-11-27,1.0986122886681098,-0.27136991390084064,26.97142857142857,86.71428571428571,37.9,272.36538461538464,227882945.0,54.283,0.0,0.0,0.0,2.0,0.0,0.0,0.0,0.0008776435638919798
20,2023.0,48.0,Diphtheria,Rivers,2.0,0.0,0.0,2023-11-27,1.0986122886681098,-0.27136991390084064,26.97142857142857,86.71428571428571,37.9,272.36538461538464,227882945.0,54.283,2.0,0.0,0.0,2.0,0.0,0.0,0.0,0.0008776435638919798
20,2023.0,48.0,Diphtheria,Rivers,2.0,0.0,0.0,2023-11-27,1.0986122886681098,-0.27136991390084064,26.97142857142857,86.71428571428571,37.9,272.36538461538464,227882945.0,54.283,2.0,2.0,0.0,2.0,0.0,0.0,0.0,0.0008776435638919798
20,2023.0,48.0,Diphtheria,Rivers,2.0,0.0,0.0,2023-11-27,1.0986122886681098,-0.27136991390084064,26.97142857142857,86.71428571428571,37.9,272.36538461538464,227882945.0,54.283,2.0,2.0,0.0,2.0,0.0,0.0,0.0,0.0008776435638919798
20,2025.0,4.0,Diphtheria,Rivers,2.0,0.0,0.0,2025-01-20,1.0986122886681098,-0.27136991390084064,27.1,85.28571428571429,40.3,0.0,0.0,0.0,2.0,2.0,0.0,2.0,0.0,0.0,0.0,0.0
20,2025.0,4.0,Diphtheria,Rivers,2.0,0.0,0.0,2025-01-20,1.0986122886681098,-0.27136991390084064,27.1,85.28571428571429,40.3,0.0,0.0,0.0,2.0,2.0,0.0,2.0,0.0,0.0,0.0,0.0
20,2025.0,4.0,Diphtheria,Rivers,2.0,0.0,0.0,2025-01-20,1.0986122886681098,-0.27136991390084064,27.1,85.28571428571429,40.3,0.0,0.0,0.0,2.0,2.0,0.0,2.0,0.0,0.0,0.0,0.0
20,2025.0,4.0,Diphtheria,Rivers,2.0,0.0,0.0,2025-01-20,1.0986122886681098,-0.27136991390084064,27.1,85.28571428571429,40.3,0.0,0.0,0.0,2.0,2.0,0.0,2.0,0.0,0.0,0.0,0.0
20,2023.0,48.0,Diphtheria,Sokoto,41.0,0.0,0.0,2023-11-27,3.7376696182833684,-0.2603368352186912,33.52857142857143,42.42857142857143,0.1,272.36538461538464,227882945.0,54.283,0.0,0.0,0.0,41.0,0.0,0.0,0.0,0.017991693059785586
20,2023.0,48.0,Diphtheria,Sokoto,41.0,0.0,0.0,2023-11-27,3.7376696182833684,-0.2603368352186912,33.52857142857143,42.42857142857143,0.1,272.36538461538464,227882945.0,54.283,41.0,0.0,0.0,41.0,0.0,0.0,0.0,0.017991693059785586
20,2023.0,48.0,Diphtheria,Sokoto,41.0,0.0,0.0,2023-11-27,3.7376696182833684,-0.2603368352186912,33.52857142857143,42.42857142857143,0.1,272.36538461538464,227882945.0,54.283,41.0,41.0,0.0,41.0,0.0,0.0,0.0,0.017991693059785586
20,2023.0,48.0,Diphtheria,Sokoto,41.0,0.0,0.0,2023-11-27,3.7376696182833684,-0.2603368352186912,33.52857142857143,42.42857142857143,0.1,272.36538461538464,227882945.0,54.283,41.0,41.0,0.0,41.0,0.0,0.0,0.0,0.017991693059785586
20,2024.0,35.0,Diphtheria,Sokoto,41.0,0.0,0.0,2024-08-26,3.7376696182833684,-0.2603368352186912,34.271428571428565,37.142857142857146,0.0,203.75,232679478.0,55.03,41.0,41.0,0.0,41.0,0.0,0.0,0.0,0.017620806249187132
20,2024.0,35.0,Diphtheria,Sokoto,41.0,0.0,0.0,2024-08-26,3.7376696182833684,-0.2603368352186912,34.271428571428565,37.142857142857146,0.0,203.75,232679478.0,55.03,41.0,41.0,0.0,41.0,0.0,0.0,0.0,0.017620806249187132
20,2024.0,35.0,Diphtheria,Sokoto,41.0,0.0,0.0,2024-08-26,3.7376696182833684,-0.2603368352186912,34.271428571428565,37.142857142857146,0.0,203.75,232679478.0,55.03,41.0,41.0,0.0,41.0,0.0,0.0,0.0,0.017620806249187132
20,2024.0,35.0,Diphtheria,Sokoto,41.0,0.0,0.0,2024-08-26,3.7376696182833684,-0.2603368352186912,34.271428571428565,37.142857142857146,0.0,203.75,232679478.0,55.03,41.0,41.0,0.0,41.0,0.0,0.0,0.0,0.017620806249187132
20,2025.0,4.0,Diphtheria,Sokoto,200.0,5.0,2.5,2025-01-20,5.303304908059076,-0.21535582212992826,34.271428571428565,37.0,0.7,0.0,0.0,0.0,41.0,41.0,0.0,80.75,79.5,1.25,3.8780487804878048,0.0
20,2025.0,4.0,Diphtheria,Sokoto,200.0,5.0,2.5,2025-01-20,5.303304908059076,-0.21535582212992826,34.271428571428565,37.0,0.7,0.0,0.0,0.0,200.0,120.5,5.0,120.5,91.7986928011505,2.5,0.0,0.0
20,2025.0,4.0,Diphtheria,Sokoto,200.0,5.0,2.5,2025-01-20,5.303304908059076,-0.21535582212992826,34.271428571428565,37.0,0.7,0.0,0.0,0.0,200.0,200.0,5.0,160.25,79.5,3.75,0.0,0.0
20,2025.0,4.0,Diphtheria,Sokoto,200.0,5.0,2.5,2025-01-20,5.303304908059076,-0.21535582212992826,34.271428571428565,37.0,0.7,0.0,0.0,0.0,200.0,200.0,5.0,200.0,0.0,5.0,0.0,0.0
20,2023.0,48.0,Diphtheria,Taraba,69.0,0.0,0.0,2023-11-27,4.248495242049359,-0.2524156505238147,30.02857142857143,68.57142857142857,5.9,272.36538461538464,227882945.0,54.283,0.0,0.0,0.0,69.0,0.0,0.0,0.0,0.0302787029542733
20,2023.0,48.0,Diphtheria,Taraba,69.0,0.0,0.0,2023-11-27,4.248495242049359,-0.2524156505238147,30.02857142857143,68.57142857142857,5.9,272.36538461538464,227882945.0,54.283,69.0,0.0,0.0,69.0,0.0,0.0,0.0,0.0302787029542733
20,2023.0,48.0,Diphtheria,Taraba,69.0,0.0,0.0,2023-11-27,4.248495242049359,-0.2524156505238147,30.02857142857143,68.57142857142857,5.9,272.36538461538464,227882945.0,54.283,69.0,69.0,0.0,69.0,0.0,0.0,0.0,0.0302787029542733
20,2023.0,48.0,Diphtheria,Taraba,69.0,0.0,0.0,2023-11-27,4.248495242049359,-0.2524156505238147,30.02857142857143,68.57142857142857,5.9,272.36538461538464,227882945.0,54.283,69.0,69.0,0.0,69.0,0.0,0.0,0.0,0.0302787029542733
20,2024.0,35.0,Diphtheria,Taraba,90.0,0.0,0.0,2024-08-26,4.51085950651685,-0.24647476200265736,30.82857142857143,62.142857142857146,15.6,203.75,232679478.0,55.03,69.0,69.0,0.0,74.25,10.5,0.0,0.30434782608695654,0.038679818595776634
20,2024.0,35.0,Diphtheria,Taraba,90.0,0.0,0.0,2024-08-26,4.51085950651685,-0.24647476200265736,30.82857142857143,62.142857142857146,15.6,203.75,232679478.0,55.03,90.0,79.5,0.0,79.5,12.12435565298214,0.0,0.0,0.038679818595776634
20,2024.0,35.0,Diphtheria,Taraba,90.0,0.0,0.0,2024-08-26,4.51085950651685,-0.24647476200265736,30.82857142857143,62.142857142857146,15.6,203.75,232679478.0,55.03,90.0,90.0,0.0,84.75,10.5,0.0,0.0,0.038679818595776634
20,2024.0,35.0,Diphtheria,Taraba,90.0,0.0,0.0,2024-08-26,4.51085950651685,-0.24647476200265736,30.82857142857143,62.142857142857146,15.6,203.75,232679478.0,55.03,90.0,90.0,0.0,90.0,0.0,0.0,0.0,0.038679818595776634
20,2025.0,4.0,Diphtheria,Taraba,90.0,0.0,0.0,2025-01-20,4.51085950651685,-0.24647476200265736,29.9,63.71428571428572,16.8,0.0,0.0,0.0,90.0,90.0,0.0,90.0,0.0,0.0,0.0,0.0
20,2025.0,4.0,Diphtheria,Taraba,90.0,0.0,0.0,2025-01-20,4.51085950651685,-0.24647476200265736,29.9,63.71428571428572,16.8,0.0,0.0,0.0,90.0,90.0,0.0,90.0,0.0,0.0,0.0,0.0
20,2025.0,4.0,Diphtheria,Taraba,90.0,0.0,0.0,2025-01-20,4.51085950651685,-0.24647476200265736,29.9,63.71428571428572,16.8,0.0,0.0,0.0,90.0,90.0,0.0,90.0,0.0,0.0,0.0,0.0
20,2025.0,4.0,Diphtheria,Taraba,90.0,0.0,0.0,2025-01-20,4.51085950651685,-0.24647476200265736,29.9,63.71428571428572,16.8,0.0,0.0,0.0,90.0,90.0,0.0,90.0,0.0,0.0,0.0,0.0
20,2023.0,48.0,Diphtheria,Yobe,2234.0,70.0,3.13,2023-11-27,7.711996507047669,0.3600616660621713,34.91428571428572,35.142857142857146,0.0,272.36538461538464,227882945.0,54.283,0.0,0.0,0.0,2234.0,0.0,70.0,0.0,0.9803278608673414
20,2023.0,48.0,Diphtheria,Yobe,2234.0,70.0,3.13,2023-11-27,7.711996507047669,0.3600616660621713,34.91428571428572,35.142857142857146,0.0,272.36538461538464,227882945.0,54.283,2234.0,0.0,70.0,2234.0,0.0,70.0,0.0,0.9803278608673414
20,2023.0,48.0,Diphtheria,Yobe,2234.0,70.0,3.13,2023-11-27,7.711996507047669,0.3600616660621713,34.91428571428572,35.142857142857146,0.0,272.36538461538464,227882945.0,54.283,2234.0,2234.0,70.0,2234.0,0.0,70.0,0.0,0.9803278608673414
20,2023.0,48.0,Diphtheria,Yobe,2234.0,70.0,3.13,2023-11-27,7.711996507047669,0.3600616660621713,34.91428571428572,35.142857142857146,0.0,272.36538461538464,227882945.0,54.283,2234.0,2234.0,70.0,2234.0,0.0,70.0,0.0,0.9803278608673414
20,2024.0,35.0,Diphtheria,Yobe,3114.0,83.0,2.67,2024-08-26,8.043984431221553,0.6090131850440039,34.614285714285714,23.428571428571427,0.0,203.75,232679478.0,55.03,2234.0,2234.0,70.0,2454.0,440.0,73.25,0.39391226499552373,1.3383217234138716
20,2024.0,35.0,Diphtheria,Yobe,3114.0,83.0,2.67,2024-08-26,8.043984431221553,0.6090131850440039,34.614285714285714,23.428571428571427,0.0,203.75,232679478.0,55.03,3114.0,2674.0,83.0,2674.0,508.06823688687064,76.5,0.0,1.3383217234138716
20,2024.0,35.0,Diphtheria,Yobe,3114.0,83.0,2.67,2024-08-26,8.043984431221553,0.6090131850440039,34.614285714285714,23.428571428571427,0.0,203.75,232679478.0,55.03,3114.0,3114.0,83.0,2894.0,440.0,79.75,0.0,1.3383217234138716
20,2024.0,35.0,Diphtheria,Yobe,3114.0,83.0,2.67,2024-08-26,8.043984431221553,0.6090131850440039,34.614285714285714,23.428571428571427,0.0,203.75,232679478.0,55.03,3114.0,3114.0,83.0,3114.0,0.0,83.0,0.0,1.3383217234138716
20,2025.0,4.0,Diphtheria,Yobe,5330.0,109.0,2.05,2025-01-20,8.581294116822761,1.2359183737528008,32.871428571428574,33.42857142857143,0.1,0.0,0.0,0.0,3114.0,3114.0,83.0,3668.0,1108.0,89.5,0.7116249197174053,0.0
20,2025.0,4.0,Diphtheria,Yobe,5330.0,109.0,2.05,2025-01-20,8.581294116822761,1.2359183737528008,32.871428571428574,33.42857142857143,0.1,0.0,0.0,0.0,5330.0,4222.0,109.0,4222.0,1279.4081965242106,96.0,0.0,0.0
20,2025.0,4.0,Diphtheria,Yobe,5330.0,109.0,2.05,2025-01-20,8.581294116822761,1.2359183737528008,32.871428571428574,33.42857142857143,0.1,0.0,0.0,0.0,5330.0,5330.0,109.0,4776.0,1108.0,102.5,0.0,0.0
20,2025.0,4.0,Diphtheria,Yobe,5330.0,109.0,2.05,2025-01-20,8.581294116822761,1.2359183737528008,32.871428571428574,33.42857142857143,0.1,0.0,0.0,0.0,5330.0,5330.0,109.0,5330.0,0.0,109.0,0.0,0.0
20,2023.0,48.0,Diphtheria,Zamfara,99.0,0.0,0.0,2023-11-27,4.605170185988092,-0.24392866692216134,31.65714285714285,50.57142857142857,0.7000000000000001,272.36538461538464,227882945.0,54.283,0.0,0.0,0.0,99.0,0.0,0.0,0.0,0.043443356412653
20,2023.0,48.0,Diphtheria,Zamfara,99.0,0.0,0.0,2023-11-27,4.605170185988092,-0.24392866692216134,31.65714285714285,50.57142857142857,0.7000000000000001,272.36538461538464,227882945.0,54.283,99.0,0.0,0.0,99.0,0.0,0.0,0.0,0.043443356412653
20,2023.0,48.0,Diphtheria,Zamfara,99.0,0.0,0.0,2023-11-27,4.605170185988092,-0.24392866692216134,31.65714285714285,50.57142857142857,0.7000000000000001,272.36538461538464,227882945.0,54.283,99.0,99.0,0.0,99.0,0.0,0.0,0.0,0.043443356412653
20,2023.0,48.0,Diphtheria,Zamfara,99.0,0.0,0.0,2023-11-27,4.605170185988092,-0.24392866692216134,31.65714285714285,50.57142857142857,0.7000000000000001,272.36538461538464,227882945.0,54.283,99.0,99.0,0.0,99.0,0.0,0.0,0.0,0.043443356412653
20,2024.0,35.0,Diphtheria,Zamfara,219.0,0.0,0.0,2024-08-26,5.393627546352362,-0.2099807325155478,31.242857142857144,53.285714285714285,0.1,203.75,232679478.0,55.03,99.0,99.0,0.0,129.0,60.0,0.0,1.2121212121212122,0.09412089191638981
20,2024.0,35.0,Diphtheria,Zamfara,219.0,0.0,0.0,2024-08-26,5.393627546352362,-0.2099807325155478,31.242857142857144,53.285714285714285,0.1,203.75,232679478.0,55.03,219.0,159.0,0.0,159.0,69.2820323027551,0.0,0.0,0.09412089191638981
20,2024.0,35.0,Diphtheria,Zamfara,219.0,0.0,0.0,2024-08-26,5.393627546352362,-0.2099807325155478,31.242857142857144,53.285714285714285,0.1,203.75,232679478.0,55.03,219.0,219.0,0.0,189.0,60.0,0.0,0.0,0.09412089191638981
20,2024.0,35.0,Diphtheria,Zamfara,219.0,0.0,0.0,2024-08-26,5.393627546352362,-0.2099807325155478,31.242857142857144,53.285714285714285,0.1,203.75,232679478.0,55.03,219.0,219.0,0.0,219.0,0.0,0.0,0.0,0.09412089191638981
20,2025.0,4.0,Diphtheria,Zamfara,219.0,0.0,0.0,2025-01-20,5.393627546352362,-0.2099807325155478,30.6,53.71428571428572,5.4,0.0,0.0,0.0,219.0,219.0,0.0,219.0,0.0,0.0,0.0,0.0
20,2025.0,4.0,Diphtheria,Zamfara,219.0,0.0,0.0,2025-01-20,5.393627546352362,-0.2099807325155478,30.6,53.71428571428572,5.4,0.0,0.0,0.0,219.0,219.0,0.0,219.0,0.0,0.0,0.0,0.0
20,2025.0,4.0,Diphtheria,Zamfara,219.0,0.0,0.0,2025-01-20,5.393627546352362,-0.2099807325155478,30.6,53.71428571428572,5.4,0.0,0.0,0.0,219.0,219.0,0.0,219.0,0.0,0.0,0.0,0.0
20,2025.0,4.0,Diphtheria,Zamfara,219.0,0.0,0.0,2025-01-20,5.393627546352362,-0.2099807325155478,30.6,53.71428571428572,5.4,0.0,0.0,0.0,219.0,219.0,0.0,219.0,0.0,0.0,0.0,0.0
1,2005.0,0.0,Leprosy,All,96.6153846153846,0.0,0.0,,4.58103511025285,-0.4570570062670663,0.0,0.0,0.0,96.6153846153846,0.0,39.074,0.0,0.0,0.0,96.6153846153846,0.0,0.0,0.0,0.0
2,2005.0,0.0,Leprosy,All,96.6153846153846,0.0,0.0,,4.58103511025285,-0.4570570062670663,0.0,0.0,0.0,96.6153846153846,0.0,39.074,96.6153846153846,0.0,0.0,96.6153846153846,0.0,0.0,0.0,0.0
3,2005.0,0.0,Leprosy,All,96.6153846153846,0.0,0.0,,4.58103511025285,-0.4570570062670663,0.0,0.0,0.0,96.6153846153846,0.0,39.074,96.6153846153846,96.6153846153846,0.0,96.6153846153846,0.0,0.0,0.0,0.0
4,2005.0,0.0,Leprosy,All,96.6153846153846,0.0,0.0,,4.58103511025285,-0.4570570062670663,0.0,0.0,0.0,96.6153846153846,0.0,39.074,96.6153846153846,96.6153846153846,0.0,96.6153846153846,0.0,0.0,0.0,0.0
5,2005.0,0.0,Leprosy,All,96.6153846153846,0.0,0.0,,4.58103511025285,-0.4570570062670663,0.0,0.0,0.0,96.6153846153846,0.0,39.074,96.6153846153846,96.6153846153846,0.0,96.6153846153846,0.0,0.0,0.0,0.0
6,2005.0,0.0,Leprosy,All,96.6153846153846,0.0,0.0,,4.58103511025285,-0.4570570062670663,0.0,0.0,0.0,96.6153846153846,0.0,39.074,96.6153846153846,96.6153846153846,0.0,96.6153846153846,0.0,0.0,0.0,0.0
7,2005.0,0.0,Leprosy,All,96.6153846153846,0.0,0.0,,4.58103511025285,-0.4570570062670663,0.0,0.0,0.0,96.6153846153846,0.0,39.074,96.6153846153846,96.6153846153846,0.0,96.6153846153846,0.0,0.0,0.0,0.0
8,2005.0,0.0,Leprosy,All,96.6153846153846,0.0,0.0,,4.58103511025285,-0.4570570062670663,0.0,0.0,0.0,96.6153846153846,0.0,39.074,96.6153846153846,96.6153846153846,0.0,96.6153846153846,0.0,0.0,0.0,0.0
9,2005.0,0.0,Leprosy,All,96.6153846153846,0.0,0.0,,4.58103511025285,-0.4570570062670663,0.0,0.0,0.0,96.6153846153846,0.0,39.074,96.6153846153846,96.6153846153846,0.0,96.6153846153846,0.0,0.0,0.0,0.0
10,2005.0,0.0,Leprosy,All,96.6153846153846,0.0,0.0,,4.58103511025285,-0.4570570062670663,0.0,0.0,0.0,96.6153846153846,0.0,39.074,96.6153846153846,96.6153846153846,0.0,96.6153846153846,0.0,0.0,0.0,0.0
11,2005.0,0.0,Leprosy,All,96.6153846153846,0.0,0.0,,4.58103511025285,-0.4570570062670663,0.0,0.0,0.0,96.6153846153846,0.0,39.074,96.6153846153846,96.6153846153846,0.0,96.6153846153846,0.0,0.0,0.0,0.0
12,2005.0,0.0,Leprosy,All,96.6153846153846,0.0,0.0,,4.58103511025285,-0.4570570062670663,0.0,0.0,0.0,96.6153846153846,0.0,39.074,96.6153846153846,96.6153846153846,0.0,96.6153846153846,0.0,0.0,0.0,0.0
13,2005.0,0.0,Leprosy,All,96.6153846153846,0.0,0.0,,4.58103511025285,-0.4570570062670663,0.0,0.0,0.0,96.6153846153846,0.0,39.074,96.6153846153846,96.6153846153846,0.0,96.6153846153846,0.0,0.0,0.0,0.0
14,2005.0,0.0,Leprosy,All,96.6153846153846,0.0,0.0,,4.58103511025285,-0.4570570062670663,0.0,0.0,0.0,96.6153846153846,0.0,39.074,96.6153846153846,96.6153846153846,0.0,96.6153846153846,0.0,0.0,0.0,0.0
15,2005.0,0.0,Leprosy,All,96.6153846153846,0.0,0.0,,4.58103511025285,-0.4570570062670663,0.0,0.0,0.0,96.6153846153846,0.0,39.074,96.6153846153846,96.6153846153846,0.0,96.6153846153846,0.0,0.0,0.0,0.0
16,2005.0,0.0,Leprosy,All,96.6153846153846,0.0,0.0,,4.58103511025285,-0.4570570062670663,0.0,0.0,0.0,96.6153846153846,0.0,39.074,96.6153846153846,96.6153846153846,0.0,96.6153846153846,0.0,0.0,0.0,0.0
17,2005.0,0.0,Leprosy,All,96.6153846153846,0.0,0.0,,4.58103511025285,-0.4570570062670663,0.0,0.0,0.0,96.6153846153846,0.0,39.074,96.6153846153846,96.6153846153846,0.0,96.6153846153846,0.0,0.0,0.0,0.0
18,2005.0,0.0,Leprosy,All,96.6153846153846,0.0,0.0,,4.58103511025285,-0.4570570062670663,0.0,0.0,0.0,96.6153846153846,0.0,39.074,96.6153846153846,96.6153846153846,0.0,96.6153846153846,0.0,0.0,0.0,0.0
19,2005.0,0.0,Leprosy,All,96.6153846153846,0.0,0.0,,4.58103511025285,-0.4570570062670663,0.0,0.0,0.0,96.6153846153846,0.0,39.074,96.6153846153846,96.6153846153846,0.0,96.6153846153846,0.0,0.0,0.0,0.0
20,2005.0,0.0,Leprosy,All,96.6153846153846,0.0,0.0,,4.58103511025285,-0.4570570062670663,0.0,0.0,0.0,96.6153846153846,0.0,39.074,96.6153846153846,96.6153846153846,0.0,96.6153846153846,0.0,0.0,0.0,0.0
21,2005.0,0.0,Leprosy,All,96.6153846153846,0.0,0.0,,4.58103511025285,-0.4570570062670663,0.0,0.0,0.0,96.6153846153846,0.0,39.074,96.6153846153846,96.6153846153846,0.0,96.6153846153846,0.0,0.0,0.0,0.0
22,2005.0,0.0,Leprosy,All,96.6153846153846,0.0,0.0,,4.58103511025285,-0.4570570062670663,0.0,0.0,0.0,96.6153846153846,0.0,39.074,96.6153846153846,96.6153846153846,0.0,96.6153846153846,0.0,0.0,0.0,0.0
23,2005.0,0.0,Leprosy,All,96.6153846153846,0.0,0.0,,4.58103511025285,-0.4570570062670663,0.0,0.0,0.0,96.6153846153846,0.0,39.074,96.6153846153846,96.6153846153846,0.0,96.6153846153846,0.0,0.0,0.0,0.0
24,2005.0,0.0,Leprosy,All,96.6153846153846,0.0,0.0,,4.58103511025285,-0.4570570062670663,0.0,0.0,0.0,96.6153846153846,0.0,39.074,96.6153846153846,96.6153846153846,0.0,96.6153846153846,0.0,0.0,0.0,0.0
25,2005.0,0.0,Leprosy,All,96.6153846153846,0.0,0.0,,4.58103511025285,-0.4570570062670663,0.0,0.0,0.0,96.6153846153846,0.0,39.074,96.6153846153846,96.6153846153846,0.0,96.6153846153846,0.0,0.0,0.0,0.0
26,2005.0,0.0,Leprosy,All,96.6153846153846,0.0,0.0,,4.58103511025285,-0.4570570062670663,0.0,0.0,0.0,96.6153846153846,0.0,39.074,96.6153846153846,96.6153846153846,0.0,96.6153846153846,0.0,0.0,0.0,0.0
27,2005.0,0.0,Leprosy,All,96.6153846153846,0.0,0.0,,4.58103511025285,-0.4570570062670663,0.0,0.0,0.0,96.6153846153846,0.0,39.074,96.6153846153846,96.6153846153846,0.0,96.6153846153846,0.0,0.0,0.0,0.0
28,2005.0,0.0,Leprosy,All,96.6153846153846,0.0,0.0,,4.58103511025285,-0.4570570062670663,0.0,0.0,0.0,96.6153846153846,0.0,39.074,96.6153846153846,96.6153846153846,0.0,96.6153846153846,0.0,0.0,0.0,0.0
29,2005.0,0.0,Leprosy,All,96.6153846153846,0.0,0.0,,4.58103511025285,-0.4570570062670663,0.0,0.0,0.0,96.6153846153846,0.0,39.074,96.6153846153846,96.6153846153846,0.0,96.6153846153846,0.0,0.0,0.0,0.0
30,2005.0,0.0,Leprosy,All,96.6153846153846,0.0,0.0,,4.58103511025285,-0.4570570062670663,0.0,0.0,0.0,96.6153846153846,0.0,39.074,96.6153846153846,96.6153846153846,0.0,96.6153846153846,0.0,0.0,0.0,0.0
31,2005.0,0.0,Leprosy,All,96.6153846153846,0.0,0.0,,4.58103511025285,-0.4570570062670663,0.0,0.0,0.0,96.6153846153846,0.0,39.074,96.6153846153846,96.6153846153846,0.0,96.6153846153846,0.0,0.0,0.0,0.0
32,2005.0,0.0,Leprosy,All,96.6153846153846,0.0,0.0,,4.58103511025285,-0.4570570062670663,0.0,0.0,0.0,96.6153846153846,0.0,39.074,96.6153846153846,96.6153846153846,0.0,96.6153846153846,0.0,0.0,0.0,0.0
33,2005.0,0.0,Leprosy,All,96.6153846153846,0.0,0.0,,4.58103511025285,-0.4570570062670663,0.0,0.0,0.0,96.6153846153846,0.0,39.074,96.6153846153846,96.6153846153846,0.0,96.6153846153846,0.0,0.0,0.0,0.0
34,2005.0,0.0,Leprosy,All,96.6153846153846,0.0,0.0,,4.58103511025285,-0.4570570062670663,0.0,0.0,0.0,96.6153846153846,0.0,39.074,96.6153846153846,96.6153846153846,0.0,96.6153846153846,0.0,0.0,0.0,0.0
35,2005.0,0.0,Leprosy,All,96.6153846153846,0.0,0.0,,4.58103511025285,-0.4570570062670663,0.0,0.0,0.0,96.6153846153846,0.0,39.074,96.6153846153846,96.6153846153846,0.0,96.6153846153846,0.0,0.0,0.0,0.0
36,2005.0,0.0,Leprosy,All,96.6153846153846,0.0,0.0,,4.58103511025285,-0.4570570062670663,0.0,0.0,0.0,96.6153846153846,0.0,39.074,96.6153846153846,96.6153846153846,0.0,96.6153846153846,0.0,0.0,0.0,0.0
37,2005.0,0.0,Leprosy,All,96.6153846153846,0.0,0.0,,4.58103511025285,-0.4570570062670663,0.0,0.0,0.0,96.6153846153846,0.0,39.074,96.6153846153846,96.6153846153846,0.0,96.6153846153846,0.0,0.0,0.0,0.0
38,2005.0,0.0,Leprosy,All,96.6153846153846,0.0,0.0,,4.58103511025285,-0.4570570062670663,0.0,0.0,0.0,96.6153846153846,0.0,39.074,96.6153846153846,96.6153846153846,0.0,96.6153846153846,0.0,0.0,0.0,0.0
39,2005.0,0.0,Leprosy,All,96.6153846153846,0.0,0.0,,4.58103511025285,-0.4570570062670663,0.0,0.0,0.0,96.6153846153846,0.0,39.074,96.6153846153846,96.6153846153846,0.0,96.6153846153846,0.0,0.0,0.0,0.0
40,2005.0,0.0,Leprosy,All,96.6153846153846,0.0,0.0,,4.58103511025285,-0.4570570062670663,0.0,0.0,0.0,96.6153846153846,0.0,39.074,96.6153846153846,96.6153846153846,0.0,96.6153846153846,0.0,0.0,0.0,0.0
41,2005.0,0.0,Leprosy,All,96.6153846153846,0.0,0.0,,4.58103511025285,-0.4570570062670663,0.0,0.0,0.0,96.6153846153846,0.0,39.074,96.6153846153846,96.6153846153846,0.0,96.6153846153846,0.0,0.0,0.0,0.0
42,2005.0,0.0,Leprosy,All,96.6153846153846,0.0,0.0,,4.58103511025285,-0.4570570062670663,0.0,0.0,0.0,96.6153846153846,0.0,39.074,96.6153846153846,96.6153846153846,0.0,96.6153846153846,0.0,0.0,0.0,0.0
43,2005.0,0.0,Leprosy,All,96.6153846153846,0.0,0.0,,4.58103511025285,-0.4570570062670663,0.0,0.0,0.0,96.6153846153846,0.0,39.074,96.6153846153846,96.6153846153846,0.0,96.6153846153846,0.0,0.0,0.0,0.0
44,2005.0,0.0,Leprosy,All,96.6153846153846,0.0,0.0,,4.58103511025285,-0.4570570062670663,0.0,0.0,0.0,96.6153846153846,0.0,39.074,96.6153846153846,96.6153846153846,0.0,96.6153846153846,0.0,0.0,0.0,0.0
45,2005.0,0.0,Leprosy,All,96.6153846153846,0.0,0.0,,4.58103511025285,-0.4570570062670663,0.0,0.0,0.0,96.6153846153846,0.0,39.074,96.6153846153846,96.6153846153846,0.0,96.6153846153846,0.0,0.0,0.0,0.0
46,2005.0,0.0,Leprosy,All,96.6153846153846,0.0,0.0,,4.58103511025285,-0.4570570062670663,0.0,0.0,0.0,96.6153846153846,0.0,39.074,96.6153846153846,96.6153846153846,0.0,96.6153846153846,0.0,0.0,0.0,0.0
47,2005.0,0.0,Leprosy,All,96.6153846153846,0.0,0.0,,4.58103511025285,-0.4570570062670663,0.0,0.0,0.0,96.6153846153846,0.0,39.074,96.6153846153846,96.6153846153846,0.0,96.6153846153846,0.0,0.0,0.0,0.0
48,2005.0,0.0,Leprosy,All,96.6153846153846,0.0,0.0,,4.58103511025285,-0.4570570062670663,0.0,0.0,0.0,96.6153846153846,0.0,39.074,96.6153846153846,96.6153846153846,0.0,96.6153846153846,0.0,0.0,0.0,0.0
49,2005.0,0.0,Leprosy,All,96.6153846153846,0.0,0.0,,4.58103511025285,-0.4570570062670663,0.0,0.0,0.0,96.6153846153846,0.0,39.074,96.6153846153846,96.6153846153846,0.0,96.6153846153846,0.0,0.0,0.0,0.0
50,2005.0,0.0,Leprosy,All,96.6153846153846,0.0,0.0,,4.58103511025285,-0.4570570062670663,0.0,0.0,0.0,96.6153846153846,0.0,39.074,96.6153846153846,96.6153846153846,0.0,96.6153846153846,0.0,0.0,0.0,0.0
51,2005.0,0.0,Leprosy,All,96.6153846153846,0.0,0.0,,4.58103511025285,-0.4570570062670663,0.0,0.0,0.0,96.6153846153846,0.0,39.074,96.6153846153846,96.6153846153846,0.0,96.6153846153846,0.0,0.0,0.0,0.0
52,2005.0,0.0,Leprosy,All,96.6153846153846,0.0,0.0,,4.58103511025285,-0.4570570062670663,0.0,0.0,0.0,96.6153846153846,0.0,39.074,96.6153846153846,96.6153846153846,0.0,96.6153846153846,0.0,0.0,0.0,0.0
1,2006.0,0.0,Leprosy,All,68.15384615384616,0.0,0.0,,4.236333677010084,-0.9631223329517732,0.0,0.0,0.0,68.15384615384616,0.0,39.943,96.6153846153846,96.6153846153846,0.0,89.5,14.230769230769218,0.0,-0.2945859872611463,0.0
2,2006.0,0.0,Leprosy,All,68.15384615384616,0.0,0.0,,4.236333677010084,-0.9631223329517732,0.0,0.0,0.0,68.15384615384616,0.0,39.943,68.15384615384616,82.38461538461539,0.0,82.38461538461537,16.4322768923201,0.0,0.0,0.0
3,2006.0,0.0,Leprosy,All,68.15384615384616,0.0,0.0,,4.236333677010084,-0.9631223329517732,0.0,0.0,0.0,68.15384615384616,0.0,39.943,68.15384615384616,68.15384615384616,0.0,75.26923076923077,14.230769230769212,0.0,0.0,0.0
4,2006.0,0.0,Leprosy,All,68.15384615384616,0.0,0.0,,4.236333677010084,-0.9631223329517732,0.0,0.0,0.0,68.15384615384616,0.0,39.943,68.15384615384616,68.15384615384616,0.0,68.15384615384616,0.0,0.0,0.0,0.0
5,2006.0,0.0,Leprosy,All,68.15384615384616,0.0,0.0,,4.236333677010084,-0.9631223329517732,0.0,0.0,0.0,68.15384615384616,0.0,39.943,68.15384615384616,68.15384615384616,0.0,68.15384615384616,0.0,0.0,0.0,0.0
6,2006.0,0.0,Leprosy,All,68.15384615384616,0.0,0.0,,4.236333677010084,-0.9631223329517732,0.0,0.0,0.0,68.15384615384616,0.0,39.943,68.15384615384616,68.15384615384616,0.0,68.15384615384616,0.0,0.0,0.0,0.0
7,2006.0,0.0,Leprosy,All,68.15384615384616,0.0,0.0,,4.236333677010084,-0.9631223329517732,0.0,0.0,0.0,68.15384615384616,0.0,39.943,68.15384615384616,68.15384615384616,0.0,68.15384615384616,0.0,0.0,0.0,0.0
8,2006.0,0.0,Leprosy,All,68.15384615384616,0.0,0.0,,4.236333677010084,-0.9631223329517732,0.0,0.0,0.0,68.15384615384616,0.0,39.943,68.15384615384616,68.15384615384616,0.0,68.15384615384616,0.0,0.0,0.0,0.0
9,2006.0,0.0,Leprosy,All,68.15384615384616,0.0,0.0,,4.236333677010084,-0.9631223329517732,0.0,0.0,0.0,68.15384615384616,0.0,39.943,68.15384615384616,68.15384615384616,0.0,68.15384615384616,0.0,0.0,0.0,0.0
10,2006.0,0.0,Leprosy,All,68.15384615384616,0.0,0.0,,4.236333677010084,-0.9631223329517732,0.0,0.0,0.0,68.15384615384616,0.0,39.943,68.15384615384616,68.15384615384616,0.0,68.15384615384616,0.0,0.0,0.0,0.0
11,2006.0,0.0,Leprosy,All,68.15384615384616,0.0,0.0,,4.236333677010084,-0.9631223329517732,0.0,0.0,0.0,68.15384615384616,0.0,39.943,68.15384615384616,68.15384615384616,0.0,68.15384615384616,0.0,0.0,0.0,0.0
12,2006.0,0.0,Leprosy,All,68.15384615384616,0.0,0.0,,4.236333677010084,-0.9631223329517732,0.0,0.0,0.0,68.15384615384616,0.0,39.943,68.15384615384616,68.15384615384616,0.0,68.15384615384616,0.0,0.0,0.0,0.0
13,2006.0,0.0,Leprosy,All,68.15384615384616,0.0,0.0,,4.236333677010084,-0.9631223329517732,0.0,0.0,0.0,68.15384615384616,0.0,39.943,68.15384615384616,68.15384615384616,0.0,68.15384615384616,0.0,0.0,0.0,0.0
14,2006.0,0.0,Leprosy,All,68.15384615384616,0.0,0.0,,4.236333677010084,-0.9631223329517732,0.0,0.0,0.0,68.15384615384616,0.0,39.943,68.15384615384616,68.15384615384616,0.0,68.15384615384616,0.0,0.0,0.0,0.0
15,2006.0,0.0,Leprosy,All,68.15384615384616,0.0,0.0,,4.236333677010084,-0.9631223329517732,0.0,0.0,0.0,68.15384615384616,0.0,39.943,68.15384615384616,68.15384615384616,0.0,68.15384615384616,0.0,0.0,0.0,0.0
16,2006.0,0.0,Leprosy,All,68.15384615384616,0.0,0.0,,4.236333677010084,-0.9631223329517732,0.0,0.0,0.0,68.15384615384616,0.0,39.943,68.15384615384616,68.15384615384616,0.0,68.15384615384616,0.0,0.0,0.0,0.0
17,2006.0,0.0,Leprosy,All,68.15384615384616,0.0,0.0,,4.236333677010084,-0.9631223329517732,0.0,0.0,0.0,68.15384615384616,0.0,39.943,68.15384615384616,68.15384615384616,0.0,68.15384615384616,0.0,0.0,0.0,0.0
18,2006.0,0.0,Leprosy,All,68.15384615384616,0.0,0.0,,4.236333677010084,-0.9631223329517732,0.0,0.0,0.0,68.15384615384616,0.0,39.943,68.15384615384616,68.15384615384616,0.0,68.15384615384616,0.0,0.0,0.0,0.0
19,2006.0,0.0,Leprosy,All,68.15384615384616,0.0,0.0,,4.236333677010084,-0.9631223329517732,0.0,0.0,0.0,68.15384615384616,0.0,39.943,68.15384615384616,68.15384615384616,0.0,68.15384615384616,0.0,0.0,0.0,0.0
20,2006.0,0.0,Leprosy,All,68.15384615384616,0.0,0.0,,4.236333677010084,-0.9631223329517732,0.0,0.0,0.0,68.15384615384616,0.0,39.943,68.15384615384616,68.15384615384616,0.0,68.15384615384616,0.0,0.0,0.0,0.0
21,2006.0,0.0,Leprosy,All,68.15384615384616,0.0,0.0,,4.236333677010084,-0.9631223329517732,0.0,0.0,0.0,68.15384615384616,0.0,39.943,68.15384615384616,68.15384615384616,0.0,68.15384615384616,0.0,0.0,0.0,0.0
22,2006.0,0.0,Leprosy,All,68.15384615384616,0.0,0.0,,4.236333677010084,-0.9631223329517732,0.0,0.0,0.0,68.15384615384616,0.0,39.943,68.15384615384616,68.15384615384616,0.0,68.15384615384616,0.0,0.0,0.0,0.0
23,2006.0,0.0,Leprosy,All,68.15384615384616,0.0,0.0,,4.236333677010084,-0.9631223329517732,0.0,0.0,0.0,68.15384615384616,0.0,39.943,68.15384615384616,68.15384615384616,0.0,68.15384615384616,0.0,0.0,0.0,0.0
24,2006.0,0.0,Leprosy,All,68.15384615384616,0.0,0.0,,4.236333677010084,-0.9631223329517732,0.0,0.0,0.0,68.15384615384616,0.0,39.943,68.15384615384616,68.15384615384616,0.0,68.15384615384616,0.0,0.0,0.0,0.0
25,2006.0,0.0,Leprosy,All,68.15384615384616,0.0,0.0,,4.236333677010084,-0.9631223329517732,0.0,0.0,0.0,68.15384615384616,0.0,39.943,68.15384615384616,68.15384615384616,0.0,68.15384615384616,0.0,0.0,0.0,0.0
26,2006.0,0.0,Leprosy,All,68.15384615384616,0.0,0.0,,4.236333677010084,-0.9631223329517732,0.0,0.0,0.0,68.15384615384616,0.0,39.943,68.15384615384616,68.15384615384616,0.0,68.15384615384616,0.0,0.0,0.0,0.0
27,2006.0,0.0,Leprosy,All,68.15384615384616,0.0,0.0,,4.236333677010084,-0.9631223329517732,0.0,0.0,0.0,68.15384615384616,0.0,39.943,68.15384615384616,68.15384615384616,0.0,68.15384615384616,0.0,0.0,0.0,0.0
28,2006.0,0.0,Leprosy,All,68.15384615384616,0.0,0.0,,4.236333677010084,-0.9631223329517732,0.0,0.0,0.0,68.15384615384616,0.0,39.943,68.15384615384616,68.15384615384616,0.0,68.15384615384616,0.0,0.0,0.0,0.0
29,2006.0,0.0,Leprosy,All,68.15384615384616,0.0,0.0,,4.236333677010084,-0.9631223329517732,0.0,0.0,0.0,68.15384615384616,0.0,39.943,68.15384615384616,68.15384615384616,0.0,68.15384615384616,0.0,0.0,0.0,0.0
30,2006.0,0.0,Leprosy,All,68.15384615384616,0.0,0.0,,4.236333677010084,-0.9631223329517732,0.0,0.0,0.0,68.15384615384616,0.0,39.943,68.15384615384616,68.15384615384616,0.0,68.15384615384616,0.0,0.0,0.0,0.0
31,2006.0,0.0,Leprosy,All,68.15384615384616,0.0,0.0,,4.236333677010084,-0.9631223329517732,0.0,0.0,0.0,68.15384615384616,0.0,39.943,68.15384615384616,68.15384615384616,0.0,68.15384615384616,0.0,0.0,0.0,0.0
32,2006.0,0.0,Leprosy,All,68.15384615384616,0.0,0.0,,4.236333677010084,-0.9631223329517732,0.0,0.0,0.0,68.15384615384616,0.0,39.943,68.15384615384616,68.15384615384616,0.0,68.15384615384616,0.0,0.0,0.0,0.0
33,2006.0,0.0,Leprosy,All,68.15384615384616,0.0,0.0,,4.236333677010084,-0.9631223329517732,0.0,0.0,0.0,68.15384615384616,0.0,39.943,68.15384615384616,68.15384615384616,0.0,68.15384615384616,0.0,0.0,0.0,0.0
34,2006.0,0.0,Leprosy,All,68.15384615384616,0.0,0.0,,4.236333677010084,-0.9631223329517732,0.0,0.0,0.0,68.15384615384616,0.0,39.943,68.15384615384616,68.15384615384616,0.0,68.15384615384616,0.0,0.0,0.0,0.0
35,2006.0,0.0,Leprosy,All,68.15384615384616,0.0,0.0,,4.236333677010084,-0.9631223329517732,0.0,0.0,0.0,68.15384615384616,0.0,39.943,68.15384615384616,68.15384615384616,0.0,68.15384615384616,0.0,0.0,0.0,0.0
36,2006.0,0.0,Leprosy,All,68.15384615384616,0.0,0.0,,4.236333677010084,-0.9631223329517732,0.0,0.0,0.0,68.15384615384616,0.0,39.943,68.15384615384616,68.15384615384616,0.0,68.15384615384616,0.0,0.0,0.0,0.0
37,2006.0,0.0,Leprosy,All,68.15384615384616,0.0,0.0,,4.236333677010084,-0.9631223329517732,0.0,0.0,0.0,68.15384615384616,0.0,39.943,68.15384615384616,68.15384615384616,0.0,68.15384615384616,0.0,0.0,0.0,0.0
38,2006.0,0.0,Leprosy,All,68.15384615384616,0.0,0.0,,4.236333677010084,-0.9631223329517732,0.0,0.0,0.0,68.15384615384616,0.0,39.943,68.15384615384616,68.15384615384616,0.0,68.15384615384616,0.0,0.0,0.0,0.0
39,2006.0,0.0,Leprosy,All,68.15384615384616,0.0,0.0,,4.236333677010084,-0.9631223329517732,0.0,0.0,0.0,68.15384615384616,0.0,39.943,68.15384615384616,68.15384615384616,0.0,68.15384615384616,0.0,0.0,0.0,0.0
40,2006.0,0.0,Leprosy,All,68.15384615384616,0.0,0.0,,4.236333677010084,-0.9631223329517732,0.0,0.0,0.0,68.15384615384616,0.0,39.943,68.15384615384616,68.15384615384616,0.0,68.15384615384616,0.0,0.0,0.0,0.0
41,2006.0,0.0,Leprosy,All,68.15384615384616,0.0,0.0,,4.236333677010084,-0.9631223329517732,0.0,0.0,0.0,68.15384615384616,0.0,39.943,68.15384615384616,68.15384615384616,0.0,68.15384615384616,0.0,0.0,0.0,0.0
42,2006.0,0.0,Leprosy,All,68.15384615384616,0.0,0.0,,4.236333677010084,-0.9631223329517732,0.0,0.0,0.0,68.15384615384616,0.0,39.943,68.15384615384616,68.15384615384616,0.0,68.15384615384616,0.0,0.0,0.0,0.0
43,2006.0,0.0,Leprosy,All,68.15384615384616,0.0,0.0,,4.236333677010084,-0.9631223329517732,0.0,0.0,0.0,68.15384615384616,0.0,39.943,68.15384615384616,68.15384615384616,0.0,68.15384615384616,0.0,0.0,0.0,0.0
44,2006.0,0.0,Leprosy,All,68.15384615384616,0.0,0.0,,4.236333677010084,-0.9631223329517732,0.0,0.0,0.0,68.15384615384616,0.0,39.943,68.15384615384616,68.15384615384616,0.0,68.15384615384616,0.0,0.0,0.0,0.0
45,2006.0,0.0,Leprosy,All,68.15384615384616,0.0,0.0,,4.236333677010084,-0.9631223329517732,0.0,0.0,0.0,68.15384615384616,0.0,39.943,68.15384615384616,68.15384615384616,0.0,68.15384615384616,0.0,0.0,0.0,0.0
46,2006.0,0.0,Leprosy,All,68.15384615384616,0.0,0.0,,4.236333677010084,-0.9631223329517732,0.0,0.0,0.0,68.15384615384616,0.0,39.943,68.15384615384616,68.15384615384616,0.0,68.15384615384616,0.0,0.0,0.0,0.0
47,2006.0,0.0,Leprosy,All,68.15384615384616,0.0,0.0,,4.236333677010084,-0.9631223329517732,0.0,0.0,0.0,68.15384615384616,0.0,39.943,68.15384615384616,68.15384615384616,0.0,68.15384615384616,0.0,0.0,0.0,0.0
48,2006.0,0.0,Leprosy,All,68.15384615384616,0.0,0.0,,4.236333677010084,-0.9631223329517732,0.0,0.0,0.0,68.15384615384616,0.0,39.943,68.15384615384616,68.15384615384616,0.0,68.15384615384616,0.0,0.0,0.0,0.0
49,2006.0,0.0,Leprosy,All,68.15384615384616,0.0,0.0,,4.236333677010084,-0.9631223329517732,0.0,0.0,0.0,68.15384615384616,0.0,39.943,68.15384615384616,68.15384615384616,0.0,68.15384615384616,0.0,0.0,0.0,0.0
50,2006.0,0.0,Leprosy,All,68.15384615384616,0.0,0.0,,4.236333677010084,-0.9631223329517732,0.0,0.0,0.0,68.15384615384616,0.0,39.943,68.15384615384616,68.15384615384616,0.0,68.15384615384616,0.0,0.0,0.0,0.0
51,2006.0,0.0,Leprosy,All,68.15384615384616,0.0,0.0,,4.236333677010084,-0.9631223329517732,0.0,0.0,0.0,68.15384615384616,0.0,39.943,68.15384615384616,68.15384615384616,0.0,68.15384615384616,0.0,0.0,0.0,0.0
52,2006.0,0.0,Leprosy,All,68.15384615384616,0.0,0.0,,4.236333677010084,-0.9631223329517732,0.0,0.0,0.0,68.15384615384616,0.0,39.943,68.15384615384616,68.15384615384616,0.0,68.15384615384616,0.0,0.0,0.0,0.0
1,2007.0,0.0,Leprosy,All,89.71153846153847,0.0,0.0,,4.507684564702834,-0.5798120415912619,0.0,0.0,0.0,89.71153846153847,0.0,40.819,68.15384615384616,68.15384615384616,0.0,73.54326923076924,10.778846153846144,0.0,0.3163092550790067,0.0
2,2007.0,0.0,Leprosy,All,89.71153846153847,0.0,0.0,,4.507684564702834,-0.5798120415912619,0.0,0.0,0.0,89.71153846153847,0.0,40.819,89.71153846153847,78.93269230769232,0.0,78.93269230769232,12.446339456953265,0.0,0.0,0.0
3,2007.0,0.0,Leprosy,All,89.71153846153847,0.0,0.0,,4.507684564702834,-0.5798120415912619,0.0,0.0,0.0,89.71153846153847,0.0,40.819,89.71153846153847,89.71153846153847,0.0,84.32211538461539,10.778846153846136,0.0,0.0,0.0
4,2007.0,0.0,Leprosy,All,89.71153846153847,0.0,0.0,,4.507684564702834,-0.5798120415912619,0.0,0.0,0.0,89.71153846153847,0.0,40.819,89.71153846153847,89.71153846153847,0.0,89.71153846153847,0.0,0.0,0.0,0.0
5,2007.0,0.0,Leprosy,All,89.71153846153847,0.0,0.0,,4.507684564702834,-0.5798120415912619,0.0,0.0,0.0,89.71153846153847,0.0,40.819,89.71153846153847,89.71153846153847,0.0,89.71153846153847,0.0,0.0,0.0,0.0
6,2007.0,0.0,Leprosy,All,89.71153846153847,0.0,0.0,,4.507684564702834,-0.5798120415912619,0.0,0.0,0.0,89.71153846153847,0.0,40.819,89.71153846153847,89.71153846153847,0.0,89.71153846153847,0.0,0.0,0.0,0.0
7,2007.0,0.0,Leprosy,All,89.71153846153847,0.0,0.0,,4.507684564702834,-0.5798120415912619,0.0,0.0,0.0,89.71153846153847,0.0,40.819,89.71153846153847,89.71153846153847,0.0,89.71153846153847,0.0,0.0,0.0,0.0
8,2007.0,0.0,Leprosy,All,89.71153846153847,0.0,0.0,,4.507684564702834,-0.5798120415912619,0.0,0.0,0.0,89.71153846153847,0.0,40.819,89.71153846153847,89.71153846153847,0.0,89.71153846153847,0.0,0.0,0.0,0.0
9,2007.0,0.0,Leprosy,All,89.71153846153847,0.0,0.0,,4.507684564702834,-0.5798120415912619,0.0,0.0,0.0,89.71153846153847,0.0,40.819,89.71153846153847,89.71153846153847,0.0,89.71153846153847,0.0,0.0,0.0,0.0
10,2007.0,0.0,Leprosy,All,89.71153846153847,0.0,0.0,,4.507684564702834,-0.5798120415912619,0.0,0.0,0.0,89.71153846153847,0.0,40.819,89.71153846153847,89.71153846153847,0.0,89.71153846153847,0.0,0.0,0.0,0.0
11,2007.0,0.0,Leprosy,All,89.71153846153847,0.0,0.0,,4.507684564702834,-0.5798120415912619,0.0,0.0,0.0,89.71153846153847,0.0,40.819,89.71153846153847,89.71153846153847,0.0,89.71153846153847,0.0,0.0,0.0,0.0
12,2007.0,0.0,Leprosy,All,89.71153846153847,0.0,0.0,,4.507684564702834,-0.5798120415912619,0.0,0.0,0.0,89.71153846153847,0.0,40.819,89.71153846153847,89.71153846153847,0.0,89.71153846153847,0.0,0.0,0.0,0.0
13,2007.0,0.0,Leprosy,All,89.71153846153847,0.0,0.0,,4.507684564702834,-0.5798120415912619,0.0,0.0,0.0,89.71153846153847,0.0,40.819,89.71153846153847,89.71153846153847,0.0,89.71153846153847,0.0,0.0,0.0,0.0
14,2007.0,0.0,Leprosy,All,89.71153846153847,0.0,0.0,,4.507684564702834,-0.5798120415912619,0.0,0.0,0.0,89.71153846153847,0.0,40.819,89.71153846153847,89.71153846153847,0.0,89.71153846153847,0.0,0.0,0.0,0.0
15,2007.0,0.0,Leprosy,All,89.71153846153847,0.0,0.0,,4.507684564702834,-0.5798120415912619,0.0,0.0,0.0,89.71153846153847,0.0,40.819,89.71153846153847,89.71153846153847,0.0,89.71153846153847,0.0,0.0,0.0,0.0
16,2007.0,0.0,Leprosy,All,89.71153846153847,0.0,0.0,,4.507684564702834,-0.5798120415912619,0.0,0.0,0.0,89.71153846153847,0.0,40.819,89.71153846153847,89.71153846153847,0.0,89.71153846153847,0.0,0.0,0.0,0.0
17,2007.0,0.0,Leprosy,All,89.71153846153847,0.0,0.0,,4.507684564702834,-0.5798120415912619,0.0,0.0,0.0,89.71153846153847,0.0,40.819,89.71153846153847,89.71153846153847,0.0,89.71153846153847,0.0,0.0,0.0,0.0
18,2007.0,0.0,Leprosy,All,89.71153846153847,0.0,0.0,,4.507684564702834,-0.5798120415912619,0.0,0.0,0.0,89.71153846153847,0.0,40.819,89.71153846153847,89.71153846153847,0.0,89.71153846153847,0.0,0.0,0.0,0.0
19,2007.0,0.0,Leprosy,All,89.71153846153847,0.0,0.0,,4.507684564702834,-0.5798120415912619,0.0,0.0,0.0,89.71153846153847,0.0,40.819,89.71153846153847,89.71153846153847,0.0,89.71153846153847,0.0,0.0,0.0,0.0
20,2007.0,0.0,Leprosy,All,89.71153846153847,0.0,0.0,,4.507684564702834,-0.5798120415912619,0.0,0.0,0.0,89.71153846153847,0.0,40.819,89.71153846153847,89.71153846153847,0.0,89.71153846153847,0.0,0.0,0.0,0.0
21,2007.0,0.0,Leprosy,All,89.71153846153847,0.0,0.0,,4.507684564702834,-0.5798120415912619,0.0,0.0,0.0,89.71153846153847,0.0,40.819,89.71153846153847,89.71153846153847,0.0,89.71153846153847,0.0,0.0,0.0,0.0
22,2007.0,0.0,Leprosy,All,89.71153846153847,0.0,0.0,,4.507684564702834,-0.5798120415912619,0.0,0.0,0.0,89.71153846153847,0.0,40.819,89.71153846153847,89.71153846153847,0.0,89.71153846153847,0.0,0.0,0.0,0.0
23,2007.0,0.0,Leprosy,All,89.71153846153847,0.0,0.0,,4.507684564702834,-0.5798120415912619,0.0,0.0,0.0,89.71153846153847,0.0,40.819,89.71153846153847,89.71153846153847,0.0,89.71153846153847,0.0,0.0,0.0,0.0
24,2007.0,0.0,Leprosy,All,89.71153846153847,0.0,0.0,,4.507684564702834,-0.5798120415912619,0.0,0.0,0.0,89.71153846153847,0.0,40.819,89.71153846153847,89.71153846153847,0.0,89.71153846153847,0.0,0.0,0.0,0.0
25,2007.0,0.0,Leprosy,All,89.71153846153847,0.0,0.0,,4.507684564702834,-0.5798120415912619,0.0,0.0,0.0,89.71153846153847,0.0,40.819,89.71153846153847,89.71153846153847,0.0,89.71153846153847,0.0,0.0,0.0,0.0
26,2007.0,0.0,Leprosy,All,89.71153846153847,0.0,0.0,,4.507684564702834,-0.5798120415912619,0.0,0.0,0.0,89.71153846153847,0.0,40.819,89.71153846153847,89.71153846153847,0.0,89.71153846153847,0.0,0.0,0.0,0.0
27,2007.0,0.0,Leprosy,All,89.71153846153847,0.0,0.0,,4.507684564702834,-0.5798120415912619,0.0,0.0,0.0,89.71153846153847,0.0,40.819,89.71153846153847,89.71153846153847,0.0,89.71153846153847,0.0,0.0,0.0,0.0
28,2007.0,0.0,Leprosy,All,89.71153846153847,0.0,0.0,,4.507684564702834,-0.5798120415912619,0.0,0.0,0.0,89.71153846153847,0.0,40.819,89.71153846153847,89.71153846153847,0.0,89.71153846153847,0.0,0.0,0.0,0.0
29,2007.0,0.0,Leprosy,All,89.71153846153847,0.0,0.0,,4.507684564702834,-0.5798120415912619,0.0,0.0,0.0,89.71153846153847,0.0,40.819,89.71153846153847,89.71153846153847,0.0,89.71153846153847,0.0,0.0,0.0,0.0
30,2007.0,0.0,Leprosy,All,89.71153846153847,0.0,0.0,,4.507684564702834,-0.5798120415912619,0.0,0.0,0.0,89.71153846153847,0.0,40.819,89.71153846153847,89.71153846153847,0.0,89.71153846153847,0.0,0.0,0.0,0.0
31,2007.0,0.0,Leprosy,All,89.71153846153847,0.0,0.0,,4.507684564702834,-0.5798120415912619,0.0,0.0,0.0,89.71153846153847,0.0,40.819,89.71153846153847,89.71153846153847,0.0,89.71153846153847,0.0,0.0,0.0,0.0
32,2007.0,0.0,Leprosy,All,89.71153846153847,0.0,0.0,,4.507684564702834,-0.5798120415912619,0.0,0.0,0.0,89.71153846153847,0.0,40.819,89.71153846153847,89.71153846153847,0.0,89.71153846153847,0.0,0.0,0.0,0.0
33,2007.0,0.0,Leprosy,All,89.71153846153847,0.0,0.0,,4.507684564702834,-0.5798120415912619,0.0,0.0,0.0,89.71153846153847,0.0,40.819,89.71153846153847,89.71153846153847,0.0,89.71153846153847,0.0,0.0,0.0,0.0
34,2007.0,0.0,Leprosy,All,89.71153846153847,0.0,0.0,,4.507684564702834,-0.5798120415912619,0.0,0.0,0.0,89.71153846153847,0.0,40.819,89.71153846153847,89.71153846153847,0.0,89.71153846153847,0.0,0.0,0.0,0.0
35,2007.0,0.0,Leprosy,All,89.71153846153847,0.0,0.0,,4.507684564702834,-0.5798120415912619,0.0,0.0,0.0,89.71153846153847,0.0,40.819,89.71153846153847,89.71153846153847,0.0,89.71153846153847,0.0,0.0,0.0,0.0
36,2007.0,0.0,Leprosy,All,89.71153846153847,0.0,0.0,,4.507684564702834,-0.5798120415912619,0.0,0.0,0.0,89.71153846153847,0.0,40.819,89.71153846153847,89.71153846153847,0.0,89.71153846153847,0.0,0.0,0.0,0.0
37,2007.0,0.0,Leprosy,All,89.71153846153847,0.0,0.0,,4.507684564702834,-0.5798120415912619,0.0,0.0,0.0,89.71153846153847,0.0,40.819,89.71153846153847,89.71153846153847,0.0,89.71153846153847,0.0,0.0,0.0,0.0
38,2007.0,0.0,Leprosy,All,89.71153846153847,0.0,0.0,,4.507684564702834,-0.5798120415912619,0.0,0.0,0.0,89.71153846153847,0.0,40.819,89.71153846153847,89.71153846153847,0.0,89.71153846153847,0.0,0.0,0.0,0.0
39,2007.0,0.0,Leprosy,All,89.71153846153847,0.0,0.0,,4.507684564702834,-0.5798120415912619,0.0,0.0,0.0,89.71153846153847,0.0,40.819,89.71153846153847,89.71153846153847,0.0,89.71153846153847,0.0,0.0,0.0,0.0
40,2007.0,0.0,Leprosy,All,89.71153846153847,0.0,0.0,,4.507684564702834,-0.5798120415912619,0.0,0.0,0.0,89.71153846153847,0.0,40.819,89.71153846153847,89.71153846153847,0.0,89.71153846153847,0.0,0.0,0.0,0.0
41,2007.0,0.0,Leprosy,All,89.71153846153847,0.0,0.0,,4.507684564702834,-0.5798120415912619,0.0,0.0,0.0,89.71153846153847,0.0,40.819,89.71153846153847,89.71153846153847,0.0,89.71153846153847,0.0,0.0,0.0,0.0
42,2007.0,0.0,Leprosy,All,89.71153846153847,0.0,0.0,,4.507684564702834,-0.5798120415912619,0.0,0.0,0.0,89.71153846153847,0.0,40.819,89.71153846153847,89.71153846153847,0.0,89.71153846153847,0.0,0.0,0.0,0.0
43,2007.0,0.0,Leprosy,All,89.71153846153847,0.0,0.0,,4.507684564702834,-0.5798120415912619,0.0,0.0,0.0,89.71153846153847,0.0,40.819,89.71153846153847,89.71153846153847,0.0,89.71153846153847,0.0,0.0,0.0,0.0
44,2007.0,0.0,Leprosy,All,89.71153846153847,0.0,0.0,,4.507684564702834,-0.5798120415912619,0.0,0.0,0.0,89.71153846153847,0.0,40.819,89.71153846153847,89.71153846153847,0.0,89.71153846153847,0.0,0.0,0.0,0.0
45,2007.0,0.0,Leprosy,All,89.71153846153847,0.0,0.0,,4.507684564702834,-0.5798120415912619,0.0,0.0,0.0,89.71153846153847,0.0,40.819,89.71153846153847,89.71153846153847,0.0,89.71153846153847,0.0,0.0,0.0,0.0
46,2007.0,0.0,Leprosy,All,89.71153846153847,0.0,0.0,,4.507684564702834,-0.5798120415912619,0.0,0.0,0.0,89.71153846153847,0.0,40.819,89.71153846153847,89.71153846153847,0.0,89.71153846153847,0.0,0.0,0.0,0.0
47,2007.0,0.0,Leprosy,All,89.71153846153847,0.0,0.0,,4.507684564702834,-0.5798120415912619,0.0,0.0,0.0,89.71153846153847,0.0,40.819,89.71153846153847,89.71153846153847,0.0,89.71153846153847,0.0,0.0,0.0,0.0
48,2007.0,0.0,Leprosy,All,89.71153846153847,0.0,0.0,,4.507684564702834,-0.5798120415912619,0.0,0.0,0.0,89.71153846153847,0.0,40.819,89.71153846153847,89.71153846153847,0.0,89.71153846153847,0.0,0.0,0.0,0.0
49,2007.0,0.0,Leprosy,All,89.71153846153847,0.0,0.0,,4.507684564702834,-0.5798120415912619,0.0,0.0,0.0,89.71153846153847,0.0,40.819,89.71153846153847,89.71153846153847,0.0,89.71153846153847,0.0,0.0,0.0,0.0
50,2007.0,0.0,Leprosy,All,89.71153846153847,0.0,0.0,,4.507684564702834,-0.5798120415912619,0.0,0.0,0.0,89.71153846153847,0.0,40.819,89.71153846153847,89.71153846153847,0.0,89.71153846153847,0.0,0.0,0.0,0.0
51,2007.0,0.0,Leprosy,All,89.71153846153847,0.0,0.0,,4.507684564702834,-0.5798120415912619,0.0,0.0,0.0,89.71153846153847,0.0,40.819,89.71153846153847,89.71153846153847,0.0,89.71153846153847,0.0,0.0,0.0,0.0
52,2007.0,0.0,Leprosy,All,89.71153846153847,0.0,0.0,,4.507684564702834,-0.5798120415912619,0.0,0.0,0.0,89.71153846153847,0.0,40.819,89.71153846153847,89.71153846153847,0.0,89.71153846153847,0.0,0.0,0.0,0.0
1,2008.0,0.0,Leprosy,All,94.21153846153848,0.0,0.0,,4.556101136779996,-0.4997990102100308,0.0,0.0,0.0,94.21153846153848,0.0,41.702,89.71153846153847,89.71153846153847,0.0,90.83653846153847,2.2499999999999325,0.0,0.05016077170418022,0.0
2,2008.0,0.0,Leprosy,All,94.21153846153848,0.0,0.0,,4.556101136779996,-0.4997990102100308,0.0,0.0,0.0,94.21153846153848,0.0,41.702,94.21153846153848,91.96153846153848,0.0,91.96153846153848,2.5980762113532623,0.0,0.0,0.0
3,2008.0,0.0,Leprosy,All,94.21153846153848,0.0,0.0,,4.556101136779996,-0.4997990102100308,0.0,0.0,0.0,94.21153846153848,0.0,41.702,94.21153846153848,94.21153846153848,0.0,93.08653846153848,2.2499999999999405,0.0,0.0,0.0
4,2008.0,0.0,Leprosy,All,94.21153846153848,0.0,0.0,,4.556101136779996,-0.4997990102100308,0.0,0.0,0.0,94.21153846153848,0.0,41.702,94.21153846153848,94.21153846153848,0.0,94.21153846153848,0.0,0.0,0.0,0.0
5,2008.0,0.0,Leprosy,All,94.21153846153848,0.0,0.0,,4.556101136779996,-0.4997990102100308,0.0,0.0,0.0,94.21153846153848,0.0,41.702,94.21153846153848,94.21153846153848,0.0,94.21153846153848,0.0,0.0,0.0,0.0
6,2008.0,0.0,Leprosy,All,94.21153846153848,0.0,0.0,,4.556101136779996,-0.4997990102100308,0.0,0.0,0.0,94.21153846153848,0.0,41.702,94.21153846153848,94.21153846153848,0.0,94.21153846153848,0.0,0.0,0.0,0.0
7,2008.0,0.0,Leprosy,All,94.21153846153848,0.0,0.0,,4.556101136779996,-0.4997990102100308,0.0,0.0,0.0,94.21153846153848,0.0,41.702,94.21153846153848,94.21153846153848,0.0,94.21153846153848,0.0,0.0,0.0,0.0
8,2008.0,0.0,Leprosy,All,94.21153846153848,0.0,0.0,,4.556101136779996,-0.4997990102100308,0.0,0.0,0.0,94.21153846153848,0.0,41.702,94.21153846153848,94.21153846153848,0.0,94.21153846153848,0.0,0.0,0.0,0.0
9,2008.0,0.0,Leprosy,All,94.21153846153848,0.0,0.0,,4.556101136779996,-0.4997990102100308,0.0,0.0,0.0,94.21153846153848,0.0,41.702,94.21153846153848,94.21153846153848,0.0,94.21153846153848,0.0,0.0,0.0,0.0
10,2008.0,0.0,Leprosy,All,94.21153846153848,0.0,0.0,,4.556101136779996,-0.4997990102100308,0.0,0.0,0.0,94.21153846153848,0.0,41.702,94.21153846153848,94.21153846153848,0.0,94.21153846153848,0.0,0.0,0.0,0.0
11,2008.0,0.0,Leprosy,All,94.21153846153848,0.0,0.0,,4.556101136779996,-0.4997990102100308,0.0,0.0,0.0,94.21153846153848,0.0,41.702,94.21153846153848,94.21153846153848,0.0,94.21153846153848,0.0,0.0,0.0,0.0
12,2008.0,0.0,Leprosy,All,94.21153846153848,0.0,0.0,,4.556101136779996,-0.4997990102100308,0.0,0.0,0.0,94.21153846153848,0.0,41.702,94.21153846153848,94.21153846153848,0.0,94.21153846153848,0.0,0.0,0.0,0.0
13,2008.0,0.0,Leprosy,All,94.21153846153848,0.0,0.0,,4.556101136779996,-0.4997990102100308,0.0,0.0,0.0,94.21153846153848,0.0,41.702,94.21153846153848,94.21153846153848,0.0,94.21153846153848,0.0,0.0,0.0,0.0
14,2008.0,0.0,Leprosy,All,94.21153846153848,0.0,0.0,,4.556101136779996,-0.4997990102100308,0.0,0.0,0.0,94.21153846153848,0.0,41.702,94.21153846153848,94.21153846153848,0.0,94.21153846153848,0.0,0.0,0.0,0.0
15,2008.0,0.0,Leprosy,All,94.21153846153848,0.0,0.0,,4.556101136779996,-0.4997990102100308,0.0,0.0,0.0,94.21153846153848,0.0,41.702,94.21153846153848,94.21153846153848,0.0,94.21153846153848,0.0,0.0,0.0,0.0
16,2008.0,0.0,Leprosy,All,94.21153846153848,0.0,0.0,,4.556101136779996,-0.4997990102100308,0.0,0.0,0.0,94.21153846153848,0.0,41.702,94.21153846153848,94.21153846153848,0.0,94.21153846153848,0.0,0.0,0.0,0.0
17,2008.0,0.0,Leprosy,All,94.21153846153848,0.0,0.0,,4.556101136779996,-0.4997990102100308,0.0,0.0,0.0,94.21153846153848,0.0,41.702,94.21153846153848,94.21153846153848,0.0,94.21153846153848,0.0,0.0,0.0,0.0
18,2008.0,0.0,Leprosy,All,94.21153846153848,0.0,0.0,,4.556101136779996,-0.4997990102100308,0.0,0.0,0.0,94.21153846153848,0.0,41.702,94.21153846153848,94.21153846153848,0.0,94.21153846153848,0.0,0.0,0.0,0.0
19,2008.0,0.0,Leprosy,All,94.21153846153848,0.0,0.0,,4.556101136779996,-0.4997990102100308,0.0,0.0,0.0,94.21153846153848,0.0,41.702,94.21153846153848,94.21153846153848,0.0,94.21153846153848,0.0,0.0,0.0,0.0
20,2008.0,0.0,Leprosy,All,94.21153846153848,0.0,0.0,,4.556101136779996,-0.4997990102100308,0.0,0.0,0.0,94.21153846153848,0.0,41.702,94.21153846153848,94.21153846153848,0.0,94.21153846153848,0.0,0.0,0.0,0.0
21,2008.0,0.0,Leprosy,All,94.21153846153848,0.0,0.0,,4.556101136779996,-0.4997990102100308,0.0,0.0,0.0,94.21153846153848,0.0,41.702,94.21153846153848,94.21153846153848,0.0,94.21153846153848,0.0,0.0,0.0,0.0
22,2008.0,0.0,Leprosy,All,94.21153846153848,0.0,0.0,,4.556101136779996,-0.4997990102100308,0.0,0.0,0.0,94.21153846153848,0.0,41.702,94.21153846153848,94.21153846153848,0.0,94.21153846153848,0.0,0.0,0.0,0.0
23,2008.0,0.0,Leprosy,All,94.21153846153848,0.0,0.0,,4.556101136779996,-0.4997990102100308,0.0,0.0,0.0,94.21153846153848,0.0,41.702,94.21153846153848,94.21153846153848,0.0,94.21153846153848,0.0,0.0,0.0,0.0
24,2008.0,0.0,Leprosy,All,94.21153846153848,0.0,0.0,,4.556101136779996,-0.4997990102100308,0.0,0.0,0.0,94.21153846153848,0.0,41.702,94.21153846153848,94.21153846153848,0.0,94.21153846153848,0.0,0.0,0.0,0.0
25,2008.0,0.0,Leprosy,All,94.21153846153848,0.0,0.0,,4.556101136779996,-0.4997990102100308,0.0,0.0,0.0,94.21153846153848,0.0,41.702,94.21153846153848,94.21153846153848,0.0,94.21153846153848,0.0,0.0,0.0,0.0
26,2008.0,0.0,Leprosy,All,94.21153846153848,0.0,0.0,,4.556101136779996,-0.4997990102100308,0.0,0.0,0.0,94.21153846153848,0.0,41.702,94.21153846153848,94.21153846153848,0.0,94.21153846153848,0.0,0.0,0.0,0.0
27,2008.0,0.0,Leprosy,All,94.21153846153848,0.0,0.0,,4.556101136779996,-0.4997990102100308,0.0,0.0,0.0,94.21153846153848,0.0,41.702,94.21153846153848,94.21153846153848,0.0,94.21153846153848,0.0,0.0,0.0,0.0
28,2008.0,0.0,Leprosy,All,94.21153846153848,0.0,0.0,,4.556101136779996,-0.4997990102100308,0.0,0.0,0.0,94.21153846153848,0.0,41.702,94.21153846153848,94.21153846153848,0.0,94.21153846153848,0.0,0.0,0.0,0.0
29,2008.0,0.0,Leprosy,All,94.21153846153848,0.0,0.0,,4.556101136779996,-0.4997990102100308,0.0,0.0,0.0,94.21153846153848,0.0,41.702,94.21153846153848,94.21153846153848,0.0,94.21153846153848,0.0,0.0,0.0,0.0
30,2008.0,0.0,Leprosy,All,94.21153846153848,0.0,0.0,,4.556101136779996,-0.4997990102100308,0.0,0.0,0.0,94.21153846153848,0.0,41.702,94.21153846153848,94.21153846153848,0.0,94.21153846153848,0.0,0.0,0.0,0.0
31,2008.0,0.0,Leprosy,All,94.21153846153848,0.0,0.0,,4.556101136779996,-0.4997990102100308,0.0,0.0,0.0,94.21153846153848,0.0,41.702,94.21153846153848,94.21153846153848,0.0,94.21153846153848,0.0,0.0,0.0,0.0
32,2008.0,0.0,Leprosy,All,94.21153846153848,0.0,0.0,,4.556101136779996,-0.4997990102100308,0.0,0.0,0.0,94.21153846153848,0.0,41.702,94.21153846153848,94.21153846153848,0.0,94.21153846153848,0.0,0.0,0.0,0.0
33,2008.0,0.0,Leprosy,All,94.21153846153848,0.0,0.0,,4.556101136779996,-0.4997990102100308,0.0,0.0,0.0,94.21153846153848,0.0,41.702,94.21153846153848,94.21153846153848,0.0,94.21153846153848,0.0,0.0,0.0,0.0
34,2008.0,0.0,Leprosy,All,94.21153846153848,0.0,0.0,,4.556101136779996,-0.4997990102100308,0.0,0.0,0.0,94.21153846153848,0.0,41.702,94.21153846153848,94.21153846153848,0.0,94.21153846153848,0.0,0.0,0.0,0.0
35,2008.0,0.0,Leprosy,All,94.21153846153848,0.0,0.0,,4.556101136779996,-0.4997990102100308,0.0,0.0,0.0,94.21153846153848,0.0,41.702,94.21153846153848,94.21153846153848,0.0,94.21153846153848,0.0,0.0,0.0,0.0
36,2008.0,0.0,Leprosy,All,94.21153846153848,0.0,0.0,,4.556101136779996,-0.4997990102100308,0.0,0.0,0.0,94.21153846153848,0.0,41.702,94.21153846153848,94.21153846153848,0.0,94.21153846153848,0.0,0.0,0.0,0.0
37,2008.0,0.0,Leprosy,All,94.21153846153848,0.0,0.0,,4.556101136779996,-0.4997990102100308,0.0,0.0,0.0,94.21153846153848,0.0,41.702,94.21153846153848,94.21153846153848,0.0,94.21153846153848,0.0,0.0,0.0,0.0
38,2008.0,0.0,Leprosy,All,94.21153846153848,0.0,0.0,,4.556101136779996,-0.4997990102100308,0.0,0.0,0.0,94.21153846153848,0.0,41.702,94.21153846153848,94.21153846153848,0.0,94.21153846153848,0.0,0.0,0.0,0.0
39,2008.0,0.0,Leprosy,All,94.21153846153848,0.0,0.0,,4.556101136779996,-0.4997990102100308,0.0,0.0,0.0,94.21153846153848,0.0,41.702,94.21153846153848,94.21153846153848,0.0,94.21153846153848,0.0,0.0,0.0,0.0
40,2008.0,0.0,Leprosy,All,94.21153846153848,0.0,0.0,,4.556101136779996,-0.4997990102100308,0.0,0.0,0.0,94.21153846153848,0.0,41.702,94.21153846153848,94.21153846153848,0.0,94.21153846153848,0.0,0.0,0.0,0.0
41,2008.0,0.0,Leprosy,All,94.21153846153848,0.0,0.0,,4.556101136779996,-0.4997990102100308,0.0,0.0,0.0,94.21153846153848,0.0,41.702,94.21153846153848,94.21153846153848,0.0,94.21153846153848,0.0,0.0,0.0,0.0
42,2008.0,0.0,Leprosy,All,94.21153846153848,0.0,0.0,,4.556101136779996,-0.4997990102100308,0.0,0.0,0.0,94.21153846153848,0.0,41.702,94.21153846153848,94.21153846153848,0.0,94.21153846153848,0.0,0.0,0.0,0.0
43,2008.0,0.0,Leprosy,All,94.21153846153848,0.0,0.0,,4.556101136779996,-0.4997990102100308,0.0,0.0,0.0,94.21153846153848,0.0,41.702,94.21153846153848,94.21153846153848,0.0,94.21153846153848,0.0,0.0,0.0,0.0
44,2008.0,0.0,Leprosy,All,94.21153846153848,0.0,0.0,,4.556101136779996,-0.4997990102100308,0.0,0.0,0.0,94.21153846153848,0.0,41.702,94.21153846153848,94.21153846153848,0.0,94.21153846153848,0.0,0.0,0.0,0.0
45,2008.0,0.0,Leprosy,All,94.21153846153848,0.0,0.0,,4.556101136779996,-0.4997990102100308,0.0,0.0,0.0,94.21153846153848,0.0,41.702,94.21153846153848,94.21153846153848,0.0,94.21153846153848,0.0,0.0,0.0,0.0
46,2008.0,0.0,Leprosy,All,94.21153846153848,0.0,0.0,,4.556101136779996,-0.4997990102100308,0.0,0.0,0.0,94.21153846153848,0.0,41.702,94.21153846153848,94.21153846153848,0.0,94.21153846153848,0.0,0.0,0.0,0.0
47,2008.0,0.0,Leprosy,All,94.21153846153848,0.0,0.0,,4.556101136779996,-0.4997990102100308,0.0,0.0,0.0,94.21153846153848,0.0,41.702,94.21153846153848,94.21153846153848,0.0,94.21153846153848,0.0,0.0,0.0,0.0
48,2008.0,0.0,Leprosy,All,94.21153846153848,0.0,0.0,,4.556101136779996,-0.4997990102100308,0.0,0.0,0.0,94.21153846153848,0.0,41.702,94.21153846153848,94.21153846153848,0.0,94.21153846153848,0.0,0.0,0.0,0.0
49,2008.0,0.0,Leprosy,All,94.21153846153848,0.0,0.0,,4.556101136779996,-0.4997990102100308,0.0,0.0,0.0,94.21153846153848,0.0,41.702,94.21153846153848,94.21153846153848,0.0,94.21153846153848,0.0,0.0,0.0,0.0
50,2008.0,0.0,Leprosy,All,94.21153846153848,0.0,0.0,,4.556101136779996,-0.4997990102100308,0.0,0.0,0.0,94.21153846153848,0.0,41.702,94.21153846153848,94.21153846153848,0.0,94.21153846153848,0.0,0.0,0.0,0.0
51,2008.0,0.0,Leprosy,All,94.21153846153848,0.0,0.0,,4.556101136779996,-0.4997990102100308,0.0,0.0,0.0,94.21153846153848,0.0,41.702,94.21153846153848,94.21153846153848,0.0,94.21153846153848,0.0,0.0,0.0,0.0
52,2008.0,0.0,Leprosy,All,94.21153846153848,0.0,0.0,,4.556101136779996,-0.4997990102100308,0.0,0.0,0.0,94.21153846153848,0.0,41.702,94.21153846153848,94.21153846153848,0.0,94.21153846153848,0.0,0.0,0.0,0.0
1,2009.0,0.0,Leprosy,All,81.13461538461539,0.0,0.0,,4.408359552260039,-0.7323155116597615,0.0,0.0,0.0,81.13461538461539,0.0,42.588,94.21153846153848,94.21153846153848,0.0,90.94230769230771,6.538461538461519,0.0,-0.13880383751786093,0.0
2,2009.0,0.0,Leprosy,All,81.13461538461539,0.0,0.0,,4.408359552260039,-0.7323155116597615,0.0,0.0,0.0,81.13461538461539,0.0,42.588,81.13461538461539,87.67307692307693,0.0,87.67307692307693,7.549965058633546,0.0,0.0,0.0
3,2009.0,0.0,Leprosy,All,81.13461538461539,0.0,0.0,,4.408359552260039,-0.7323155116597615,0.0,0.0,0.0,81.13461538461539,0.0,42.588,81.13461538461539,81.13461538461539,0.0,84.40384615384616,6.538461538461502,0.0,0.0,0.0
4,2009.0,0.0,Leprosy,All,81.13461538461539,0.0,0.0,,4.408359552260039,-0.7323155116597615,0.0,0.0,0.0,81.13461538461539,0.0,42.588,81.13461538461539,81.13461538461539,0.0,81.13461538461539,0.0,0.0,0.0,0.0
5,2009.0,0.0,Leprosy,All,81.13461538461539,0.0,0.0,,4.408359552260039,-0.7323155116597615,0.0,0.0,0.0,81.13461538461539,0.0,42.588,81.13461538461539,81.13461538461539,0.0,81.13461538461539,0.0,0.0,0.0,0.0
6,2009.0,0.0,Leprosy,All,81.13461538461539,0.0,0.0,,4.408359552260039,-0.7323155116597615,0.0,0.0,0.0,81.13461538461539,0.0,42.588,81.13461538461539,81.13461538461539,0.0,81.13461538461539,0.0,0.0,0.0,0.0
7,2009.0,0.0,Leprosy,All,81.13461538461539,0.0,0.0,,4.408359552260039,-0.7323155116597615,0.0,0.0,0.0,81.13461538461539,0.0,42.588,81.13461538461539,81.13461538461539,0.0,81.13461538461539,0.0,0.0,0.0,0.0
8,2009.0,0.0,Leprosy,All,81.13461538461539,0.0,0.0,,4.408359552260039,-0.7323155116597615,0.0,0.0,0.0,81.13461538461539,0.0,42.588,81.13461538461539,81.13461538461539,0.0,81.13461538461539,0.0,0.0,0.0,0.0
9,2009.0,0.0,Leprosy,All,81.13461538461539,0.0,0.0,,4.408359552260039,-0.7323155116597615,0.0,0.0,0.0,81.13461538461539,0.0,42.588,81.13461538461539,81.13461538461539,0.0,81.13461538461539,0.0,0.0,0.0,0.0
10,2009.0,0.0,Leprosy,All,81.13461538461539,0.0,0.0,,4.408359552260039,-0.7323155116597615,0.0,0.0,0.0,81.13461538461539,0.0,42.588,81.13461538461539,81.13461538461539,0.0,81.13461538461539,0.0,0.0,0.0,0.0
11,2009.0,0.0,Leprosy,All,81.13461538461539,0.0,0.0,,4.408359552260039,-0.7323155116597615,0.0,0.0,0.0,81.13461538461539,0.0,42.588,81.13461538461539,81.13461538461539,0.0,81.13461538461539,0.0,0.0,0.0,0.0
12,2009.0,0.0,Leprosy,All,81.13461538461539,0.0,0.0,,4.408359552260039,-0.7323155116597615,0.0,0.0,0.0,81.13461538461539,0.0,42.588,81.13461538461539,81.13461538461539,0.0,81.13461538461539,0.0,0.0,0.0,0.0
13,2009.0,0.0,Leprosy,All,81.13461538461539,0.0,0.0,,4.408359552260039,-0.7323155116597615,0.0,0.0,0.0,81.13461538461539,0.0,42.588,81.13461538461539,81.13461538461539,0.0,81.13461538461539,0.0,0.0,0.0,0.0
14,2009.0,0.0,Leprosy,All,81.13461538461539,0.0,0.0,,4.408359552260039,-0.7323155116597615,0.0,0.0,0.0,81.13461538461539,0.0,42.588,81.13461538461539,81.13461538461539,0.0,81.13461538461539,0.0,0.0,0.0,0.0
15,2009.0,0.0,Leprosy,All,81.13461538461539,0.0,0.0,,4.408359552260039,-0.7323155116597615,0.0,0.0,0.0,81.13461538461539,0.0,42.588,81.13461538461539,81.13461538461539,0.0,81.13461538461539,0.0,0.0,0.0,0.0
16,2009.0,0.0,Leprosy,All,81.13461538461539,0.0,0.0,,4.408359552260039,-0.7323155116597615,0.0,0.0,0.0,81.13461538461539,0.0,42.588,81.13461538461539,81.13461538461539,0.0,81.13461538461539,0.0,0.0,0.0,0.0
17,2009.0,0.0,Leprosy,All,81.13461538461539,0.0,0.0,,4.408359552260039,-0.7323155116597615,0.0,0.0,0.0,81.13461538461539,0.0,42.588,81.13461538461539,81.13461538461539,0.0,81.13461538461539,0.0,0.0,0.0,0.0
18,2009.0,0.0,Leprosy,All,81.13461538461539,0.0,0.0,,4.408359552260039,-0.7323155116597615,0.0,0.0,0.0,81.13461538461539,0.0,42.588,81.13461538461539,81.13461538461539,0.0,81.13461538461539,0.0,0.0,0.0,0.0
19,2009.0,0.0,Leprosy,All,81.13461538461539,0.0,0.0,,4.408359552260039,-0.7323155116597615,0.0,0.0,0.0,81.13461538461539,0.0,42.588,81.13461538461539,81.13461538461539,0.0,81.13461538461539,0.0,0.0,0.0,0.0
20,2009.0,0.0,Leprosy,All,81.13461538461539,0.0,0.0,,4.408359552260039,-0.7323155116597615,0.0,0.0,0.0,81.13461538461539,0.0,42.588,81.13461538461539,81.13461538461539,0.0,81.13461538461539,0.0,0.0,0.0,0.0
21,2009.0,0.0,Leprosy,All,81.13461538461539,0.0,0.0,,4.408359552260039,-0.7323155116597615,0.0,0.0,0.0,81.13461538461539,0.0,42.588,81.13461538461539,81.13461538461539,0.0,81.13461538461539,0.0,0.0,0.0,0.0
22,2009.0,0.0,Leprosy,All,81.13461538461539,0.0,0.0,,4.408359552260039,-0.7323155116597615,0.0,0.0,0.0,81.13461538461539,0.0,42.588,81.13461538461539,81.13461538461539,0.0,81.13461538461539,0.0,0.0,0.0,0.0
23,2009.0,0.0,Leprosy,All,81.13461538461539,0.0,0.0,,4.408359552260039,-0.7323155116597615,0.0,0.0,0.0,81.13461538461539,0.0,42.588,81.13461538461539,81.13461538461539,0.0,81.13461538461539,0.0,0.0,0.0,0.0
24,2009.0,0.0,Leprosy,All,81.13461538461539,0.0,0.0,,4.408359552260039,-0.7323155116597615,0.0,0.0,0.0,81.13461538461539,0.0,42.588,81.13461538461539,81.13461538461539,0.0,81.13461538461539,0.0,0.0,0.0,0.0
25,2009.0,0.0,Leprosy,All,81.13461538461539,0.0,0.0,,4.408359552260039,-0.7323155116597615,0.0,0.0,0.0,81.13461538461539,0.0,42.588,81.13461538461539,81.13461538461539,0.0,81.13461538461539,0.0,0.0,0.0,0.0
26,2009.0,0.0,Leprosy,All,81.13461538461539,0.0,0.0,,4.408359552260039,-0.7323155116597615,0.0,0.0,0.0,81.13461538461539,0.0,42.588,81.13461538461539,81.13461538461539,0.0,81.13461538461539,0.0,0.0,0.0,0.0
27,2009.0,0.0,Leprosy,All,81.13461538461539,0.0,0.0,,4.408359552260039,-0.7323155116597615,0.0,0.0,0.0,81.13461538461539,0.0,42.588,81.13461538461539,81.13461538461539,0.0,81.13461538461539,0.0,0.0,0.0,0.0
28,2009.0,0.0,Leprosy,All,81.13461538461539,0.0,0.0,,4.408359552260039,-0.7323155116597615,0.0,0.0,0.0,81.13461538461539,0.0,42.588,81.13461538461539,81.13461538461539,0.0,81.13461538461539,0.0,0.0,0.0,0.0
29,2009.0,0.0,Leprosy,All,81.13461538461539,0.0,0.0,,4.408359552260039,-0.7323155116597615,0.0,0.0,0.0,81.13461538461539,0.0,42.588,81.13461538461539,81.13461538461539,0.0,81.13461538461539,0.0,0.0,0.0,0.0
30,2009.0,0.0,Leprosy,All,81.13461538461539,0.0,0.0,,4.408359552260039,-0.7323155116597615,0.0,0.0,0.0,81.13461538461539,0.0,42.588,81.13461538461539,81.13461538461539,0.0,81.13461538461539,0.0,0.0,0.0,0.0
31,2009.0,0.0,Leprosy,All,81.13461538461539,0.0,0.0,,4.408359552260039,-0.7323155116597615,0.0,0.0,0.0,81.13461538461539,0.0,42.588,81.13461538461539,81.13461538461539,0.0,81.13461538461539,0.0,0.0,0.0,0.0
32,2009.0,0.0,Leprosy,All,81.13461538461539,0.0,0.0,,4.408359552260039,-0.7323155116597615,0.0,0.0,0.0,81.13461538461539,0.0,42.588,81.13461538461539,81.13461538461539,0.0,81.13461538461539,0.0,0.0,0.0,0.0
33,2009.0,0.0,Leprosy,All,81.13461538461539,0.0,0.0,,4.408359552260039,-0.7323155116597615,0.0,0.0,0.0,81.13461538461539,0.0,42.588,81.13461538461539,81.13461538461539,0.0,81.13461538461539,0.0,0.0,0.0,0.0
34,2009.0,0.0,Leprosy,All,81.13461538461539,0.0,0.0,,4.408359552260039,-0.7323155116597615,0.0,0.0,0.0,81.13461538461539,0.0,42.588,81.13461538461539,81.13461538461539,0.0,81.13461538461539,0.0,0.0,0.0,0.0
35,2009.0,0.0,Leprosy,All,81.13461538461539,0.0,0.0,,4.408359552260039,-0.7323155116597615,0.0,0.0,0.0,81.13461538461539,0.0,42.588,81.13461538461539,81.13461538461539,0.0,81.13461538461539,0.0,0.0,0.0,0.0
36,2009.0,0.0,Leprosy,All,81.13461538461539,0.0,0.0,,4.408359552260039,-0.7323155116597615,0.0,0.0,0.0,81.13461538461539,0.0,42.588,81.13461538461539,81.13461538461539,0.0,81.13461538461539,0.0,0.0,0.0,0.0
37,2009.0,0.0,Leprosy,All,81.13461538461539,0.0,0.0,,4.408359552260039,-0.7323155116597615,0.0,0.0,0.0,81.13461538461539,0.0,42.588,81.13461538461539,81.13461538461539,0.0,81.13461538461539,0.0,0.0,0.0,0.0
38,2009.0,0.0,Leprosy,All,81.13461538461539,0.0,0.0,,4.408359552260039,-0.7323155116597615,0.0,0.0,0.0,81.13461538461539,0.0,42.588,81.13461538461539,81.13461538461539,0.0,81.13461538461539,0.0,0.0,0.0,0.0
39,2009.0,0.0,Leprosy,All,81.13461538461539,0.0,0.0,,4.408359552260039,-0.7323155116597615,0.0,0.0,0.0,81.13461538461539,0.0,42.588,81.13461538461539,81.13461538461539,0.0,81.13461538461539,0.0,0.0,0.0,0.0
40,2009.0,0.0,Leprosy,All,81.13461538461539,0.0,0.0,,4.408359552260039,-0.7323155116597615,0.0,0.0,0.0,81.13461538461539,0.0,42.588,81.13461538461539,81.13461538461539,0.0,81.13461538461539,0.0,0.0,0.0,0.0
41,2009.0,0.0,Leprosy,All,81.13461538461539,0.0,0.0,,4.408359552260039,-0.7323155116597615,0.0,0.0,0.0,81.13461538461539,0.0,42.588,81.13461538461539,81.13461538461539,0.0,81.13461538461539,0.0,0.0,0.0,0.0
42,2009.0,0.0,Leprosy,All,81.13461538461539,0.0,0.0,,4.408359552260039,-0.7323155116597615,0.0,0.0,0.0,81.13461538461539,0.0,42.588,81.13461538461539,81.13461538461539,0.0,81.13461538461539,0.0,0.0,0.0,0.0
43,2009.0,0.0,Leprosy,All,81.13461538461539,0.0,0.0,,4.408359552260039,-0.7323155116597615,0.0,0.0,0.0,81.13461538461539,0.0,42.588,81.13461538461539,81.13461538461539,0.0,81.13461538461539,0.0,0.0,0.0,0.0
44,2009.0,0.0,Leprosy,All,81.13461538461539,0.0,0.0,,4.408359552260039,-0.7323155116597615,0.0,0.0,0.0,81.13461538461539,0.0,42.588,81.13461538461539,81.13461538461539,0.0,81.13461538461539,0.0,0.0,0.0,0.0
45,2009.0,0.0,Leprosy,All,81.13461538461539,0.0,0.0,,4.408359552260039,-0.7323155116597615,0.0,0.0,0.0,81.13461538461539,0.0,42.588,81.13461538461539,81.13461538461539,0.0,81.13461538461539,0.0,0.0,0.0,0.0
46,2009.0,0.0,Leprosy,All,81.13461538461539,0.0,0.0,,4.408359552260039,-0.7323155116597615,0.0,0.0,0.0,81.13461538461539,0.0,42.588,81.13461538461539,81.13461538461539,0.0,81.13461538461539,0.0,0.0,0.0,0.0
47,2009.0,0.0,Leprosy,All,81.13461538461539,0.0,0.0,,4.408359552260039,-0.7323155116597615,0.0,0.0,0.0,81.13461538461539,0.0,42.588,81.13461538461539,81.13461538461539,0.0,81.13461538461539,0.0,0.0,0.0,0.0
48,2009.0,0.0,Leprosy,All,81.13461538461539,0.0,0.0,,4.408359552260039,-0.7323155116597615,0.0,0.0,0.0,81.13461538461539,0.0,42.588,81.13461538461539,81.13461538461539,0.0,81.13461538461539,0.0,0.0,0.0,0.0
49,2009.0,0.0,Leprosy,All,81.13461538461539,0.0,0.0,,4.408359552260039,-0.7323155116597615,0.0,0.0,0.0,81.13461538461539,0.0,42.588,81.13461538461539,81.13461538461539,0.0,81.13461538461539,0.0,0.0,0.0,0.0
50,2009.0,0.0,Leprosy,All,81.13461538461539,0.0,0.0,,4.408359552260039,-0.7323155116597615,0.0,0.0,0.0,81.13461538461539,0.0,42.588,81.13461538461539,81.13461538461539,0.0,81.13461538461539,0.0,0.0,0.0,0.0
51,2009.0,0.0,Leprosy,All,81.13461538461539,0.0,0.0,,4.408359552260039,-0.7323155116597615,0.0,0.0,0.0,81.13461538461539,0.0,42.588,81.13461538461539,81.13461538461539,0.0,81.13461538461539,0.0,0.0,0.0,0.0
52,2009.0,0.0,Leprosy,All,81.13461538461539,0.0,0.0,,4.408359552260039,-0.7323155116597615,0.0,0.0,0.0,81.13461538461539,0.0,42.588,81.13461538461539,81.13461538461539,0.0,81.13461538461539,0.0,0.0,0.0,0.0
1,2010.0,0.0,Leprosy,All,75.25,0.0,0.0,,4.334017415487521,-0.8369479373121402,0.0,0.0,0.0,75.25,0.0,43.48,81.13461538461539,81.13461538461539,0.0,79.66346153846155,2.942307692307568,0.0,-0.07252903531642572,0.0
2,2010.0,0.0,Leprosy,All,75.25,0.0,0.0,,4.334017415487521,-0.8369479373121402,0.0,0.0,0.0,75.25,0.0,43.48,75.25,78.1923076923077,0.0,78.1923076923077,3.3974842763849966,0.0,0.0,0.0
3,2010.0,0.0,Leprosy,All,75.25,0.0,0.0,,4.334017415487521,-0.8369479373121402,0.0,0.0,0.0,75.25,0.0,43.48,75.25,75.25,0.0,76.72115384615384,2.942307692307568,0.0,0.0,0.0
4,2010.0,0.0,Leprosy,All,75.25,0.0,0.0,,4.334017415487521,-0.8369479373121402,0.0,0.0,0.0,75.25,0.0,43.48,75.25,75.25,0.0,75.25,0.0,0.0,0.0,0.0
5,2010.0,0.0,Leprosy,All,75.25,0.0,0.0,,4.334017415487521,-0.8369479373121402,0.0,0.0,0.0,75.25,0.0,43.48,75.25,75.25,0.0,75.25,0.0,0.0,0.0,0.0
6,2010.0,0.0,Leprosy,All,75.25,0.0,0.0,,4.334017415487521,-0.8369479373121402,0.0,0.0,0.0,75.25,0.0,43.48,75.25,75.25,0.0,75.25,0.0,0.0,0.0,0.0
7,2010.0,0.0,Leprosy,All,75.25,0.0,0.0,,4.334017415487521,-0.8369479373121402,0.0,0.0,0.0,75.25,0.0,43.48,75.25,75.25,0.0,75.25,0.0,0.0,0.0,0.0
8,2010.0,0.0,Leprosy,All,75.25,0.0,0.0,,4.334017415487521,-0.8369479373121402,0.0,0.0,0.0,75.25,0.0,43.48,75.25,75.25,0.0,75.25,0.0,0.0,0.0,0.0
9,2010.0,0.0,Leprosy,All,75.25,0.0,0.0,,4.334017415487521,-0.8369479373121402,0.0,0.0,0.0,75.25,0.0,43.48,75.25,75.25,0.0,75.25,0.0,0.0,0.0,0.0
10,2010.0,0.0,Leprosy,All,75.25,0.0,0.0,,4.334017415487521,-0.8369479373121402,0.0,0.0,0.0,75.25,0.0,43.48,75.25,75.25,0.0,75.25,0.0,0.0,0.0,0.0
11,2010.0,0.0,Leprosy,All,75.25,0.0,0.0,,4.334017415487521,-0.8369479373121402,0.0,0.0,0.0,75.25,0.0,43.48,75.25,75.25,0.0,75.25,0.0,0.0,0.0,0.0
12,2010.0,0.0,Leprosy,All,75.25,0.0,0.0,,4.334017415487521,-0.8369479373121402,0.0,0.0,0.0,75.25,0.0,43.48,75.25,75.25,0.0,75.25,0.0,0.0,0.0,0.0
13,2010.0,0.0,Leprosy,All,75.25,0.0,0.0,,4.334017415487521,-0.8369479373121402,0.0,0.0,0.0,75.25,0.0,43.48,75.25,75.25,0.0,75.25,0.0,0.0,0.0,0.0
14,2010.0,0.0,Leprosy,All,75.25,0.0,0.0,,4.334017415487521,-0.8369479373121402,0.0,0.0,0.0,75.25,0.0,43.48,75.25,75.25,0.0,75.25,0.0,0.0,0.0,0.0
15,2010.0,0.0,Leprosy,All,75.25,0.0,0.0,,4.334017415487521,-0.8369479373121402,0.0,0.0,0.0,75.25,0.0,43.48,75.25,75.25,0.0,75.25,0.0,0.0,0.0,0.0
16,2010.0,0.0,Leprosy,All,75.25,0.0,0.0,,4.334017415487521,-0.8369479373121402,0.0,0.0,0.0,75.25,0.0,43.48,75.25,75.25,0.0,75.25,0.0,0.0,0.0,0.0
17,2010.0,0.0,Leprosy,All,75.25,0.0,0.0,,4.334017415487521,-0.8369479373121402,0.0,0.0,0.0,75.25,0.0,43.48,75.25,75.25,0.0,75.25,0.0,0.0,0.0,0.0
18,2010.0,0.0,Leprosy,All,75.25,0.0,0.0,,4.334017415487521,-0.8369479373121402,0.0,0.0,0.0,75.25,0.0,43.48,75.25,75.25,0.0,75.25,0.0,0.0,0.0,0.0
19,2010.0,0.0,Leprosy,All,75.25,0.0,0.0,,4.334017415487521,-0.8369479373121402,0.0,0.0,0.0,75.25,0.0,43.48,75.25,75.25,0.0,75.25,0.0,0.0,0.0,0.0
20,2010.0,0.0,Leprosy,All,75.25,0.0,0.0,,4.334017415487521,-0.8369479373121402,0.0,0.0,0.0,75.25,0.0,43.48,75.25,75.25,0.0,75.25,0.0,0.0,0.0,0.0
21,2010.0,0.0,Leprosy,All,75.25,0.0,0.0,,4.334017415487521,-0.8369479373121402,0.0,0.0,0.0,75.25,0.0,43.48,75.25,75.25,0.0,75.25,0.0,0.0,0.0,0.0
22,2010.0,0.0,Leprosy,All,75.25,0.0,0.0,,4.334017415487521,-0.8369479373121402,0.0,0.0,0.0,75.25,0.0,43.48,75.25,75.25,0.0,75.25,0.0,0.0,0.0,0.0
23,2010.0,0.0,Leprosy,All,75.25,0.0,0.0,,4.334017415487521,-0.8369479373121402,0.0,0.0,0.0,75.25,0.0,43.48,75.25,75.25,0.0,75.25,0.0,0.0,0.0,0.0
24,2010.0,0.0,Leprosy,All,75.25,0.0,0.0,,4.334017415487521,-0.8369479373121402,0.0,0.0,0.0,75.25,0.0,43.48,75.25,75.25,0.0,75.25,0.0,0.0,0.0,0.0
25,2010.0,0.0,Leprosy,All,75.25,0.0,0.0,,4.334017415487521,-0.8369479373121402,0.0,0.0,0.0,75.25,0.0,43.48,75.25,75.25,0.0,75.25,0.0,0.0,0.0,0.0
26,2010.0,0.0,Leprosy,All,75.25,0.0,0.0,,4.334017415487521,-0.8369479373121402,0.0,0.0,0.0,75.25,0.0,43.48,75.25,75.25,0.0,75.25,0.0,0.0,0.0,0.0
27,2010.0,0.0,Leprosy,All,75.25,0.0,0.0,,4.334017415487521,-0.8369479373121402,0.0,0.0,0.0,75.25,0.0,43.48,75.25,75.25,0.0,75.25,0.0,0.0,0.0,0.0
28,2010.0,0.0,Leprosy,All,75.25,0.0,0.0,,4.334017415487521,-0.8369479373121402,0.0,0.0,0.0,75.25,0.0,43.48,75.25,75.25,0.0,75.25,0.0,0.0,0.0,0.0
29,2010.0,0.0,Leprosy,All,75.25,0.0,0.0,,4.334017415487521,-0.8369479373121402,0.0,0.0,0.0,75.25,0.0,43.48,75.25,75.25,0.0,75.25,0.0,0.0,0.0,0.0
30,2010.0,0.0,Leprosy,All,75.25,0.0,0.0,,4.334017415487521,-0.8369479373121402,0.0,0.0,0.0,75.25,0.0,43.48,75.25,75.25,0.0,75.25,0.0,0.0,0.0,0.0
31,2010.0,0.0,Leprosy,All,75.25,0.0,0.0,,4.334017415487521,-0.8369479373121402,0.0,0.0,0.0,75.25,0.0,43.48,75.25,75.25,0.0,75.25,0.0,0.0,0.0,0.0
32,2010.0,0.0,Leprosy,All,75.25,0.0,0.0,,4.334017415487521,-0.8369479373121402,0.0,0.0,0.0,75.25,0.0,43.48,75.25,75.25,0.0,75.25,0.0,0.0,0.0,0.0
33,2010.0,0.0,Leprosy,All,75.25,0.0,0.0,,4.334017415487521,-0.8369479373121402,0.0,0.0,0.0,75.25,0.0,43.48,75.25,75.25,0.0,75.25,0.0,0.0,0.0,0.0
34,2010.0,0.0,Leprosy,All,75.25,0.0,0.0,,4.334017415487521,-0.8369479373121402,0.0,0.0,0.0,75.25,0.0,43.48,75.25,75.25,0.0,75.25,0.0,0.0,0.0,0.0
35,2010.0,0.0,Leprosy,All,75.25,0.0,0.0,,4.334017415487521,-0.8369479373121402,0.0,0.0,0.0,75.25,0.0,43.48,75.25,75.25,0.0,75.25,0.0,0.0,0.0,0.0
36,2010.0,0.0,Leprosy,All,75.25,0.0,0.0,,4.334017415487521,-0.8369479373121402,0.0,0.0,0.0,75.25,0.0,43.48,75.25,75.25,0.0,75.25,0.0,0.0,0.0,0.0
37,2010.0,0.0,Leprosy,All,75.25,0.0,0.0,,4.334017415487521,-0.8369479373121402,0.0,0.0,0.0,75.25,0.0,43.48,75.25,75.25,0.0,75.25,0.0,0.0,0.0,0.0
38,2010.0,0.0,Leprosy,All,75.25,0.0,0.0,,4.334017415487521,-0.8369479373121402,0.0,0.0,0.0,75.25,0.0,43.48,75.25,75.25,0.0,75.25,0.0,0.0,0.0,0.0
39,2010.0,0.0,Leprosy,All,75.25,0.0,0.0,,4.334017415487521,-0.8369479373121402,0.0,0.0,0.0,75.25,0.0,43.48,75.25,75.25,0.0,75.25,0.0,0.0,0.0,0.0
40,2010.0,0.0,Leprosy,All,75.25,0.0,0.0,,4.334017415487521,-0.8369479373121402,0.0,0.0,0.0,75.25,0.0,43.48,75.25,75.25,0.0,75.25,0.0,0.0,0.0,0.0
41,2010.0,0.0,Leprosy,All,75.25,0.0,0.0,,4.334017415487521,-0.8369479373121402,0.0,0.0,0.0,75.25,0.0,43.48,75.25,75.25,0.0,75.25,0.0,0.0,0.0,0.0
42,2010.0,0.0,Leprosy,All,75.25,0.0,0.0,,4.334017415487521,-0.8369479373121402,0.0,0.0,0.0,75.25,0.0,43.48,75.25,75.25,0.0,75.25,0.0,0.0,0.0,0.0
43,2010.0,0.0,Leprosy,All,75.25,0.0,0.0,,4.334017415487521,-0.8369479373121402,0.0,0.0,0.0,75.25,0.0,43.48,75.25,75.25,0.0,75.25,0.0,0.0,0.0,0.0
44,2010.0,0.0,Leprosy,All,75.25,0.0,0.0,,4.334017415487521,-0.8369479373121402,0.0,0.0,0.0,75.25,0.0,43.48,75.25,75.25,0.0,75.25,0.0,0.0,0.0,0.0
45,2010.0,0.0,Leprosy,All,75.25,0.0,0.0,,4.334017415487521,-0.8369479373121402,0.0,0.0,0.0,75.25,0.0,43.48,75.25,75.25,0.0,75.25,0.0,0.0,0.0,0.0
46,2010.0,0.0,Leprosy,All,75.25,0.0,0.0,,4.334017415487521,-0.8369479373121402,0.0,0.0,0.0,75.25,0.0,43.48,75.25,75.25,0.0,75.25,0.0,0.0,0.0,0.0
47,2010.0,0.0,Leprosy,All,75.25,0.0,0.0,,4.334017415487521,-0.8369479373121402,0.0,0.0,0.0,75.25,0.0,43.48,75.25,75.25,0.0,75.25,0.0,0.0,0.0,0.0
48,2010.0,0.0,Leprosy,All,75.25,0.0,0.0,,4.334017415487521,-0.8369479373121402,0.0,0.0,0.0,75.25,0.0,43.48,75.25,75.25,0.0,75.25,0.0,0.0,0.0,0.0
49,2010.0,0.0,Leprosy,All,75.25,0.0,0.0,,4.334017415487521,-0.8369479373121402,0.0,0.0,0.0,75.25,0.0,43.48,75.25,75.25,0.0,75.25,0.0,0.0,0.0,0.0
50,2010.0,0.0,Leprosy,All,75.25,0.0,0.0,,4.334017415487521,-0.8369479373121402,0.0,0.0,0.0,75.25,0.0,43.48,75.25,75.25,0.0,75.25,0.0,0.0,0.0,0.0
51,2010.0,0.0,Leprosy,All,75.25,0.0,0.0,,4.334017415487521,-0.8369479373121402,0.0,0.0,0.0,75.25,0.0,43.48,75.25,75.25,0.0,75.25,0.0,0.0,0.0,0.0
52,2010.0,0.0,Leprosy,All,75.25,0.0,0.0,,4.334017415487521,-0.8369479373121402,0.0,0.0,0.0,75.25,0.0,43.48,75.25,75.25,0.0,75.25,0.0,0.0,0.0,0.0
1,2012.0,0.0,Leprosy,All,196.38796346153845,0.0,0.0,,5.285171149768162,1.3169666564448508,0.0,0.0,0.0,196.38796346153845,0.0,45.246,75.25,75.25,0.0,105.53449086538461,60.56898173076921,0.0,1.6098068234091487,0.0
2,2012.0,0.0,Leprosy,All,196.38796346153845,0.0,0.0,,5.285171149768162,1.3169666564448508,0.0,0.0,0.0,196.38796346153845,0.0,45.246,196.38796346153845,135.81898173076922,0.0,135.81898173076922,69.93903581360226,0.0,0.0,0.0
3,2012.0,0.0,Leprosy,All,196.38796346153845,0.0,0.0,,5.285171149768162,1.3169666564448508,0.0,0.0,0.0,196.38796346153845,0.0,45.246,196.38796346153845,196.38796346153845,0.0,166.10347259615384,60.5689817307692,0.0,0.0,0.0
4,2012.0,0.0,Leprosy,All,196.38796346153845,0.0,0.0,,5.285171149768162,1.3169666564448508,0.0,0.0,0.0,196.38796346153845,0.0,45.246,196.38796346153845,196.38796346153845,0.0,196.38796346153845,0.0,0.0,0.0,0.0
5,2012.0,0.0,Leprosy,All,196.38796346153845,0.0,0.0,,5.285171149768162,1.3169666564448508,0.0,0.0,0.0,196.38796346153845,0.0,45.246,196.38796346153845,196.38796346153845,0.0,196.38796346153845,0.0,0.0,0.0,0.0
6,2012.0,0.0,Leprosy,All,196.38796346153845,0.0,0.0,,5.285171149768162,1.3169666564448508,0.0,0.0,0.0,196.38796346153845,0.0,45.246,196.38796346153845,196.38796346153845,0.0,196.38796346153845,0.0,0.0,0.0,0.0
7,2012.0,0.0,Leprosy,All,196.38796346153845,0.0,0.0,,5.285171149768162,1.3169666564448508,0.0,0.0,0.0,196.38796346153845,0.0,45.246,196.38796346153845,196.38796346153845,0.0,196.38796346153845,0.0,0.0,0.0,0.0
8,2012.0,0.0,Leprosy,All,196.38796346153845,0.0,0.0,,5.285171149768162,1.3169666564448508,0.0,0.0,0.0,196.38796346153845,0.0,45.246,196.38796346153845,196.38796346153845,0.0,196.38796346153845,0.0,0.0,0.0,0.0
9,2012.0,0.0,Leprosy,All,196.38796346153845,0.0,0.0,,5.285171149768162,1.3169666564448508,0.0,0.0,0.0,196.38796346153845,0.0,45.246,196.38796346153845,196.38796346153845,0.0,196.38796346153845,0.0,0.0,0.0,0.0
10,2012.0,0.0,Leprosy,All,196.38796346153845,0.0,0.0,,5.285171149768162,1.3169666564448508,0.0,0.0,0.0,196.38796346153845,0.0,45.246,196.38796346153845,196.38796346153845,0.0,196.38796346153845,0.0,0.0,0.0,0.0
11,2012.0,0.0,Leprosy,All,196.38796346153845,0.0,0.0,,5.285171149768162,1.3169666564448508,0.0,0.0,0.0,196.38796346153845,0.0,45.246,196.38796346153845,196.38796346153845,0.0,196.38796346153845,0.0,0.0,0.0,0.0
12,2012.0,0.0,Leprosy,All,196.38796346153845,0.0,0.0,,5.285171149768162,1.3169666564448508,0.0,0.0,0.0,196.38796346153845,0.0,45.246,196.38796346153845,196.38796346153845,0.0,196.38796346153845,0.0,0.0,0.0,0.0
13,2012.0,0.0,Leprosy,All,196.38796346153845,0.0,0.0,,5.285171149768162,1.3169666564448508,0.0,0.0,0.0,196.38796346153845,0.0,45.246,196.38796346153845,196.38796346153845,0.0,196.38796346153845,0.0,0.0,0.0,0.0
14,2012.0,0.0,Leprosy,All,196.38796346153845,0.0,0.0,,5.285171149768162,1.3169666564448508,0.0,0.0,0.0,196.38796346153845,0.0,45.246,196.38796346153845,196.38796346153845,0.0,196.38796346153845,0.0,0.0,0.0,0.0
15,2012.0,0.0,Leprosy,All,196.38796346153845,0.0,0.0,,5.285171149768162,1.3169666564448508,0.0,0.0,0.0,196.38796346153845,0.0,45.246,196.38796346153845,196.38796346153845,0.0,196.38796346153845,0.0,0.0,0.0,0.0
16,2012.0,0.0,Leprosy,All,196.38796346153845,0.0,0.0,,5.285171149768162,1.3169666564448508,0.0,0.0,0.0,196.38796346153845,0.0,45.246,196.38796346153845,196.38796346153845,0.0,196.38796346153845,0.0,0.0,0.0,0.0
17,2012.0,0.0,Leprosy,All,196.38796346153845,0.0,0.0,,5.285171149768162,1.3169666564448508,0.0,0.0,0.0,196.38796346153845,0.0,45.246,196.38796346153845,196.38796346153845,0.0,196.38796346153845,0.0,0.0,0.0,0.0
18,2012.0,0.0,Leprosy,All,196.38796346153845,0.0,0.0,,5.285171149768162,1.3169666564448508,0.0,0.0,0.0,196.38796346153845,0.0,45.246,196.38796346153845,196.38796346153845,0.0,196.38796346153845,0.0,0.0,0.0,0.0
19,2012.0,0.0,Leprosy,All,196.38796346153845,0.0,0.0,,5.285171149768162,1.3169666564448508,0.0,0.0,0.0,196.38796346153845,0.0,45.246,196.38796346153845,196.38796346153845,0.0,196.38796346153845,0.0,0.0,0.0,0.0
20,2012.0,0.0,Leprosy,All,196.38796346153845,0.0,0.0,,5.285171149768162,1.3169666564448508,0.0,0.0,0.0,196.38796346153845,0.0,45.246,196.38796346153845,196.38796346153845,0.0,196.38796346153845,0.0,0.0,0.0,0.0
21,2012.0,0.0,Leprosy,All,196.38796346153845,0.0,0.0,,5.285171149768162,1.3169666564448508,0.0,0.0,0.0,196.38796346153845,0.0,45.246,196.38796346153845,196.38796346153845,0.0,196.38796346153845,0.0,0.0,0.0,0.0
22,2012.0,0.0,Leprosy,All,196.38796346153845,0.0,0.0,,5.285171149768162,1.3169666564448508,0.0,0.0,0.0,196.38796346153845,0.0,45.246,196.38796346153845,196.38796346153845,0.0,196.38796346153845,0.0,0.0,0.0,0.0
23,2012.0,0.0,Leprosy,All,196.38796346153845,0.0,0.0,,5.285171149768162,1.3169666564448508,0.0,0.0,0.0,196.38796346153845,0.0,45.246,196.38796346153845,196.38796346153845,0.0,196.38796346153845,0.0,0.0,0.0,0.0
24,2012.0,0.0,Leprosy,All,196.38796346153845,0.0,0.0,,5.285171149768162,1.3169666564448508,0.0,0.0,0.0,196.38796346153845,0.0,45.246,196.38796346153845,196.38796346153845,0.0,196.38796346153845,0.0,0.0,0.0,0.0
25,2012.0,0.0,Leprosy,All,196.38796346153845,0.0,0.0,,5.285171149768162,1.3169666564448508,0.0,0.0,0.0,196.38796346153845,0.0,45.246,196.38796346153845,196.38796346153845,0.0,196.38796346153845,0.0,0.0,0.0,0.0
26,2012.0,0.0,Leprosy,All,196.38796346153845,0.0,0.0,,5.285171149768162,1.3169666564448508,0.0,0.0,0.0,196.38796346153845,0.0,45.246,196.38796346153845,196.38796346153845,0.0,196.38796346153845,0.0,0.0,0.0,0.0
27,2012.0,0.0,Leprosy,All,196.38796346153845,0.0,0.0,,5.285171149768162,1.3169666564448508,0.0,0.0,0.0,196.38796346153845,0.0,45.246,196.38796346153845,196.38796346153845,0.0,196.38796346153845,0.0,0.0,0.0,0.0
28,2012.0,0.0,Leprosy,All,196.38796346153845,0.0,0.0,,5.285171149768162,1.3169666564448508,0.0,0.0,0.0,196.38796346153845,0.0,45.246,196.38796346153845,196.38796346153845,0.0,196.38796346153845,0.0,0.0,0.0,0.0
29,2012.0,0.0,Leprosy,All,196.38796346153845,0.0,0.0,,5.285171149768162,1.3169666564448508,0.0,0.0,0.0,196.38796346153845,0.0,45.246,196.38796346153845,196.38796346153845,0.0,196.38796346153845,0.0,0.0,0.0,0.0
30,2012.0,0.0,Leprosy,All,196.38796346153845,0.0,0.0,,5.285171149768162,1.3169666564448508,0.0,0.0,0.0,196.38796346153845,0.0,45.246,196.38796346153845,196.38796346153845,0.0,196.38796346153845,0.0,0.0,0.0,0.0
31,2012.0,0.0,Leprosy,All,196.38796346153845,0.0,0.0,,5.285171149768162,1.3169666564448508,0.0,0.0,0.0,196.38796346153845,0.0,45.246,196.38796346153845,196.38796346153845,0.0,196.38796346153845,0.0,0.0,0.0,0.0
32,2012.0,0.0,Leprosy,All,196.38796346153845,0.0,0.0,,5.285171149768162,1.3169666564448508,0.0,0.0,0.0,196.38796346153845,0.0,45.246,196.38796346153845,196.38796346153845,0.0,196.38796346153845,0.0,0.0,0.0,0.0
33,2012.0,0.0,Leprosy,All,196.38796346153845,0.0,0.0,,5.285171149768162,1.3169666564448508,0.0,0.0,0.0,196.38796346153845,0.0,45.246,196.38796346153845,196.38796346153845,0.0,196.38796346153845,0.0,0.0,0.0,0.0
34,2012.0,0.0,Leprosy,All,196.38796346153845,0.0,0.0,,5.285171149768162,1.3169666564448508,0.0,0.0,0.0,196.38796346153845,0.0,45.246,196.38796346153845,196.38796346153845,0.0,196.38796346153845,0.0,0.0,0.0,0.0
35,2012.0,0.0,Leprosy,All,196.38796346153845,0.0,0.0,,5.285171149768162,1.3169666564448508,0.0,0.0,0.0,196.38796346153845,0.0,45.246,196.38796346153845,196.38796346153845,0.0,196.38796346153845,0.0,0.0,0.0,0.0
36,2012.0,0.0,Leprosy,All,196.38796346153845,0.0,0.0,,5.285171149768162,1.3169666564448508,0.0,0.0,0.0,196.38796346153845,0.0,45.246,196.38796346153845,196.38796346153845,0.0,196.38796346153845,0.0,0.0,0.0,0.0
37,2012.0,0.0,Leprosy,All,196.38796346153845,0.0,0.0,,5.285171149768162,1.3169666564448508,0.0,0.0,0.0,196.38796346153845,0.0,45.246,196.38796346153845,196.38796346153845,0.0,196.38796346153845,0.0,0.0,0.0,0.0
38,2012.0,0.0,Leprosy,All,196.38796346153845,0.0,0.0,,5.285171149768162,1.3169666564448508,0.0,0.0,0.0,196.38796346153845,0.0,45.246,196.38796346153845,196.38796346153845,0.0,196.38796346153845,0.0,0.0,0.0,0.0
39,2012.0,0.0,Leprosy,All,196.38796346153845,0.0,0.0,,5.285171149768162,1.3169666564448508,0.0,0.0,0.0,196.38796346153845,0.0,45.246,196.38796346153845,196.38796346153845,0.0,196.38796346153845,0.0,0.0,0.0,0.0
40,2012.0,0.0,Leprosy,All,196.38796346153845,0.0,0.0,,5.285171149768162,1.3169666564448508,0.0,0.0,0.0,196.38796346153845,0.0,45.246,196.38796346153845,196.38796346153845,0.0,196.38796346153845,0.0,0.0,0.0,0.0
41,2012.0,0.0,Leprosy,All,196.38796346153845,0.0,0.0,,5.285171149768162,1.3169666564448508,0.0,0.0,0.0,196.38796346153845,0.0,45.246,196.38796346153845,196.38796346153845,0.0,196.38796346153845,0.0,0.0,0.0,0.0
42,2012.0,0.0,Leprosy,All,196.38796346153845,0.0,0.0,,5.285171149768162,1.3169666564448508,0.0,0.0,0.0,196.38796346153845,0.0,45.246,196.38796346153845,196.38796346153845,0.0,196.38796346153845,0.0,0.0,0.0,0.0
43,2012.0,0.0,Leprosy,All,196.38796346153845,0.0,0.0,,5.285171149768162,1.3169666564448508,0.0,0.0,0.0,196.38796346153845,0.0,45.246,196.38796346153845,196.38796346153845,0.0,196.38796346153845,0.0,0.0,0.0,0.0
44,2012.0,0.0,Leprosy,All,196.38796346153845,0.0,0.0,,5.285171149768162,1.3169666564448508,0.0,0.0,0.0,196.38796346153845,0.0,45.246,196.38796346153845,196.38796346153845,0.0,196.38796346153845,0.0,0.0,0.0,0.0
45,2012.0,0.0,Leprosy,All,196.38796346153845,0.0,0.0,,5.285171149768162,1.3169666564448508,0.0,0.0,0.0,196.38796346153845,0.0,45.246,196.38796346153845,196.38796346153845,0.0,196.38796346153845,0.0,0.0,0.0,0.0
46,2012.0,0.0,Leprosy,All,196.38796346153845,0.0,0.0,,5.285171149768162,1.3169666564448508,0.0,0.0,0.0,196.38796346153845,0.0,45.246,196.38796346153845,196.38796346153845,0.0,196.38796346153845,0.0,0.0,0.0,0.0
47,2012.0,0.0,Leprosy,All,196.38796346153845,0.0,0.0,,5.285171149768162,1.3169666564448508,0.0,0.0,0.0,196.38796346153845,0.0,45.246,196.38796346153845,196.38796346153845,0.0,196.38796346153845,0.0,0.0,0.0,0.0
48,2012.0,0.0,Leprosy,All,196.38796346153845,0.0,0.0,,5.285171149768162,1.3169666564448508,0.0,0.0,0.0,196.38796346153845,0.0,45.246,196.38796346153845,196.38796346153845,0.0,196.38796346153845,0.0,0.0,0.0,0.0
49,2012.0,0.0,Leprosy,All,196.38796346153845,0.0,0.0,,5.285171149768162,1.3169666564448508,0.0,0.0,0.0,196.38796346153845,0.0,45.246,196.38796346153845,196.38796346153845,0.0,196.38796346153845,0.0,0.0,0.0,0.0
50,2012.0,0.0,Leprosy,All,196.38796346153845,0.0,0.0,,5.285171149768162,1.3169666564448508,0.0,0.0,0.0,196.38796346153845,0.0,45.246,196.38796346153845,196.38796346153845,0.0,196.38796346153845,0.0,0.0,0.0,0.0
51,2012.0,0.0,Leprosy,All,196.38796346153845,0.0,0.0,,5.285171149768162,1.3169666564448508,0.0,0.0,0.0,196.38796346153845,0.0,45.246,196.38796346153845,196.38796346153845,0.0,196.38796346153845,0.0,0.0,0.0,0.0
52,2012.0,0.0,Leprosy,All,196.38796346153845,0.0,0.0,,5.285171149768162,1.3169666564448508,0.0,0.0,0.0,196.38796346153845,0.0,45.246,196.38796346153845,196.38796346153845,0.0,196.38796346153845,0.0,0.0,0.0,0.0
1,2013.0,0.0,Leprosy,All,176.42512346153845,0.0,0.0,,5.178548680262789,0.9620139134718534,0.0,0.0,0.0,176.42512346153845,0.0,46.118,196.38796346153845,196.38796346153845,0.0,191.39725346153844,9.981419999999845,0.0,-0.10165001789383908,0.0
2,2013.0,0.0,Leprosy,All,176.42512346153845,0.0,0.0,,5.178548680262789,0.9620139134718534,0.0,0.0,0.0,176.42512346153845,0.0,46.118,176.42512346153845,186.40654346153843,0.0,186.40654346153843,11.52555104778929,0.0,0.0,0.0
3,2013.0,0.0,Leprosy,All,176.42512346153845,0.0,0.0,,5.178548680262789,0.9620139134718534,0.0,0.0,0.0,176.42512346153845,0.0,46.118,176.42512346153845,176.42512346153845,0.0,181.41583346153845,9.98141999999983,0.0,0.0,0.0
4,2013.0,0.0,Leprosy,All,176.42512346153845,0.0,0.0,,5.178548680262789,0.9620139134718534,0.0,0.0,0.0,176.42512346153845,0.0,46.118,176.42512346153845,176.42512346153845,0.0,176.42512346153845,0.0,0.0,0.0,0.0
5,2013.0,0.0,Leprosy,All,176.42512346153845,0.0,0.0,,5.178548680262789,0.9620139134718534,0.0,0.0,0.0,176.42512346153845,0.0,46.118,176.42512346153845,176.42512346153845,0.0,176.42512346153845,0.0,0.0,0.0,0.0
6,2013.0,0.0,Leprosy,All,176.42512346153845,0.0,0.0,,5.178548680262789,0.9620139134718534,0.0,0.0,0.0,176.42512346153845,0.0,46.118,176.42512346153845,176.42512346153845,0.0,176.42512346153845,0.0,0.0,0.0,0.0
7,2013.0,0.0,Leprosy,All,176.42512346153845,0.0,0.0,,5.178548680262789,0.9620139134718534,0.0,0.0,0.0,176.42512346153845,0.0,46.118,176.42512346153845,176.42512346153845,0.0,176.42512346153845,0.0,0.0,0.0,0.0
8,2013.0,0.0,Leprosy,All,176.42512346153845,0.0,0.0,,5.178548680262789,0.9620139134718534,0.0,0.0,0.0,176.42512346153845,0.0,46.118,176.42512346153845,176.42512346153845,0.0,176.42512346153845,0.0,0.0,0.0,0.0
9,2013.0,0.0,Leprosy,All,176.42512346153845,0.0,0.0,,5.178548680262789,0.9620139134718534,0.0,0.0,0.0,176.42512346153845,0.0,46.118,176.42512346153845,176.42512346153845,0.0,176.42512346153845,0.0,0.0,0.0,0.0
10,2013.0,0.0,Leprosy,All,176.42512346153845,0.0,0.0,,5.178548680262789,0.9620139134718534,0.0,0.0,0.0,176.42512346153845,0.0,46.118,176.42512346153845,176.42512346153845,0.0,176.42512346153845,0.0,0.0,0.0,0.0
11,2013.0,0.0,Leprosy,All,176.42512346153845,0.0,0.0,,5.178548680262789,0.9620139134718534,0.0,0.0,0.0,176.42512346153845,0.0,46.118,176.42512346153845,176.42512346153845,0.0,176.42512346153845,0.0,0.0,0.0,0.0
12,2013.0,0.0,Leprosy,All,176.42512346153845,0.0,0.0,,5.178548680262789,0.9620139134718534,0.0,0.0,0.0,176.42512346153845,0.0,46.118,176.42512346153845,176.42512346153845,0.0,176.42512346153845,0.0,0.0,0.0,0.0
13,2013.0,0.0,Leprosy,All,176.42512346153845,0.0,0.0,,5.178548680262789,0.9620139134718534,0.0,0.0,0.0,176.42512346153845,0.0,46.118,176.42512346153845,176.42512346153845,0.0,176.42512346153845,0.0,0.0,0.0,0.0
14,2013.0,0.0,Leprosy,All,176.42512346153845,0.0,0.0,,5.178548680262789,0.9620139134718534,0.0,0.0,0.0,176.42512346153845,0.0,46.118,176.42512346153845,176.42512346153845,0.0,176.42512346153845,0.0,0.0,0.0,0.0
15,2013.0,0.0,Leprosy,All,176.42512346153845,0.0,0.0,,5.178548680262789,0.9620139134718534,0.0,0.0,0.0,176.42512346153845,0.0,46.118,176.42512346153845,176.42512346153845,0.0,176.42512346153845,0.0,0.0,0.0,0.0
16,2013.0,0.0,Leprosy,All,176.42512346153845,0.0,0.0,,5.178548680262789,0.9620139134718534,0.0,0.0,0.0,176.42512346153845,0.0,46.118,176.42512346153845,176.42512346153845,0.0,176.42512346153845,0.0,0.0,0.0,0.0
17,2013.0,0.0,Leprosy,All,176.42512346153845,0.0,0.0,,5.178548680262789,0.9620139134718534,0.0,0.0,0.0,176.42512346153845,0.0,46.118,176.42512346153845,176.42512346153845,0.0,176.42512346153845,0.0,0.0,0.0,0.0
18,2013.0,0.0,Leprosy,All,176.42512346153845,0.0,0.0,,5.178548680262789,0.9620139134718534,0.0,0.0,0.0,176.42512346153845,0.0,46.118,176.42512346153845,176.42512346153845,0.0,176.42512346153845,0.0,0.0,0.0,0.0
19,2013.0,0.0,Leprosy,All,176.42512346153845,0.0,0.0,,5.178548680262789,0.9620139134718534,0.0,0.0,0.0,176.42512346153845,0.0,46.118,176.42512346153845,176.42512346153845,0.0,176.42512346153845,0.0,0.0,0.0,0.0
20,2013.0,0.0,Leprosy,All,176.42512346153845,0.0,0.0,,5.178548680262789,0.9620139134718534,0.0,0.0,0.0,176.42512346153845,0.0,46.118,176.42512346153845,176.42512346153845,0.0,176.42512346153845,0.0,0.0,0.0,0.0
21,2013.0,0.0,Leprosy,All,176.42512346153845,0.0,0.0,,5.178548680262789,0.9620139134718534,0.0,0.0,0.0,176.42512346153845,0.0,46.118,176.42512346153845,176.42512346153845,0.0,176.42512346153845,0.0,0.0,0.0,0.0
22,2013.0,0.0,Leprosy,All,176.42512346153845,0.0,0.0,,5.178548680262789,0.9620139134718534,0.0,0.0,0.0,176.42512346153845,0.0,46.118,176.42512346153845,176.42512346153845,0.0,176.42512346153845,0.0,0.0,0.0,0.0
23,2013.0,0.0,Leprosy,All,176.42512346153845,0.0,0.0,,5.178548680262789,0.9620139134718534,0.0,0.0,0.0,176.42512346153845,0.0,46.118,176.42512346153845,176.42512346153845,0.0,176.42512346153845,0.0,0.0,0.0,0.0
24,2013.0,0.0,Leprosy,All,176.42512346153845,0.0,0.0,,5.178548680262789,0.9620139134718534,0.0,0.0,0.0,176.42512346153845,0.0,46.118,176.42512346153845,176.42512346153845,0.0,176.42512346153845,0.0,0.0,0.0,0.0
25,2013.0,0.0,Leprosy,All,176.42512346153845,0.0,0.0,,5.178548680262789,0.9620139134718534,0.0,0.0,0.0,176.42512346153845,0.0,46.118,176.42512346153845,176.42512346153845,0.0,176.42512346153845,0.0,0.0,0.0,0.0
26,2013.0,0.0,Leprosy,All,176.42512346153845,0.0,0.0,,5.178548680262789,0.9620139134718534,0.0,0.0,0.0,176.42512346153845,0.0,46.118,176.42512346153845,176.42512346153845,0.0,176.42512346153845,0.0,0.0,0.0,0.0
27,2013.0,0.0,Leprosy,All,176.42512346153845,0.0,0.0,,5.178548680262789,0.9620139134718534,0.0,0.0,0.0,176.42512346153845,0.0,46.118,176.42512346153845,176.42512346153845,0.0,176.42512346153845,0.0,0.0,0.0,0.0
28,2013.0,0.0,Leprosy,All,176.42512346153845,0.0,0.0,,5.178548680262789,0.9620139134718534,0.0,0.0,0.0,176.42512346153845,0.0,46.118,176.42512346153845,176.42512346153845,0.0,176.42512346153845,0.0,0.0,0.0,0.0
29,2013.0,0.0,Leprosy,All,176.42512346153845,0.0,0.0,,5.178548680262789,0.9620139134718534,0.0,0.0,0.0,176.42512346153845,0.0,46.118,176.42512346153845,176.42512346153845,0.0,176.42512346153845,0.0,0.0,0.0,0.0
30,2013.0,0.0,Leprosy,All,176.42512346153845,0.0,0.0,,5.178548680262789,0.9620139134718534,0.0,0.0,0.0,176.42512346153845,0.0,46.118,176.42512346153845,176.42512346153845,0.0,176.42512346153845,0.0,0.0,0.0,0.0
31,2013.0,0.0,Leprosy,All,176.42512346153845,0.0,0.0,,5.178548680262789,0.9620139134718534,0.0,0.0,0.0,176.42512346153845,0.0,46.118,176.42512346153845,176.42512346153845,0.0,176.42512346153845,0.0,0.0,0.0,0.0
32,2013.0,0.0,Leprosy,All,176.42512346153845,0.0,0.0,,5.178548680262789,0.9620139134718534,0.0,0.0,0.0,176.42512346153845,0.0,46.118,176.42512346153845,176.42512346153845,0.0,176.42512346153845,0.0,0.0,0.0,0.0
33,2013.0,0.0,Leprosy,All,176.42512346153845,0.0,0.0,,5.178548680262789,0.9620139134718534,0.0,0.0,0.0,176.42512346153845,0.0,46.118,176.42512346153845,176.42512346153845,0.0,176.42512346153845,0.0,0.0,0.0,0.0
34,2013.0,0.0,Leprosy,All,176.42512346153845,0.0,0.0,,5.178548680262789,0.9620139134718534,0.0,0.0,0.0,176.42512346153845,0.0,46.118,176.42512346153845,176.42512346153845,0.0,176.42512346153845,0.0,0.0,0.0,0.0
35,2013.0,0.0,Leprosy,All,176.42512346153845,0.0,0.0,,5.178548680262789,0.9620139134718534,0.0,0.0,0.0,176.42512346153845,0.0,46.118,176.42512346153845,176.42512346153845,0.0,176.42512346153845,0.0,0.0,0.0,0.0
36,2013.0,0.0,Leprosy,All,176.42512346153845,0.0,0.0,,5.178548680262789,0.9620139134718534,0.0,0.0,0.0,176.42512346153845,0.0,46.118,176.42512346153845,176.42512346153845,0.0,176.42512346153845,0.0,0.0,0.0,0.0
37,2013.0,0.0,Leprosy,All,176.42512346153845,0.0,0.0,,5.178548680262789,0.9620139134718534,0.0,0.0,0.0,176.42512346153845,0.0,46.118,176.42512346153845,176.42512346153845,0.0,176.42512346153845,0.0,0.0,0.0,0.0
38,2013.0,0.0,Leprosy,All,176.42512346153845,0.0,0.0,,5.178548680262789,0.9620139134718534,0.0,0.0,0.0,176.42512346153845,0.0,46.118,176.42512346153845,176.42512346153845,0.0,176.42512346153845,0.0,0.0,0.0,0.0
39,2013.0,0.0,Leprosy,All,176.42512346153845,0.0,0.0,,5.178548680262789,0.9620139134718534,0.0,0.0,0.0,176.42512346153845,0.0,46.118,176.42512346153845,176.42512346153845,0.0,176.42512346153845,0.0,0.0,0.0,0.0
40,2013.0,0.0,Leprosy,All,176.42512346153845,0.0,0.0,,5.178548680262789,0.9620139134718534,0.0,0.0,0.0,176.42512346153845,0.0,46.118,176.42512346153845,176.42512346153845,0.0,176.42512346153845,0.0,0.0,0.0,0.0
41,2013.0,0.0,Leprosy,All,176.42512346153845,0.0,0.0,,5.178548680262789,0.9620139134718534,0.0,0.0,0.0,176.42512346153845,0.0,46.118,176.42512346153845,176.42512346153845,0.0,176.42512346153845,0.0,0.0,0.0,0.0
42,2013.0,0.0,Leprosy,All,176.42512346153845,0.0,0.0,,5.178548680262789,0.9620139134718534,0.0,0.0,0.0,176.42512346153845,0.0,46.118,176.42512346153845,176.42512346153845,0.0,176.42512346153845,0.0,0.0,0.0,0.0
43,2013.0,0.0,Leprosy,All,176.42512346153845,0.0,0.0,,5.178548680262789,0.9620139134718534,0.0,0.0,0.0,176.42512346153845,0.0,46.118,176.42512346153845,176.42512346153845,0.0,176.42512346153845,0.0,0.0,0.0,0.0
44,2013.0,0.0,Leprosy,All,176.42512346153845,0.0,0.0,,5.178548680262789,0.9620139134718534,0.0,0.0,0.0,176.42512346153845,0.0,46.118,176.42512346153845,176.42512346153845,0.0,176.42512346153845,0.0,0.0,0.0,0.0
45,2013.0,0.0,Leprosy,All,176.42512346153845,0.0,0.0,,5.178548680262789,0.9620139134718534,0.0,0.0,0.0,176.42512346153845,0.0,46.118,176.42512346153845,176.42512346153845,0.0,176.42512346153845,0.0,0.0,0.0,0.0
46,2013.0,0.0,Leprosy,All,176.42512346153845,0.0,0.0,,5.178548680262789,0.9620139134718534,0.0,0.0,0.0,176.42512346153845,0.0,46.118,176.42512346153845,176.42512346153845,0.0,176.42512346153845,0.0,0.0,0.0,0.0
47,2013.0,0.0,Leprosy,All,176.42512346153845,0.0,0.0,,5.178548680262789,0.9620139134718534,0.0,0.0,0.0,176.42512346153845,0.0,46.118,176.42512346153845,176.42512346153845,0.0,176.42512346153845,0.0,0.0,0.0,0.0
48,2013.0,0.0,Leprosy,All,176.42512346153845,0.0,0.0,,5.178548680262789,0.9620139134718534,0.0,0.0,0.0,176.42512346153845,0.0,46.118,176.42512346153845,176.42512346153845,0.0,176.42512346153845,0.0,0.0,0.0,0.0
49,2013.0,0.0,Leprosy,All,176.42512346153845,0.0,0.0,,5.178548680262789,0.9620139134718534,0.0,0.0,0.0,176.42512346153845,0.0,46.118,176.42512346153845,176.42512346153845,0.0,176.42512346153845,0.0,0.0,0.0,0.0
50,2013.0,0.0,Leprosy,All,176.42512346153845,0.0,0.0,,5.178548680262789,0.9620139134718534,0.0,0.0,0.0,176.42512346153845,0.0,46.118,176.42512346153845,176.42512346153845,0.0,176.42512346153845,0.0,0.0,0.0,0.0
51,2013.0,0.0,Leprosy,All,176.42512346153845,0.0,0.0,,5.178548680262789,0.9620139134718534,0.0,0.0,0.0,176.42512346153845,0.0,46.118,176.42512346153845,176.42512346153845,0.0,176.42512346153845,0.0,0.0,0.0,0.0
52,2013.0,0.0,Leprosy,All,176.42512346153845,0.0,0.0,,5.178548680262789,0.9620139134718534,0.0,0.0,0.0,176.42512346153845,0.0,46.118,176.42512346153845,176.42512346153845,0.0,176.42512346153845,0.0,0.0,0.0,0.0
1,2014.0,0.0,Leprosy,All,156.02963711538462,0.0,0.0,,5.056434558968793,0.5993684270162379,0.0,0.0,0.0,156.02963711538462,0.0,46.982,176.42512346153845,176.42512346153845,0.0,171.326251875,10.197743173076722,0.0,-0.11560420616965104,0.0
2,2014.0,0.0,Leprosy,All,156.02963711538462,0.0,0.0,,5.056434558968793,0.5993684270162379,0.0,0.0,0.0,156.02963711538462,0.0,46.982,156.02963711538462,166.22738028846152,0.0,166.22738028846152,11.775339532205072,0.0,0.0,0.0
3,2014.0,0.0,Leprosy,All,156.02963711538462,0.0,0.0,,5.056434558968793,0.5993684270162379,0.0,0.0,0.0,156.02963711538462,0.0,46.982,156.02963711538462,156.02963711538462,0.0,161.12850870192307,10.197743173076699,0.0,0.0,0.0
4,2014.0,0.0,Leprosy,All,156.02963711538462,0.0,0.0,,5.056434558968793,0.5993684270162379,0.0,0.0,0.0,156.02963711538462,0.0,46.982,156.02963711538462,156.02963711538462,0.0,156.02963711538462,0.0,0.0,0.0,0.0
5,2014.0,0.0,Leprosy,All,156.02963711538462,0.0,0.0,,5.056434558968793,0.5993684270162379,0.0,0.0,0.0,156.02963711538462,0.0,46.982,156.02963711538462,156.02963711538462,0.0,156.02963711538462,0.0,0.0,0.0,0.0
6,2014.0,0.0,Leprosy,All,156.02963711538462,0.0,0.0,,5.056434558968793,0.5993684270162379,0.0,0.0,0.0,156.02963711538462,0.0,46.982,156.02963711538462,156.02963711538462,0.0,156.02963711538462,0.0,0.0,0.0,0.0
7,2014.0,0.0,Leprosy,All,156.02963711538462,0.0,0.0,,5.056434558968793,0.5993684270162379,0.0,0.0,0.0,156.02963711538462,0.0,46.982,156.02963711538462,156.02963711538462,0.0,156.02963711538462,0.0,0.0,0.0,0.0
8,2014.0,0.0,Leprosy,All,156.02963711538462,0.0,0.0,,5.056434558968793,0.5993684270162379,0.0,0.0,0.0,156.02963711538462,0.0,46.982,156.02963711538462,156.02963711538462,0.0,156.02963711538462,0.0,0.0,0.0,0.0
9,2014.0,0.0,Leprosy,All,156.02963711538462,0.0,0.0,,5.056434558968793,0.5993684270162379,0.0,0.0,0.0,156.02963711538462,0.0,46.982,156.02963711538462,156.02963711538462,0.0,156.02963711538462,0.0,0.0,0.0,0.0
10,2014.0,0.0,Leprosy,All,156.02963711538462,0.0,0.0,,5.056434558968793,0.5993684270162379,0.0,0.0,0.0,156.02963711538462,0.0,46.982,156.02963711538462,156.02963711538462,0.0,156.02963711538462,0.0,0.0,0.0,0.0
11,2014.0,0.0,Leprosy,All,156.02963711538462,0.0,0.0,,5.056434558968793,0.5993684270162379,0.0,0.0,0.0,156.02963711538462,0.0,46.982,156.02963711538462,156.02963711538462,0.0,156.02963711538462,0.0,0.0,0.0,0.0
12,2014.0,0.0,Leprosy,All,156.02963711538462,0.0,0.0,,5.056434558968793,0.5993684270162379,0.0,0.0,0.0,156.02963711538462,0.0,46.982,156.02963711538462,156.02963711538462,0.0,156.02963711538462,0.0,0.0,0.0,0.0
13,2014.0,0.0,Leprosy,All,156.02963711538462,0.0,0.0,,5.056434558968793,0.5993684270162379,0.0,0.0,0.0,156.02963711538462,0.0,46.982,156.02963711538462,156.02963711538462,0.0,156.02963711538462,0.0,0.0,0.0,0.0
14,2014.0,0.0,Leprosy,All,156.02963711538462,0.0,0.0,,5.056434558968793,0.5993684270162379,0.0,0.0,0.0,156.02963711538462,0.0,46.982,156.02963711538462,156.02963711538462,0.0,156.02963711538462,0.0,0.0,0.0,0.0
15,2014.0,0.0,Leprosy,All,156.02963711538462,0.0,0.0,,5.056434558968793,0.5993684270162379,0.0,0.0,0.0,156.02963711538462,0.0,46.982,156.02963711538462,156.02963711538462,0.0,156.02963711538462,0.0,0.0,0.0,0.0
16,2014.0,0.0,Leprosy,All,156.02963711538462,0.0,0.0,,5.056434558968793,0.5993684270162379,0.0,0.0,0.0,156.02963711538462,0.0,46.982,156.02963711538462,156.02963711538462,0.0,156.02963711538462,0.0,0.0,0.0,0.0
17,2014.0,0.0,Leprosy,All,156.02963711538462,0.0,0.0,,5.056434558968793,0.5993684270162379,0.0,0.0,0.0,156.02963711538462,0.0,46.982,156.02963711538462,156.02963711538462,0.0,156.02963711538462,0.0,0.0,0.0,0.0
18,2014.0,0.0,Leprosy,All,156.02963711538462,0.0,0.0,,5.056434558968793,0.5993684270162379,0.0,0.0,0.0,156.02963711538462,0.0,46.982,156.02963711538462,156.02963711538462,0.0,156.02963711538462,0.0,0.0,0.0,0.0
19,2014.0,0.0,Leprosy,All,156.02963711538462,0.0,0.0,,5.056434558968793,0.5993684270162379,0.0,0.0,0.0,156.02963711538462,0.0,46.982,156.02963711538462,156.02963711538462,0.0,156.02963711538462,0.0,0.0,0.0,0.0
20,2014.0,0.0,Leprosy,All,156.02963711538462,0.0,0.0,,5.056434558968793,0.5993684270162379,0.0,0.0,0.0,156.02963711538462,0.0,46.982,156.02963711538462,156.02963711538462,0.0,156.02963711538462,0.0,0.0,0.0,0.0
21,2014.0,0.0,Leprosy,All,156.02963711538462,0.0,0.0,,5.056434558968793,0.5993684270162379,0.0,0.0,0.0,156.02963711538462,0.0,46.982,156.02963711538462,156.02963711538462,0.0,156.02963711538462,0.0,0.0,0.0,0.0
22,2014.0,0.0,Leprosy,All,156.02963711538462,0.0,0.0,,5.056434558968793,0.5993684270162379,0.0,0.0,0.0,156.02963711538462,0.0,46.982,156.02963711538462,156.02963711538462,0.0,156.02963711538462,0.0,0.0,0.0,0.0
23,2014.0,0.0,Leprosy,All,156.02963711538462,0.0,0.0,,5.056434558968793,0.5993684270162379,0.0,0.0,0.0,156.02963711538462,0.0,46.982,156.02963711538462,156.02963711538462,0.0,156.02963711538462,0.0,0.0,0.0,0.0
24,2014.0,0.0,Leprosy,All,156.02963711538462,0.0,0.0,,5.056434558968793,0.5993684270162379,0.0,0.0,0.0,156.02963711538462,0.0,46.982,156.02963711538462,156.02963711538462,0.0,156.02963711538462,0.0,0.0,0.0,0.0
25,2014.0,0.0,Leprosy,All,156.02963711538462,0.0,0.0,,5.056434558968793,0.5993684270162379,0.0,0.0,0.0,156.02963711538462,0.0,46.982,156.02963711538462,156.02963711538462,0.0,156.02963711538462,0.0,0.0,0.0,0.0
26,2014.0,0.0,Leprosy,All,156.02963711538462,0.0,0.0,,5.056434558968793,0.5993684270162379,0.0,0.0,0.0,156.02963711538462,0.0,46.982,156.02963711538462,156.02963711538462,0.0,156.02963711538462,0.0,0.0,0.0,0.0
27,2014.0,0.0,Leprosy,All,156.02963711538462,0.0,0.0,,5.056434558968793,0.5993684270162379,0.0,0.0,0.0,156.02963711538462,0.0,46.982,156.02963711538462,156.02963711538462,0.0,156.02963711538462,0.0,0.0,0.0,0.0
28,2014.0,0.0,Leprosy,All,156.02963711538462,0.0,0.0,,5.056434558968793,0.5993684270162379,0.0,0.0,0.0,156.02963711538462,0.0,46.982,156.02963711538462,156.02963711538462,0.0,156.02963711538462,0.0,0.0,0.0,0.0
29,2014.0,0.0,Leprosy,All,156.02963711538462,0.0,0.0,,5.056434558968793,0.5993684270162379,0.0,0.0,0.0,156.02963711538462,0.0,46.982,156.02963711538462,156.02963711538462,0.0,156.02963711538462,0.0,0.0,0.0,0.0
30,2014.0,0.0,Leprosy,All,156.02963711538462,0.0,0.0,,5.056434558968793,0.5993684270162379,0.0,0.0,0.0,156.02963711538462,0.0,46.982,156.02963711538462,156.02963711538462,0.0,156.02963711538462,0.0,0.0,0.0,0.0
31,2014.0,0.0,Leprosy,All,156.02963711538462,0.0,0.0,,5.056434558968793,0.5993684270162379,0.0,0.0,0.0,156.02963711538462,0.0,46.982,156.02963711538462,156.02963711538462,0.0,156.02963711538462,0.0,0.0,0.0,0.0
32,2014.0,0.0,Leprosy,All,156.02963711538462,0.0,0.0,,5.056434558968793,0.5993684270162379,0.0,0.0,0.0,156.02963711538462,0.0,46.982,156.02963711538462,156.02963711538462,0.0,156.02963711538462,0.0,0.0,0.0,0.0
33,2014.0,0.0,Leprosy,All,156.02963711538462,0.0,0.0,,5.056434558968793,0.5993684270162379,0.0,0.0,0.0,156.02963711538462,0.0,46.982,156.02963711538462,156.02963711538462,0.0,156.02963711538462,0.0,0.0,0.0,0.0
34,2014.0,0.0,Leprosy,All,156.02963711538462,0.0,0.0,,5.056434558968793,0.5993684270162379,0.0,0.0,0.0,156.02963711538462,0.0,46.982,156.02963711538462,156.02963711538462,0.0,156.02963711538462,0.0,0.0,0.0,0.0
35,2014.0,0.0,Leprosy,All,156.02963711538462,0.0,0.0,,5.056434558968793,0.5993684270162379,0.0,0.0,0.0,156.02963711538462,0.0,46.982,156.02963711538462,156.02963711538462,0.0,156.02963711538462,0.0,0.0,0.0,0.0
36,2014.0,0.0,Leprosy,All,156.02963711538462,0.0,0.0,,5.056434558968793,0.5993684270162379,0.0,0.0,0.0,156.02963711538462,0.0,46.982,156.02963711538462,156.02963711538462,0.0,156.02963711538462,0.0,0.0,0.0,0.0
37,2014.0,0.0,Leprosy,All,156.02963711538462,0.0,0.0,,5.056434558968793,0.5993684270162379,0.0,0.0,0.0,156.02963711538462,0.0,46.982,156.02963711538462,156.02963711538462,0.0,156.02963711538462,0.0,0.0,0.0,0.0
38,2014.0,0.0,Leprosy,All,156.02963711538462,0.0,0.0,,5.056434558968793,0.5993684270162379,0.0,0.0,0.0,156.02963711538462,0.0,46.982,156.02963711538462,156.02963711538462,0.0,156.02963711538462,0.0,0.0,0.0,0.0
39,2014.0,0.0,Leprosy,All,156.02963711538462,0.0,0.0,,5.056434558968793,0.5993684270162379,0.0,0.0,0.0,156.02963711538462,0.0,46.982,156.02963711538462,156.02963711538462,0.0,156.02963711538462,0.0,0.0,0.0,0.0
40,2014.0,0.0,Leprosy,All,156.02963711538462,0.0,0.0,,5.056434558968793,0.5993684270162379,0.0,0.0,0.0,156.02963711538462,0.0,46.982,156.02963711538462,156.02963711538462,0.0,156.02963711538462,0.0,0.0,0.0,0.0
41,2014.0,0.0,Leprosy,All,156.02963711538462,0.0,0.0,,5.056434558968793,0.5993684270162379,0.0,0.0,0.0,156.02963711538462,0.0,46.982,156.02963711538462,156.02963711538462,0.0,156.02963711538462,0.0,0.0,0.0,0.0
42,2014.0,0.0,Leprosy,All,156.02963711538462,0.0,0.0,,5.056434558968793,0.5993684270162379,0.0,0.0,0.0,156.02963711538462,0.0,46.982,156.02963711538462,156.02963711538462,0.0,156.02963711538462,0.0,0.0,0.0,0.0
43,2014.0,0.0,Leprosy,All,156.02963711538462,0.0,0.0,,5.056434558968793,0.5993684270162379,0.0,0.0,0.0,156.02963711538462,0.0,46.982,156.02963711538462,156.02963711538462,0.0,156.02963711538462,0.0,0.0,0.0,0.0
44,2014.0,0.0,Leprosy,All,156.02963711538462,0.0,0.0,,5.056434558968793,0.5993684270162379,0.0,0.0,0.0,156.02963711538462,0.0,46.982,156.02963711538462,156.02963711538462,0.0,156.02963711538462,0.0,0.0,0.0,0.0
45,2014.0,0.0,Leprosy,All,156.02963711538462,0.0,0.0,,5.056434558968793,0.5993684270162379,0.0,0.0,0.0,156.02963711538462,0.0,46.982,156.02963711538462,156.02963711538462,0.0,156.02963711538462,0.0,0.0,0.0,0.0
46,2014.0,0.0,Leprosy,All,156.02963711538462,0.0,0.0,,5.056434558968793,0.5993684270162379,0.0,0.0,0.0,156.02963711538462,0.0,46.982,156.02963711538462,156.02963711538462,0.0,156.02963711538462,0.0,0.0,0.0,0.0
47,2014.0,0.0,Leprosy,All,156.02963711538462,0.0,0.0,,5.056434558968793,0.5993684270162379,0.0,0.0,0.0,156.02963711538462,0.0,46.982,156.02963711538462,156.02963711538462,0.0,156.02963711538462,0.0,0.0,0.0,0.0
48,2014.0,0.0,Leprosy,All,156.02963711538462,0.0,0.0,,5.056434558968793,0.5993684270162379,0.0,0.0,0.0,156.02963711538462,0.0,46.982,156.02963711538462,156.02963711538462,0.0,156.02963711538462,0.0,0.0,0.0,0.0
49,2014.0,0.0,Leprosy,All,156.02963711538462,0.0,0.0,,5.056434558968793,0.5993684270162379,0.0,0.0,0.0,156.02963711538462,0.0,46.982,156.02963711538462,156.02963711538462,0.0,156.02963711538462,0.0,0.0,0.0,0.0
50,2014.0,0.0,Leprosy,All,156.02963711538462,0.0,0.0,,5.056434558968793,0.5993684270162379,0.0,0.0,0.0,156.02963711538462,0.0,46.982,156.02963711538462,156.02963711538462,0.0,156.02963711538462,0.0,0.0,0.0,0.0
51,2014.0,0.0,Leprosy,All,156.02963711538462,0.0,0.0,,5.056434558968793,0.5993684270162379,0.0,0.0,0.0,156.02963711538462,0.0,46.982,156.02963711538462,156.02963711538462,0.0,156.02963711538462,0.0,0.0,0.0,0.0
52,2014.0,0.0,Leprosy,All,156.02963711538462,0.0,0.0,,5.056434558968793,0.5993684270162379,0.0,0.0,0.0,156.02963711538462,0.0,46.982,156.02963711538462,156.02963711538462,0.0,156.02963711538462,0.0,0.0,0.0,0.0
1,2015.0,0.0,Leprosy,All,154.80082961538463,0.0,0.0,,5.04857845829657,0.5775194018920178,0.0,0.0,0.0,154.80082961538463,0.0,47.838,156.02963711538462,156.02963711538462,0.0,155.7224352403846,0.6144037499963525,0.0,-0.007875474959230208,0.0
2,2015.0,0.0,Leprosy,All,154.80082961538463,0.0,0.0,,5.04857845829657,0.5775194018920178,0.0,0.0,0.0,154.80082961538463,0.0,47.838,154.80082961538463,155.4152333653846,0.0,155.4152333653846,0.7094523409040651,0.0,0.0,0.0
3,2015.0,0.0,Leprosy,All,154.80082961538463,0.0,0.0,,5.04857845829657,0.5775194018920178,0.0,0.0,0.0,154.80082961538463,0.0,47.838,154.80082961538463,154.80082961538463,0.0,155.10803149038463,0.614403749996336,0.0,0.0,0.0
4,2015.0,0.0,Leprosy,All,154.80082961538463,0.0,0.0,,5.04857845829657,0.5775194018920178,0.0,0.0,0.0,154.80082961538463,0.0,47.838,154.80082961538463,154.80082961538463,0.0,154.80082961538463,0.0,0.0,0.0,0.0
5,2015.0,0.0,Leprosy,All,154.80082961538463,0.0,0.0,,5.04857845829657,0.5775194018920178,0.0,0.0,0.0,154.80082961538463,0.0,47.838,154.80082961538463,154.80082961538463,0.0,154.80082961538463,0.0,0.0,0.0,0.0
6,2015.0,0.0,Leprosy,All,154.80082961538463,0.0,0.0,,5.04857845829657,0.5775194018920178,0.0,0.0,0.0,154.80082961538463,0.0,47.838,154.80082961538463,154.80082961538463,0.0,154.80082961538463,0.0,0.0,0.0,0.0
7,2015.0,0.0,Leprosy,All,154.80082961538463,0.0,0.0,,5.04857845829657,0.5775194018920178,0.0,0.0,0.0,154.80082961538463,0.0,47.838,154.80082961538463,154.80082961538463,0.0,154.80082961538463,0.0,0.0,0.0,0.0
8,2015.0,0.0,Leprosy,All,154.80082961538463,0.0,0.0,,5.04857845829657,0.5775194018920178,0.0,0.0,0.0,154.80082961538463,0.0,47.838,154.80082961538463,154.80082961538463,0.0,154.80082961538463,0.0,0.0,0.0,0.0
9,2015.0,0.0,Leprosy,All,154.80082961538463,0.0,0.0,,5.04857845829657,0.5775194018920178,0.0,0.0,0.0,154.80082961538463,0.0,47.838,154.80082961538463,154.80082961538463,0.0,154.80082961538463,0.0,0.0,0.0,0.0
10,2015.0,0.0,Leprosy,All,154.80082961538463,0.0,0.0,,5.04857845829657,0.5775194018920178,0.0,0.0,0.0,154.80082961538463,0.0,47.838,154.80082961538463,154.80082961538463,0.0,154.80082961538463,0.0,0.0,0.0,0.0
11,2015.0,0.0,Leprosy,All,154.80082961538463,0.0,0.0,,5.04857845829657,0.5775194018920178,0.0,0.0,0.0,154.80082961538463,0.0,47.838,154.80082961538463,154.80082961538463,0.0,154.80082961538463,0.0,0.0,0.0,0.0
12,2015.0,0.0,Leprosy,All,154.80082961538463,0.0,0.0,,5.04857845829657,0.5775194018920178,0.0,0.0,0.0,154.80082961538463,0.0,47.838,154.80082961538463,154.80082961538463,0.0,154.80082961538463,0.0,0.0,0.0,0.0
13,2015.0,0.0,Leprosy,All,154.80082961538463,0.0,0.0,,5.04857845829657,0.5775194018920178,0.0,0.0,0.0,154.80082961538463,0.0,47.838,154.80082961538463,154.80082961538463,0.0,154.80082961538463,0.0,0.0,0.0,0.0
14,2015.0,0.0,Leprosy,All,154.80082961538463,0.0,0.0,,5.04857845829657,0.5775194018920178,0.0,0.0,0.0,154.80082961538463,0.0,47.838,154.80082961538463,154.80082961538463,0.0,154.80082961538463,0.0,0.0,0.0,0.0
15,2015.0,0.0,Leprosy,All,154.80082961538463,0.0,0.0,,5.04857845829657,0.5775194018920178,0.0,0.0,0.0,154.80082961538463,0.0,47.838,154.80082961538463,154.80082961538463,0.0,154.80082961538463,0.0,0.0,0.0,0.0
16,2015.0,0.0,Leprosy,All,154.80082961538463,0.0,0.0,,5.04857845829657,0.5775194018920178,0.0,0.0,0.0,154.80082961538463,0.0,47.838,154.80082961538463,154.80082961538463,0.0,154.80082961538463,0.0,0.0,0.0,0.0
17,2015.0,0.0,Leprosy,All,154.80082961538463,0.0,0.0,,5.04857845829657,0.5775194018920178,0.0,0.0,0.0,154.80082961538463,0.0,47.838,154.80082961538463,154.80082961538463,0.0,154.80082961538463,0.0,0.0,0.0,0.0
18,2015.0,0.0,Leprosy,All,154.80082961538463,0.0,0.0,,5.04857845829657,0.5775194018920178,0.0,0.0,0.0,154.80082961538463,0.0,47.838,154.80082961538463,154.80082961538463,0.0,154.80082961538463,0.0,0.0,0.0,0.0
19,2015.0,0.0,Leprosy,All,154.80082961538463,0.0,0.0,,5.04857845829657,0.5775194018920178,0.0,0.0,0.0,154.80082961538463,0.0,47.838,154.80082961538463,154.80082961538463,0.0,154.80082961538463,0.0,0.0,0.0,0.0
20,2015.0,0.0,Leprosy,All,154.80082961538463,0.0,0.0,,5.04857845829657,0.5775194018920178,0.0,0.0,0.0,154.80082961538463,0.0,47.838,154.80082961538463,154.80082961538463,0.0,154.80082961538463,0.0,0.0,0.0,0.0
21,2015.0,0.0,Leprosy,All,154.80082961538463,0.0,0.0,,5.04857845829657,0.5775194018920178,0.0,0.0,0.0,154.80082961538463,0.0,47.838,154.80082961538463,154.80082961538463,0.0,154.80082961538463,0.0,0.0,0.0,0.0
22,2015.0,0.0,Leprosy,All,154.80082961538463,0.0,0.0,,5.04857845829657,0.5775194018920178,0.0,0.0,0.0,154.80082961538463,0.0,47.838,154.80082961538463,154.80082961538463,0.0,154.80082961538463,0.0,0.0,0.0,0.0
23,2015.0,0.0,Leprosy,All,154.80082961538463,0.0,0.0,,5.04857845829657,0.5775194018920178,0.0,0.0,0.0,154.80082961538463,0.0,47.838,154.80082961538463,154.80082961538463,0.0,154.80082961538463,0.0,0.0,0.0,0.0
24,2015.0,0.0,Leprosy,All,154.80082961538463,0.0,0.0,,5.04857845829657,0.5775194018920178,0.0,0.0,0.0,154.80082961538463,0.0,47.838,154.80082961538463,154.80082961538463,0.0,154.80082961538463,0.0,0.0,0.0,0.0
25,2015.0,0.0,Leprosy,All,154.80082961538463,0.0,0.0,,5.04857845829657,0.5775194018920178,0.0,0.0,0.0,154.80082961538463,0.0,47.838,154.80082961538463,154.80082961538463,0.0,154.80082961538463,0.0,0.0,0.0,0.0
26,2015.0,0.0,Leprosy,All,154.80082961538463,0.0,0.0,,5.04857845829657,0.5775194018920178,0.0,0.0,0.0,154.80082961538463,0.0,47.838,154.80082961538463,154.80082961538463,0.0,154.80082961538463,0.0,0.0,0.0,0.0
27,2015.0,0.0,Leprosy,All,154.80082961538463,0.0,0.0,,5.04857845829657,0.5775194018920178,0.0,0.0,0.0,154.80082961538463,0.0,47.838,154.80082961538463,154.80082961538463,0.0,154.80082961538463,0.0,0.0,0.0,0.0
28,2015.0,0.0,Leprosy,All,154.80082961538463,0.0,0.0,,5.04857845829657,0.5775194018920178,0.0,0.0,0.0,154.80082961538463,0.0,47.838,154.80082961538463,154.80082961538463,0.0,154.80082961538463,0.0,0.0,0.0,0.0
29,2015.0,0.0,Leprosy,All,154.80082961538463,0.0,0.0,,5.04857845829657,0.5775194018920178,0.0,0.0,0.0,154.80082961538463,0.0,47.838,154.80082961538463,154.80082961538463,0.0,154.80082961538463,0.0,0.0,0.0,0.0
30,2015.0,0.0,Leprosy,All,154.80082961538463,0.0,0.0,,5.04857845829657,0.5775194018920178,0.0,0.0,0.0,154.80082961538463,0.0,47.838,154.80082961538463,154.80082961538463,0.0,154.80082961538463,0.0,0.0,0.0,0.0
31,2015.0,0.0,Leprosy,All,154.80082961538463,0.0,0.0,,5.04857845829657,0.5775194018920178,0.0,0.0,0.0,154.80082961538463,0.0,47.838,154.80082961538463,154.80082961538463,0.0,154.80082961538463,0.0,0.0,0.0,0.0
32,2015.0,0.0,Leprosy,All,154.80082961538463,0.0,0.0,,5.04857845829657,0.5775194018920178,0.0,0.0,0.0,154.80082961538463,0.0,47.838,154.80082961538463,154.80082961538463,0.0,154.80082961538463,0.0,0.0,0.0,0.0
33,2015.0,0.0,Leprosy,All,154.80082961538463,0.0,0.0,,5.04857845829657,0.5775194018920178,0.0,0.0,0.0,154.80082961538463,0.0,47.838,154.80082961538463,154.80082961538463,0.0,154.80082961538463,0.0,0.0,0.0,0.0
34,2015.0,0.0,Leprosy,All,154.80082961538463,0.0,0.0,,5.04857845829657,0.5775194018920178,0.0,0.0,0.0,154.80082961538463,0.0,47.838,154.80082961538463,154.80082961538463,0.0,154.80082961538463,0.0,0.0,0.0,0.0
35,2015.0,0.0,Leprosy,All,154.80082961538463,0.0,0.0,,5.04857845829657,0.5775194018920178,0.0,0.0,0.0,154.80082961538463,0.0,47.838,154.80082961538463,154.80082961538463,0.0,154.80082961538463,0.0,0.0,0.0,0.0
36,2015.0,0.0,Leprosy,All,154.80082961538463,0.0,0.0,,5.04857845829657,0.5775194018920178,0.0,0.0,0.0,154.80082961538463,0.0,47.838,154.80082961538463,154.80082961538463,0.0,154.80082961538463,0.0,0.0,0.0,0.0
37,2015.0,0.0,Leprosy,All,154.80082961538463,0.0,0.0,,5.04857845829657,0.5775194018920178,0.0,0.0,0.0,154.80082961538463,0.0,47.838,154.80082961538463,154.80082961538463,0.0,154.80082961538463,0.0,0.0,0.0,0.0
38,2015.0,0.0,Leprosy,All,154.80082961538463,0.0,0.0,,5.04857845829657,0.5775194018920178,0.0,0.0,0.0,154.80082961538463,0.0,47.838,154.80082961538463,154.80082961538463,0.0,154.80082961538463,0.0,0.0,0.0,0.0
39,2015.0,0.0,Leprosy,All,154.80082961538463,0.0,0.0,,5.04857845829657,0.5775194018920178,0.0,0.0,0.0,154.80082961538463,0.0,47.838,154.80082961538463,154.80082961538463,0.0,154.80082961538463,0.0,0.0,0.0,0.0
40,2015.0,0.0,Leprosy,All,154.80082961538463,0.0,0.0,,5.04857845829657,0.5775194018920178,0.0,0.0,0.0,154.80082961538463,0.0,47.838,154.80082961538463,154.80082961538463,0.0,154.80082961538463,0.0,0.0,0.0,0.0
41,2015.0,0.0,Leprosy,All,154.80082961538463,0.0,0.0,,5.04857845829657,0.5775194018920178,0.0,0.0,0.0,154.80082961538463,0.0,47.838,154.80082961538463,154.80082961538463,0.0,154.80082961538463,0.0,0.0,0.0,0.0
42,2015.0,0.0,Leprosy,All,154.80082961538463,0.0,0.0,,5.04857845829657,0.5775194018920178,0.0,0.0,0.0,154.80082961538463,0.0,47.838,154.80082961538463,154.80082961538463,0.0,154.80082961538463,0.0,0.0,0.0,0.0
43,2015.0,0.0,Leprosy,All,154.80082961538463,0.0,0.0,,5.04857845829657,0.5775194018920178,0.0,0.0,0.0,154.80082961538463,0.0,47.838,154.80082961538463,154.80082961538463,0.0,154.80082961538463,0.0,0.0,0.0,0.0
44,2015.0,0.0,Leprosy,All,154.80082961538463,0.0,0.0,,5.04857845829657,0.5775194018920178,0.0,0.0,0.0,154.80082961538463,0.0,47.838,154.80082961538463,154.80082961538463,0.0,154.80082961538463,0.0,0.0,0.0,0.0
45,2015.0,0.0,Leprosy,All,154.80082961538463,0.0,0.0,,5.04857845829657,0.5775194018920178,0.0,0.0,0.0,154.80082961538463,0.0,47.838,154.80082961538463,154.80082961538463,0.0,154.80082961538463,0.0,0.0,0.0,0.0
46,2015.0,0.0,Leprosy,All,154.80082961538463,0.0,0.0,,5.04857845829657,0.5775194018920178,0.0,0.0,0.0,154.80082961538463,0.0,47.838,154.80082961538463,154.80082961538463,0.0,154.80082961538463,0.0,0.0,0.0,0.0
47,2015.0,0.0,Leprosy,All,154.80082961538463,0.0,0.0,,5.04857845829657,0.5775194018920178,0.0,0.0,0.0,154.80082961538463,0.0,47.838,154.80082961538463,154.80082961538463,0.0,154.80082961538463,0.0,0.0,0.0,0.0
48,2015.0,0.0,Leprosy,All,154.80082961538463,0.0,0.0,,5.04857845829657,0.5775194018920178,0.0,0.0,0.0,154.80082961538463,0.0,47.838,154.80082961538463,154.80082961538463,0.0,154.80082961538463,0.0,0.0,0.0,0.0
49,2015.0,0.0,Leprosy,All,154.80082961538463,0.0,0.0,,5.04857845829657,0.5775194018920178,0.0,0.0,0.0,154.80082961538463,0.0,47.838,154.80082961538463,154.80082961538463,0.0,154.80082961538463,0.0,0.0,0.0,0.0
50,2015.0,0.0,Leprosy,All,154.80082961538463,0.0,0.0,,5.04857845829657,0.5775194018920178,0.0,0.0,0.0,154.80082961538463,0.0,47.838,154.80082961538463,154.80082961538463,0.0,154.80082961538463,0.0,0.0,0.0,0.0
51,2015.0,0.0,Leprosy,All,154.80082961538463,0.0,0.0,,5.04857845829657,0.5775194018920178,0.0,0.0,0.0,154.80082961538463,0.0,47.838,154.80082961538463,154.80082961538463,0.0,154.80082961538463,0.0,0.0,0.0,0.0
52,2015.0,0.0,Leprosy,All,154.80082961538463,0.0,0.0,,5.04857845829657,0.5775194018920178,0.0,0.0,0.0,154.80082961538463,0.0,47.838,154.80082961538463,154.80082961538463,0.0,154.80082961538463,0.0,0.0,0.0,0.0
1,2016.0,0.0,Leprosy,All,141.06676903846153,0.0,0.0,,4.956297151585975,0.33331855301800173,0.0,0.0,0.0,141.06676903846153,0.0,48.683,154.80082961538463,154.80082961538463,0.0,151.36731447115386,6.867030288461207,0.0,-0.08872084607715927,0.0
2,2016.0,0.0,Leprosy,All,141.06676903846153,0.0,0.0,,4.956297151585975,0.33331855301800173,0.0,0.0,0.0,141.06676903846153,0.0,48.683,141.06676903846153,147.93379932692307,0.0,147.93379932692307,7.929363571152872,0.0,0.0,0.0
3,2016.0,0.0,Leprosy,All,141.06676903846153,0.0,0.0,,4.956297151585975,0.33331855301800173,0.0,0.0,0.0,141.06676903846153,0.0,48.683,141.06676903846153,141.06676903846153,0.0,144.50028418269233,6.86703028846119,0.0,0.0,0.0
4,2016.0,0.0,Leprosy,All,141.06676903846153,0.0,0.0,,4.956297151585975,0.33331855301800173,0.0,0.0,0.0,141.06676903846153,0.0,48.683,141.06676903846153,141.06676903846153,0.0,141.06676903846153,0.0,0.0,0.0,0.0
5,2016.0,0.0,Leprosy,All,141.06676903846153,0.0,0.0,,4.956297151585975,0.33331855301800173,0.0,0.0,0.0,141.06676903846153,0.0,48.683,141.06676903846153,141.06676903846153,0.0,141.06676903846153,0.0,0.0,0.0,0.0
6,2016.0,0.0,Leprosy,All,141.06676903846153,0.0,0.0,,4.956297151585975,0.33331855301800173,0.0,0.0,0.0,141.06676903846153,0.0,48.683,141.06676903846153,141.06676903846153,0.0,141.06676903846153,0.0,0.0,0.0,0.0
7,2016.0,0.0,Leprosy,All,141.06676903846153,0.0,0.0,,4.956297151585975,0.33331855301800173,0.0,0.0,0.0,141.06676903846153,0.0,48.683,141.06676903846153,141.06676903846153,0.0,141.06676903846153,0.0,0.0,0.0,0.0
8,2016.0,0.0,Leprosy,All,141.06676903846153,0.0,0.0,,4.956297151585975,0.33331855301800173,0.0,0.0,0.0,141.06676903846153,0.0,48.683,141.06676903846153,141.06676903846153,0.0,141.06676903846153,0.0,0.0,0.0,0.0
9,2016.0,0.0,Leprosy,All,141.06676903846153,0.0,0.0,,4.956297151585975,0.33331855301800173,0.0,0.0,0.0,141.06676903846153,0.0,48.683,141.06676903846153,141.06676903846153,0.0,141.06676903846153,0.0,0.0,0.0,0.0
10,2016.0,0.0,Leprosy,All,141.06676903846153,0.0,0.0,,4.956297151585975,0.33331855301800173,0.0,0.0,0.0,141.06676903846153,0.0,48.683,141.06676903846153,141.06676903846153,0.0,141.06676903846153,0.0,0.0,0.0,0.0
11,2016.0,0.0,Leprosy,All,141.06676903846153,0.0,0.0,,4.956297151585975,0.33331855301800173,0.0,0.0,0.0,141.06676903846153,0.0,48.683,141.06676903846153,141.06676903846153,0.0,141.06676903846153,0.0,0.0,0.0,0.0
12,2016.0,0.0,Leprosy,All,141.06676903846153,0.0,0.0,,4.956297151585975,0.33331855301800173,0.0,0.0,0.0,141.06676903846153,0.0,48.683,141.06676903846153,141.06676903846153,0.0,141.06676903846153,0.0,0.0,0.0,0.0
13,2016.0,0.0,Leprosy,All,141.06676903846153,0.0,0.0,,4.956297151585975,0.33331855301800173,0.0,0.0,0.0,141.06676903846153,0.0,48.683,141.06676903846153,141.06676903846153,0.0,141.06676903846153,0.0,0.0,0.0,0.0
14,2016.0,0.0,Leprosy,All,141.06676903846153,0.0,0.0,,4.956297151585975,0.33331855301800173,0.0,0.0,0.0,141.06676903846153,0.0,48.683,141.06676903846153,141.06676903846153,0.0,141.06676903846153,0.0,0.0,0.0,0.0
15,2016.0,0.0,Leprosy,All,141.06676903846153,0.0,0.0,,4.956297151585975,0.33331855301800173,0.0,0.0,0.0,141.06676903846153,0.0,48.683,141.06676903846153,141.06676903846153,0.0,141.06676903846153,0.0,0.0,0.0,0.0
16,2016.0,0.0,Leprosy,All,141.06676903846153,0.0,0.0,,4.956297151585975,0.33331855301800173,0.0,0.0,0.0,141.06676903846153,0.0,48.683,141.06676903846153,141.06676903846153,0.0,141.06676903846153,0.0,0.0,0.0,0.0
17,2016.0,0.0,Leprosy,All,141.06676903846153,0.0,0.0,,4.956297151585975,0.33331855301800173,0.0,0.0,0.0,141.06676903846153,0.0,48.683,141.06676903846153,141.06676903846153,0.0,141.06676903846153,0.0,0.0,0.0,0.0
18,2016.0,0.0,Leprosy,All,141.06676903846153,0.0,0.0,,4.956297151585975,0.33331855301800173,0.0,0.0,0.0,141.06676903846153,0.0,48.683,141.06676903846153,141.06676903846153,0.0,141.06676903846153,0.0,0.0,0.0,0.0
19,2016.0,0.0,Leprosy,All,141.06676903846153,0.0,0.0,,4.956297151585975,0.33331855301800173,0.0,0.0,0.0,141.06676903846153,0.0,48.683,141.06676903846153,141.06676903846153,0.0,141.06676903846153,0.0,0.0,0.0,0.0
20,2016.0,0.0,Leprosy,All,141.06676903846153,0.0,0.0,,4.956297151585975,0.33331855301800173,0.0,0.0,0.0,141.06676903846153,0.0,48.683,141.06676903846153,141.06676903846153,0.0,141.06676903846153,0.0,0.0,0.0,0.0
21,2016.0,0.0,Leprosy,All,141.06676903846153,0.0,0.0,,4.956297151585975,0.33331855301800173,0.0,0.0,0.0,141.06676903846153,0.0,48.683,141.06676903846153,141.06676903846153,0.0,141.06676903846153,0.0,0.0,0.0,0.0
22,2016.0,0.0,Leprosy,All,141.06676903846153,0.0,0.0,,4.956297151585975,0.33331855301800173,0.0,0.0,0.0,141.06676903846153,0.0,48.683,141.06676903846153,141.06676903846153,0.0,141.06676903846153,0.0,0.0,0.0,0.0
23,2016.0,0.0,Leprosy,All,141.06676903846153,0.0,0.0,,4.956297151585975,0.33331855301800173,0.0,0.0,0.0,141.06676903846153,0.0,48.683,141.06676903846153,141.06676903846153,0.0,141.06676903846153,0.0,0.0,0.0,0.0
24,2016.0,0.0,Leprosy,All,141.06676903846153,0.0,0.0,,4.956297151585975,0.33331855301800173,0.0,0.0,0.0,141.06676903846153,0.0,48.683,141.06676903846153,141.06676903846153,0.0,141.06676903846153,0.0,0.0,0.0,0.0
25,2016.0,0.0,Leprosy,All,141.06676903846153,0.0,0.0,,4.956297151585975,0.33331855301800173,0.0,0.0,0.0,141.06676903846153,0.0,48.683,141.06676903846153,141.06676903846153,0.0,141.06676903846153,0.0,0.0,0.0,0.0
26,2016.0,0.0,Leprosy,All,141.06676903846153,0.0,0.0,,4.956297151585975,0.33331855301800173,0.0,0.0,0.0,141.06676903846153,0.0,48.683,141.06676903846153,141.06676903846153,0.0,141.06676903846153,0.0,0.0,0.0,0.0
27,2016.0,0.0,Leprosy,All,141.06676903846153,0.0,0.0,,4.956297151585975,0.33331855301800173,0.0,0.0,0.0,141.06676903846153,0.0,48.683,141.06676903846153,141.06676903846153,0.0,141.06676903846153,0.0,0.0,0.0,0.0
28,2016.0,0.0,Leprosy,All,141.06676903846153,0.0,0.0,,4.956297151585975,0.33331855301800173,0.0,0.0,0.0,141.06676903846153,0.0,48.683,141.06676903846153,141.06676903846153,0.0,141.06676903846153,0.0,0.0,0.0,0.0
29,2016.0,0.0,Leprosy,All,141.06676903846153,0.0,0.0,,4.956297151585975,0.33331855301800173,0.0,0.0,0.0,141.06676903846153,0.0,48.683,141.06676903846153,141.06676903846153,0.0,141.06676903846153,0.0,0.0,0.0,0.0
30,2016.0,0.0,Leprosy,All,141.06676903846153,0.0,0.0,,4.956297151585975,0.33331855301800173,0.0,0.0,0.0,141.06676903846153,0.0,48.683,141.06676903846153,141.06676903846153,0.0,141.06676903846153,0.0,0.0,0.0,0.0
31,2016.0,0.0,Leprosy,All,141.06676903846153,0.0,0.0,,4.956297151585975,0.33331855301800173,0.0,0.0,0.0,141.06676903846153,0.0,48.683,141.06676903846153,141.06676903846153,0.0,141.06676903846153,0.0,0.0,0.0,0.0
32,2016.0,0.0,Leprosy,All,141.06676903846153,0.0,0.0,,4.956297151585975,0.33331855301800173,0.0,0.0,0.0,141.06676903846153,0.0,48.683,141.06676903846153,141.06676903846153,0.0,141.06676903846153,0.0,0.0,0.0,0.0
33,2016.0,0.0,Leprosy,All,141.06676903846153,0.0,0.0,,4.956297151585975,0.33331855301800173,0.0,0.0,0.0,141.06676903846153,0.0,48.683,141.06676903846153,141.06676903846153,0.0,141.06676903846153,0.0,0.0,0.0,0.0
34,2016.0,0.0,Leprosy,All,141.06676903846153,0.0,0.0,,4.956297151585975,0.33331855301800173,0.0,0.0,0.0,141.06676903846153,0.0,48.683,141.06676903846153,141.06676903846153,0.0,141.06676903846153,0.0,0.0,0.0,0.0
35,2016.0,0.0,Leprosy,All,141.06676903846153,0.0,0.0,,4.956297151585975,0.33331855301800173,0.0,0.0,0.0,141.06676903846153,0.0,48.683,141.06676903846153,141.06676903846153,0.0,141.06676903846153,0.0,0.0,0.0,0.0
36,2016.0,0.0,Leprosy,All,141.06676903846153,0.0,0.0,,4.956297151585975,0.33331855301800173,0.0,0.0,0.0,141.06676903846153,0.0,48.683,141.06676903846153,141.06676903846153,0.0,141.06676903846153,0.0,0.0,0.0,0.0
37,2016.0,0.0,Leprosy,All,141.06676903846153,0.0,0.0,,4.956297151585975,0.33331855301800173,0.0,0.0,0.0,141.06676903846153,0.0,48.683,141.06676903846153,141.06676903846153,0.0,141.06676903846153,0.0,0.0,0.0,0.0
38,2016.0,0.0,Leprosy,All,141.06676903846153,0.0,0.0,,4.956297151585975,0.33331855301800173,0.0,0.0,0.0,141.06676903846153,0.0,48.683,141.06676903846153,141.06676903846153,0.0,141.06676903846153,0.0,0.0,0.0,0.0
39,2016.0,0.0,Leprosy,All,141.06676903846153,0.0,0.0,,4.956297151585975,0.33331855301800173,0.0,0.0,0.0,141.06676903846153,0.0,48.683,141.06676903846153,141.06676903846153,0.0,141.06676903846153,0.0,0.0,0.0,0.0
40,2016.0,0.0,Leprosy,All,141.06676903846153,0.0,0.0,,4.956297151585975,0.33331855301800173,0.0,0.0,0.0,141.06676903846153,0.0,48.683,141.06676903846153,141.06676903846153,0.0,141.06676903846153,0.0,0.0,0.0,0.0
41,2016.0,0.0,Leprosy,All,141.06676903846153,0.0,0.0,,4.956297151585975,0.33331855301800173,0.0,0.0,0.0,141.06676903846153,0.0,48.683,141.06676903846153,141.06676903846153,0.0,141.06676903846153,0.0,0.0,0.0,0.0
42,2016.0,0.0,Leprosy,All,141.06676903846153,0.0,0.0,,4.956297151585975,0.33331855301800173,0.0,0.0,0.0,141.06676903846153,0.0,48.683,141.06676903846153,141.06676903846153,0.0,141.06676903846153,0.0,0.0,0.0,0.0
43,2016.0,0.0,Leprosy,All,141.06676903846153,0.0,0.0,,4.956297151585975,0.33331855301800173,0.0,0.0,0.0,141.06676903846153,0.0,48.683,141.06676903846153,141.06676903846153,0.0,141.06676903846153,0.0,0.0,0.0,0.0
44,2016.0,0.0,Leprosy,All,141.06676903846153,0.0,0.0,,4.956297151585975,0.33331855301800173,0.0,0.0,0.0,141.06676903846153,0.0,48.683,141.06676903846153,141.06676903846153,0.0,141.06676903846153,0.0,0.0,0.0,0.0
45,2016.0,0.0,Leprosy,All,141.06676903846153,0.0,0.0,,4.956297151585975,0.33331855301800173,0.0,0.0,0.0,141.06676903846153,0.0,48.683,141.06676903846153,141.06676903846153,0.0,141.06676903846153,0.0,0.0,0.0,0.0
46,2016.0,0.0,Leprosy,All,141.06676903846153,0.0,0.0,,4.956297151585975,0.33331855301800173,0.0,0.0,0.0,141.06676903846153,0.0,48.683,141.06676903846153,141.06676903846153,0.0,141.06676903846153,0.0,0.0,0.0,0.0
47,2016.0,0.0,Leprosy,All,141.06676903846153,0.0,0.0,,4.956297151585975,0.33331855301800173,0.0,0.0,0.0,141.06676903846153,0.0,48.683,141.06676903846153,141.06676903846153,0.0,141.06676903846153,0.0,0.0,0.0,0.0
48,2016.0,0.0,Leprosy,All,141.06676903846153,0.0,0.0,,4.956297151585975,0.33331855301800173,0.0,0.0,0.0,141.06676903846153,0.0,48.683,141.06676903846153,141.06676903846153,0.0,141.06676903846153,0.0,0.0,0.0,0.0
49,2016.0,0.0,Leprosy,All,141.06676903846153,0.0,0.0,,4.956297151585975,0.33331855301800173,0.0,0.0,0.0,141.06676903846153,0.0,48.683,141.06676903846153,141.06676903846153,0.0,141.06676903846153,0.0,0.0,0.0,0.0
50,2016.0,0.0,Leprosy,All,141.06676903846153,0.0,0.0,,4.956297151585975,0.33331855301800173,0.0,0.0,0.0,141.06676903846153,0.0,48.683,141.06676903846153,141.06676903846153,0.0,141.06676903846153,0.0,0.0,0.0,0.0
51,2016.0,0.0,Leprosy,All,141.06676903846153,0.0,0.0,,4.956297151585975,0.33331855301800173,0.0,0.0,0.0,141.06676903846153,0.0,48.683,141.06676903846153,141.06676903846153,0.0,141.06676903846153,0.0,0.0,0.0,0.0
52,2016.0,0.0,Leprosy,All,141.06676903846153,0.0,0.0,,4.956297151585975,0.33331855301800173,0.0,0.0,0.0,141.06676903846153,0.0,48.683,141.06676903846153,141.06676903846153,0.0,141.06676903846153,0.0,0.0,0.0,0.0
1,2017.0,0.0,Leprosy,All,293.7480996153846,0.0,0.0,,5.686121091951011,3.0480954629689823,0.0,0.0,0.0,293.7480996153846,0.0,49.519,141.06676903846153,141.06676903846153,0.0,179.2371016826923,76.34066528846151,0.0,1.082333788585566,0.0
2,2017.0,0.0,Leprosy,All,293.7480996153846,0.0,0.0,,5.686121091951011,3.0480954629689823,0.0,0.0,0.0,293.7480996153846,0.0,49.519,293.7480996153846,217.40743432692307,0.0,217.40743432692307,88.15060730881675,0.0,0.0,0.0
3,2017.0,0.0,Leprosy,All,293.7480996153846,0.0,0.0,,5.686121091951011,3.0480954629689823,0.0,0.0,0.0,293.7480996153846,0.0,49.519,293.7480996153846,293.7480996153846,0.0,255.57776697115384,76.34066528846151,0.0,0.0,0.0
4,2017.0,0.0,Leprosy,All,293.7480996153846,0.0,0.0,,5.686121091951011,3.0480954629689823,0.0,0.0,0.0,293.7480996153846,0.0,49.519,293.7480996153846,293.7480996153846,0.0,293.7480996153846,0.0,0.0,0.0,0.0
5,2017.0,0.0,Leprosy,All,293.7480996153846,0.0,0.0,,5.686121091951011,3.0480954629689823,0.0,0.0,0.0,293.7480996153846,0.0,49.519,293.7480996153846,293.7480996153846,0.0,293.7480996153846,0.0,0.0,0.0,0.0
6,2017.0,0.0,Leprosy,All,293.7480996153846,0.0,0.0,,5.686121091951011,3.0480954629689823,0.0,0.0,0.0,293.7480996153846,0.0,49.519,293.7480996153846,293.7480996153846,0.0,293.7480996153846,0.0,0.0,0.0,0.0
7,2017.0,0.0,Leprosy,All,293.7480996153846,0.0,0.0,,5.686121091951011,3.0480954629689823,0.0,0.0,0.0,293.7480996153846,0.0,49.519,293.7480996153846,293.7480996153846,0.0,293.7480996153846,0.0,0.0,0.0,0.0
8,2017.0,0.0,Leprosy,All,293.7480996153846,0.0,0.0,,5.686121091951011,3.0480954629689823,0.0,0.0,0.0,293.7480996153846,0.0,49.519,293.7480996153846,293.7480996153846,0.0,293.7480996153846,0.0,0.0,0.0,0.0
9,2017.0,0.0,Leprosy,All,293.7480996153846,0.0,0.0,,5.686121091951011,3.0480954629689823,0.0,0.0,0.0,293.7480996153846,0.0,49.519,293.7480996153846,293.7480996153846,0.0,293.7480996153846,0.0,0.0,0.0,0.0
10,2017.0,0.0,Leprosy,All,293.7480996153846,0.0,0.0,,5.686121091951011,3.0480954629689823,0.0,0.0,0.0,293.7480996153846,0.0,49.519,293.7480996153846,293.7480996153846,0.0,293.7480996153846,0.0,0.0,0.0,0.0
11,2017.0,0.0,Leprosy,All,293.7480996153846,0.0,0.0,,5.686121091951011,3.0480954629689823,0.0,0.0,0.0,293.7480996153846,0.0,49.519,293.7480996153846,293.7480996153846,0.0,293.7480996153846,0.0,0.0,0.0,0.0
12,2017.0,0.0,Leprosy,All,293.7480996153846,0.0,0.0,,5.686121091951011,3.0480954629689823,0.0,0.0,0.0,293.7480996153846,0.0,49.519,293.7480996153846,293.7480996153846,0.0,293.7480996153846,0.0,0.0,0.0,0.0
13,2017.0,0.0,Leprosy,All,293.7480996153846,0.0,0.0,,5.686121091951011,3.0480954629689823,0.0,0.0,0.0,293.7480996153846,0.0,49.519,293.7480996153846,293.7480996153846,0.0,293.7480996153846,0.0,0.0,0.0,0.0
14,2017.0,0.0,Leprosy,All,293.7480996153846,0.0,0.0,,5.686121091951011,3.0480954629689823,0.0,0.0,0.0,293.7480996153846,0.0,49.519,293.7480996153846,293.7480996153846,0.0,293.7480996153846,0.0,0.0,0.0,0.0
15,2017.0,0.0,Leprosy,All,293.7480996153846,0.0,0.0,,5.686121091951011,3.0480954629689823,0.0,0.0,0.0,293.7480996153846,0.0,49.519,293.7480996153846,293.7480996153846,0.0,293.7480996153846,0.0,0.0,0.0,0.0
16,2017.0,0.0,Leprosy,All,293.7480996153846,0.0,0.0,,5.686121091951011,3.0480954629689823,0.0,0.0,0.0,293.7480996153846,0.0,49.519,293.7480996153846,293.7480996153846,0.0,293.7480996153846,0.0,0.0,0.0,0.0
17,2017.0,0.0,Leprosy,All,293.7480996153846,0.0,0.0,,5.686121091951011,3.0480954629689823,0.0,0.0,0.0,293.7480996153846,0.0,49.519,293.7480996153846,293.7480996153846,0.0,293.7480996153846,0.0,0.0,0.0,0.0
18,2017.0,0.0,Leprosy,All,293.7480996153846,0.0,0.0,,5.686121091951011,3.0480954629689823,0.0,0.0,0.0,293.7480996153846,0.0,49.519,293.7480996153846,293.7480996153846,0.0,293.7480996153846,0.0,0.0,0.0,0.0
19,2017.0,0.0,Leprosy,All,293.7480996153846,0.0,0.0,,5.686121091951011,3.0480954629689823,0.0,0.0,0.0,293.7480996153846,0.0,49.519,293.7480996153846,293.7480996153846,0.0,293.7480996153846,0.0,0.0,0.0,0.0
20,2017.0,0.0,Leprosy,All,293.7480996153846,0.0,0.0,,5.686121091951011,3.0480954629689823,0.0,0.0,0.0,293.7480996153846,0.0,49.519,293.7480996153846,293.7480996153846,0.0,293.7480996153846,0.0,0.0,0.0,0.0
21,2017.0,0.0,Leprosy,All,293.7480996153846,0.0,0.0,,5.686121091951011,3.0480954629689823,0.0,0.0,0.0,293.7480996153846,0.0,49.519,293.7480996153846,293.7480996153846,0.0,293.7480996153846,0.0,0.0,0.0,0.0
22,2017.0,0.0,Leprosy,All,293.7480996153846,0.0,0.0,,5.686121091951011,3.0480954629689823,0.0,0.0,0.0,293.7480996153846,0.0,49.519,293.7480996153846,293.7480996153846,0.0,293.7480996153846,0.0,0.0,0.0,0.0
23,2017.0,0.0,Leprosy,All,293.7480996153846,0.0,0.0,,5.686121091951011,3.0480954629689823,0.0,0.0,0.0,293.7480996153846,0.0,49.519,293.7480996153846,293.7480996153846,0.0,293.7480996153846,0.0,0.0,0.0,0.0
24,2017.0,0.0,Leprosy,All,293.7480996153846,0.0,0.0,,5.686121091951011,3.0480954629689823,0.0,0.0,0.0,293.7480996153846,0.0,49.519,293.7480996153846,293.7480996153846,0.0,293.7480996153846,0.0,0.0,0.0,0.0
25,2017.0,0.0,Leprosy,All,293.7480996153846,0.0,0.0,,5.686121091951011,3.0480954629689823,0.0,0.0,0.0,293.7480996153846,0.0,49.519,293.7480996153846,293.7480996153846,0.0,293.7480996153846,0.0,0.0,0.0,0.0
26,2017.0,0.0,Leprosy,All,293.7480996153846,0.0,0.0,,5.686121091951011,3.0480954629689823,0.0,0.0,0.0,293.7480996153846,0.0,49.519,293.7480996153846,293.7480996153846,0.0,293.7480996153846,0.0,0.0,0.0,0.0
27,2017.0,0.0,Leprosy,All,293.7480996153846,0.0,0.0,,5.686121091951011,3.0480954629689823,0.0,0.0,0.0,293.7480996153846,0.0,49.519,293.7480996153846,293.7480996153846,0.0,293.7480996153846,0.0,0.0,0.0,0.0
28,2017.0,0.0,Leprosy,All,293.7480996153846,0.0,0.0,,5.686121091951011,3.0480954629689823,0.0,0.0,0.0,293.7480996153846,0.0,49.519,293.7480996153846,293.7480996153846,0.0,293.7480996153846,0.0,0.0,0.0,0.0
29,2017.0,0.0,Leprosy,All,293.7480996153846,0.0,0.0,,5.686121091951011,3.0480954629689823,0.0,0.0,0.0,293.7480996153846,0.0,49.519,293.7480996153846,293.7480996153846,0.0,293.7480996153846,0.0,0.0,0.0,0.0
30,2017.0,0.0,Leprosy,All,293.7480996153846,0.0,0.0,,5.686121091951011,3.0480954629689823,0.0,0.0,0.0,293.7480996153846,0.0,49.519,293.7480996153846,293.7480996153846,0.0,293.7480996153846,0.0,0.0,0.0,0.0
31,2017.0,0.0,Leprosy,All,293.7480996153846,0.0,0.0,,5.686121091951011,3.0480954629689823,0.0,0.0,0.0,293.7480996153846,0.0,49.519,293.7480996153846,293.7480996153846,0.0,293.7480996153846,0.0,0.0,0.0,0.0
32,2017.0,0.0,Leprosy,All,293.7480996153846,0.0,0.0,,5.686121091951011,3.0480954629689823,0.0,0.0,0.0,293.7480996153846,0.0,49.519,293.7480996153846,293.7480996153846,0.0,293.7480996153846,0.0,0.0,0.0,0.0
33,2017.0,0.0,Leprosy,All,293.7480996153846,0.0,0.0,,5.686121091951011,3.0480954629689823,0.0,0.0,0.0,293.7480996153846,0.0,49.519,293.7480996153846,293.7480996153846,0.0,293.7480996153846,0.0,0.0,0.0,0.0
34,2017.0,0.0,Leprosy,All,293.7480996153846,0.0,0.0,,5.686121091951011,3.0480954629689823,0.0,0.0,0.0,293.7480996153846,0.0,49.519,293.7480996153846,293.7480996153846,0.0,293.7480996153846,0.0,0.0,0.0,0.0
35,2017.0,0.0,Leprosy,All,293.7480996153846,0.0,0.0,,5.686121091951011,3.0480954629689823,0.0,0.0,0.0,293.7480996153846,0.0,49.519,293.7480996153846,293.7480996153846,0.0,293.7480996153846,0.0,0.0,0.0,0.0
36,2017.0,0.0,Leprosy,All,293.7480996153846,0.0,0.0,,5.686121091951011,3.0480954629689823,0.0,0.0,0.0,293.7480996153846,0.0,49.519,293.7480996153846,293.7480996153846,0.0,293.7480996153846,0.0,0.0,0.0,0.0
37,2017.0,0.0,Leprosy,All,293.7480996153846,0.0,0.0,,5.686121091951011,3.0480954629689823,0.0,0.0,0.0,293.7480996153846,0.0,49.519,293.7480996153846,293.7480996153846,0.0,293.7480996153846,0.0,0.0,0.0,0.0
38,2017.0,0.0,Leprosy,All,293.7480996153846,0.0,0.0,,5.686121091951011,3.0480954629689823,0.0,0.0,0.0,293.7480996153846,0.0,49.519,293.7480996153846,293.7480996153846,0.0,293.7480996153846,0.0,0.0,0.0,0.0
39,2017.0,0.0,Leprosy,All,293.7480996153846,0.0,0.0,,5.686121091951011,3.0480954629689823,0.0,0.0,0.0,293.7480996153846,0.0,49.519,293.7480996153846,293.7480996153846,0.0,293.7480996153846,0.0,0.0,0.0,0.0
40,2017.0,0.0,Leprosy,All,293.7480996153846,0.0,0.0,,5.686121091951011,3.0480954629689823,0.0,0.0,0.0,293.7480996153846,0.0,49.519,293.7480996153846,293.7480996153846,0.0,293.7480996153846,0.0,0.0,0.0,0.0
41,2017.0,0.0,Leprosy,All,293.7480996153846,0.0,0.0,,5.686121091951011,3.0480954629689823,0.0,0.0,0.0,293.7480996153846,0.0,49.519,293.7480996153846,293.7480996153846,0.0,293.7480996153846,0.0,0.0,0.0,0.0
42,2017.0,0.0,Leprosy,All,293.7480996153846,0.0,0.0,,5.686121091951011,3.0480954629689823,0.0,0.0,0.0,293.7480996153846,0.0,49.519,293.7480996153846,293.7480996153846,0.0,293.7480996153846,0.0,0.0,0.0,0.0
43,2017.0,0.0,Leprosy,All,293.7480996153846,0.0,0.0,,5.686121091951011,3.0480954629689823,0.0,0.0,0.0,293.7480996153846,0.0,49.519,293.7480996153846,293.7480996153846,0.0,293.7480996153846,0.0,0.0,0.0,0.0
44,2017.0,0.0,Leprosy,All,293.7480996153846,0.0,0.0,,5.686121091951011,3.0480954629689823,0.0,0.0,0.0,293.7480996153846,0.0,49.519,293.7480996153846,293.7480996153846,0.0,293.7480996153846,0.0,0.0,0.0,0.0
45,2017.0,0.0,Leprosy,All,293.7480996153846,0.0,0.0,,5.686121091951011,3.0480954629689823,0.0,0.0,0.0,293.7480996153846,0.0,49.519,293.7480996153846,293.7480996153846,0.0,293.7480996153846,0.0,0.0,0.0,0.0
46,2017.0,0.0,Leprosy,All,293.7480996153846,0.0,0.0,,5.686121091951011,3.0480954629689823,0.0,0.0,0.0,293.7480996153846,0.0,49.519,293.7480996153846,293.7480996153846,0.0,293.7480996153846,0.0,0.0,0.0,0.0
47,2017.0,0.0,Leprosy,All,293.7480996153846,0.0,0.0,,5.686121091951011,3.0480954629689823,0.0,0.0,0.0,293.7480996153846,0.0,49.519,293.7480996153846,293.7480996153846,0.0,293.7480996153846,0.0,0.0,0.0,0.0
48,2017.0,0.0,Leprosy,All,293.7480996153846,0.0,0.0,,5.686121091951011,3.0480954629689823,0.0,0.0,0.0,293.7480996153846,0.0,49.519,293.7480996153846,293.7480996153846,0.0,293.7480996153846,0.0,0.0,0.0,0.0
49,2017.0,0.0,Leprosy,All,293.7480996153846,0.0,0.0,,5.686121091951011,3.0480954629689823,0.0,0.0,0.0,293.7480996153846,0.0,49.519,293.7480996153846,293.7480996153846,0.0,293.7480996153846,0.0,0.0,0.0,0.0
50,2017.0,0.0,Leprosy,All,293.7480996153846,0.0,0.0,,5.686121091951011,3.0480954629689823,0.0,0.0,0.0,293.7480996153846,0.0,49.519,293.7480996153846,293.7480996153846,0.0,293.7480996153846,0.0,0.0,0.0,0.0
51,2017.0,0.0,Leprosy,All,293.7480996153846,0.0,0.0,,5.686121091951011,3.0480954629689823,0.0,0.0,0.0,293.7480996153846,0.0,49.519,293.7480996153846,293.7480996153846,0.0,293.7480996153846,0.0,0.0,0.0,0.0
52,2017.0,0.0,Leprosy,All,293.7480996153846,0.0,0.0,,5.686121091951011,3.0480954629689823,0.0,0.0,0.0,293.7480996153846,0.0,49.519,293.7480996153846,293.7480996153846,0.0,293.7480996153846,0.0,0.0,0.0,0.0
1,2018.0,0.0,Leprosy,All,116.74450423076924,0.0,0.0,,4.7685170586078875,-0.09914769971988442,0.0,0.0,0.0,116.74450423076924,204938755.0,50.344,293.7480996153846,293.7480996153846,0.0,249.49720076923077,88.50179769230766,0.0,-0.6025693293552292,0.056965557456796906
2,2018.0,0.0,Leprosy,All,116.74450423076924,0.0,0.0,,4.7685170586078875,-0.09914769971988442,0.0,0.0,0.0,116.74450423076924,204938755.0,50.344,116.74450423076924,205.2463019230769,0.0,205.2463019230769,102.19307344283926,0.0,0.0,0.056965557456796906
3,2018.0,0.0,Leprosy,All,116.74450423076924,0.0,0.0,,4.7685170586078875,-0.09914769971988442,0.0,0.0,0.0,116.74450423076924,204938755.0,50.344,116.74450423076924,116.74450423076924,0.0,160.99540307692308,88.50179769230763,0.0,0.0,0.056965557456796906
4,2018.0,0.0,Leprosy,All,116.74450423076924,0.0,0.0,,4.7685170586078875,-0.09914769971988442,0.0,0.0,0.0,116.74450423076924,204938755.0,50.344,116.74450423076924,116.74450423076924,0.0,116.74450423076924,0.0,0.0,0.0,0.056965557456796906
5,2018.0,0.0,Leprosy,All,116.74450423076924,0.0,0.0,,4.7685170586078875,-0.09914769971988442,0.0,0.0,0.0,116.74450423076924,204938755.0,50.344,116.74450423076924,116.74450423076924,0.0,116.74450423076924,0.0,0.0,0.0,0.056965557456796906
6,2018.0,0.0,Leprosy,All,116.74450423076924,0.0,0.0,,4.7685170586078875,-0.09914769971988442,0.0,0.0,0.0,116.74450423076924,204938755.0,50.344,116.74450423076924,116.74450423076924,0.0,116.74450423076924,0.0,0.0,0.0,0.056965557456796906
7,2018.0,0.0,Leprosy,All,116.74450423076924,0.0,0.0,,4.7685170586078875,-0.09914769971988442,0.0,0.0,0.0,116.74450423076924,204938755.0,50.344,116.74450423076924,116.74450423076924,0.0,116.74450423076924,0.0,0.0,0.0,0.056965557456796906
8,2018.0,0.0,Leprosy,All,116.74450423076924,0.0,0.0,,4.7685170586078875,-0.09914769971988442,0.0,0.0,0.0,116.74450423076924,204938755.0,50.344,116.74450423076924,116.74450423076924,0.0,116.74450423076924,0.0,0.0,0.0,0.056965557456796906
9,2018.0,0.0,Leprosy,All,116.74450423076924,0.0,0.0,,4.7685170586078875,-0.09914769971988442,0.0,0.0,0.0,116.74450423076924,204938755.0,50.344,116.74450423076924,116.74450423076924,0.0,116.74450423076924,0.0,0.0,0.0,0.056965557456796906
10,2018.0,0.0,Leprosy,All,116.74450423076924,0.0,0.0,,4.7685170586078875,-0.09914769971988442,0.0,0.0,0.0,116.74450423076924,204938755.0,50.344,116.74450423076924,116.74450423076924,0.0,116.74450423076924,0.0,0.0,0.0,0.056965557456796906
11,2018.0,0.0,Leprosy,All,116.74450423076924,0.0,0.0,,4.7685170586078875,-0.09914769971988442,0.0,0.0,0.0,116.74450423076924,204938755.0,50.344,116.74450423076924,116.74450423076924,0.0,116.74450423076924,0.0,0.0,0.0,0.056965557456796906
12,2018.0,0.0,Leprosy,All,116.74450423076924,0.0,0.0,,4.7685170586078875,-0.09914769971988442,0.0,0.0,0.0,116.74450423076924,204938755.0,50.344,116.74450423076924,116.74450423076924,0.0,116.74450423076924,0.0,0.0,0.0,0.056965557456796906
13,2018.0,0.0,Leprosy,All,116.74450423076924,0.0,0.0,,4.7685170586078875,-0.09914769971988442,0.0,0.0,0.0,116.74450423076924,204938755.0,50.344,116.74450423076924,116.74450423076924,0.0,116.74450423076924,0.0,0.0,0.0,0.056965557456796906
14,2018.0,0.0,Leprosy,All,116.74450423076924,0.0,0.0,,4.7685170586078875,-0.09914769971988442,0.0,0.0,0.0,116.74450423076924,204938755.0,50.344,116.74450423076924,116.74450423076924,0.0,116.74450423076924,0.0,0.0,0.0,0.056965557456796906
15,2018.0,0.0,Leprosy,All,116.74450423076924,0.0,0.0,,4.7685170586078875,-0.09914769971988442,0.0,0.0,0.0,116.74450423076924,204938755.0,50.344,116.74450423076924,116.74450423076924,0.0,116.74450423076924,0.0,0.0,0.0,0.056965557456796906
16,2018.0,0.0,Leprosy,All,116.74450423076924,0.0,0.0,,4.7685170586078875,-0.09914769971988442,0.0,0.0,0.0,116.74450423076924,204938755.0,50.344,116.74450423076924,116.74450423076924,0.0,116.74450423076924,0.0,0.0,0.0,0.056965557456796906
17,2018.0,0.0,Leprosy,All,116.74450423076924,0.0,0.0,,4.7685170586078875,-0.09914769971988442,0.0,0.0,0.0,116.74450423076924,204938755.0,50.344,116.74450423076924,116.74450423076924,0.0,116.74450423076924,0.0,0.0,0.0,0.056965557456796906
18,2018.0,0.0,Leprosy,All,116.74450423076924,0.0,0.0,,4.7685170586078875,-0.09914769971988442,0.0,0.0,0.0,116.74450423076924,204938755.0,50.344,116.74450423076924,116.74450423076924,0.0,116.74450423076924,0.0,0.0,0.0,0.056965557456796906
19,2018.0,0.0,Leprosy,All,116.74450423076924,0.0,0.0,,4.7685170586078875,-0.09914769971988442,0.0,0.0,0.0,116.74450423076924,204938755.0,50.344,116.74450423076924,116.74450423076924,0.0,116.74450423076924,0.0,0.0,0.0,0.056965557456796906
20,2018.0,0.0,Leprosy,All,116.74450423076924,0.0,0.0,,4.7685170586078875,-0.09914769971988442,0.0,0.0,0.0,116.74450423076924,204938755.0,50.344,116.74450423076924,116.74450423076924,0.0,116.74450423076924,0.0,0.0,0.0,0.056965557456796906
21,2018.0,0.0,Leprosy,All,116.74450423076924,0.0,0.0,,4.7685170586078875,-0.09914769971988442,0.0,0.0,0.0,116.74450423076924,204938755.0,50.344,116.74450423076924,116.74450423076924,0.0,116.74450423076924,0.0,0.0,0.0,0.056965557456796906
22,2018.0,0.0,Leprosy,All,116.74450423076924,0.0,0.0,,4.7685170586078875,-0.09914769971988442,0.0,0.0,0.0,116.74450423076924,204938755.0,50.344,116.74450423076924,116.74450423076924,0.0,116.74450423076924,0.0,0.0,0.0,0.056965557456796906
23,2018.0,0.0,Leprosy,All,116.74450423076924,0.0,0.0,,4.7685170586078875,-0.09914769971988442,0.0,0.0,0.0,116.74450423076924,204938755.0,50.344,116.74450423076924,116.74450423076924,0.0,116.74450423076924,0.0,0.0,0.0,0.056965557456796906
24,2018.0,0.0,Leprosy,All,116.74450423076924,0.0,0.0,,4.7685170586078875,-0.09914769971988442,0.0,0.0,0.0,116.74450423076924,204938755.0,50.344,116.74450423076924,116.74450423076924,0.0,116.74450423076924,0.0,0.0,0.0,0.056965557456796906
25,2018.0,0.0,Leprosy,All,116.74450423076924,0.0,0.0,,4.7685170586078875,-0.09914769971988442,0.0,0.0,0.0,116.74450423076924,204938755.0,50.344,116.74450423076924,116.74450423076924,0.0,116.74450423076924,0.0,0.0,0.0,0.056965557456796906
26,2018.0,0.0,Leprosy,All,116.74450423076924,0.0,0.0,,4.7685170586078875,-0.09914769971988442,0.0,0.0,0.0,116.74450423076924,204938755.0,50.344,116.74450423076924,116.74450423076924,0.0,116.74450423076924,0.0,0.0,0.0,0.056965557456796906
27,2018.0,0.0,Leprosy,All,116.74450423076924,0.0,0.0,,4.7685170586078875,-0.09914769971988442,0.0,0.0,0.0,116.74450423076924,204938755.0,50.344,116.74450423076924,116.74450423076924,0.0,116.74450423076924,0.0,0.0,0.0,0.056965557456796906
28,2018.0,0.0,Leprosy,All,116.74450423076924,0.0,0.0,,4.7685170586078875,-0.09914769971988442,0.0,0.0,0.0,116.74450423076924,204938755.0,50.344,116.74450423076924,116.74450423076924,0.0,116.74450423076924,0.0,0.0,0.0,0.056965557456796906
29,2018.0,0.0,Leprosy,All,116.74450423076924,0.0,0.0,,4.7685170586078875,-0.09914769971988442,0.0,0.0,0.0,116.74450423076924,204938755.0,50.344,116.74450423076924,116.74450423076924,0.0,116.74450423076924,0.0,0.0,0.0,0.056965557456796906
30,2018.0,0.0,Leprosy,All,116.74450423076924,0.0,0.0,,4.7685170586078875,-0.09914769971988442,0.0,0.0,0.0,116.74450423076924,204938755.0,50.344,116.74450423076924,116.74450423076924,0.0,116.74450423076924,0.0,0.0,0.0,0.056965557456796906
31,2018.0,0.0,Leprosy,All,116.74450423076924,0.0,0.0,,4.7685170586078875,-0.09914769971988442,0.0,0.0,0.0,116.74450423076924,204938755.0,50.344,116.74450423076924,116.74450423076924,0.0,116.74450423076924,0.0,0.0,0.0,0.056965557456796906
32,2018.0,0.0,Leprosy,All,116.74450423076924,0.0,0.0,,4.7685170586078875,-0.09914769971988442,0.0,0.0,0.0,116.74450423076924,204938755.0,50.344,116.74450423076924,116.74450423076924,0.0,116.74450423076924,0.0,0.0,0.0,0.056965557456796906
33,2018.0,0.0,Leprosy,All,116.74450423076924,0.0,0.0,,4.7685170586078875,-0.09914769971988442,0.0,0.0,0.0,116.74450423076924,204938755.0,50.344,116.74450423076924,116.74450423076924,0.0,116.74450423076924,0.0,0.0,0.0,0.056965557456796906
34,2018.0,0.0,Leprosy,All,116.74450423076924,0.0,0.0,,4.7685170586078875,-0.09914769971988442,0.0,0.0,0.0,116.74450423076924,204938755.0,50.344,116.74450423076924,116.74450423076924,0.0,116.74450423076924,0.0,0.0,0.0,0.056965557456796906
35,2018.0,0.0,Leprosy,All,116.74450423076924,0.0,0.0,,4.7685170586078875,-0.09914769971988442,0.0,0.0,0.0,116.74450423076924,204938755.0,50.344,116.74450423076924,116.74450423076924,0.0,116.74450423076924,0.0,0.0,0.0,0.056965557456796906
36,2018.0,0.0,Leprosy,All,116.74450423076924,0.0,0.0,,4.7685170586078875,-0.09914769971988442,0.0,0.0,0.0,116.74450423076924,204938755.0,50.344,116.74450423076924,116.74450423076924,0.0,116.74450423076924,0.0,0.0,0.0,0.056965557456796906
37,2018.0,0.0,Leprosy,All,116.74450423076924,0.0,0.0,,4.7685170586078875,-0.09914769971988442,0.0,0.0,0.0,116.74450423076924,204938755.0,50.344,116.74450423076924,116.74450423076924,0.0,116.74450423076924,0.0,0.0,0.0,0.056965557456796906
38,2018.0,0.0,Leprosy,All,116.74450423076924,0.0,0.0,,4.7685170586078875,-0.09914769971988442,0.0,0.0,0.0,116.74450423076924,204938755.0,50.344,116.74450423076924,116.74450423076924,0.0,116.74450423076924,0.0,0.0,0.0,0.056965557456796906
39,2018.0,0.0,Leprosy,All,116.74450423076924,0.0,0.0,,4.7685170586078875,-0.09914769971988442,0.0,0.0,0.0,116.74450423076924,204938755.0,50.344,116.74450423076924,116.74450423076924,0.0,116.74450423076924,0.0,0.0,0.0,0.056965557456796906
40,2018.0,0.0,Leprosy,All,116.74450423076924,0.0,0.0,,4.7685170586078875,-0.09914769971988442,0.0,0.0,0.0,116.74450423076924,204938755.0,50.344,116.74450423076924,116.74450423076924,0.0,116.74450423076924,0.0,0.0,0.0,0.056965557456796906
41,2018.0,0.0,Leprosy,All,116.74450423076924,0.0,0.0,,4.7685170586078875,-0.09914769971988442,0.0,0.0,0.0,116.74450423076924,204938755.0,50.344,116.74450423076924,116.74450423076924,0.0,116.74450423076924,0.0,0.0,0.0,0.056965557456796906
42,2018.0,0.0,Leprosy,All,116.74450423076924,0.0,0.0,,4.7685170586078875,-0.09914769971988442,0.0,0.0,0.0,116.74450423076924,204938755.0,50.344,116.74450423076924,116.74450423076924,0.0,116.74450423076924,0.0,0.0,0.0,0.056965557456796906
43,2018.0,0.0,Leprosy,All,116.74450423076924,0.0,0.0,,4.7685170586078875,-0.09914769971988442,0.0,0.0,0.0,116.74450423076924,204938755.0,50.344,116.74450423076924,116.74450423076924,0.0,116.74450423076924,0.0,0.0,0.0,0.056965557456796906
44,2018.0,0.0,Leprosy,All,116.74450423076924,0.0,0.0,,4.7685170586078875,-0.09914769971988442,0.0,0.0,0.0,116.74450423076924,204938755.0,50.344,116.74450423076924,116.74450423076924,0.0,116.74450423076924,0.0,0.0,0.0,0.056965557456796906
45,2018.0,0.0,Leprosy,All,116.74450423076924,0.0,0.0,,4.7685170586078875,-0.09914769971988442,0.0,0.0,0.0,116.74450423076924,204938755.0,50.344,116.74450423076924,116.74450423076924,0.0,116.74450423076924,0.0,0.0,0.0,0.056965557456796906
46,2018.0,0.0,Leprosy,All,116.74450423076924,0.0,0.0,,4.7685170586078875,-0.09914769971988442,0.0,0.0,0.0,116.74450423076924,204938755.0,50.344,116.74450423076924,116.74450423076924,0.0,116.74450423076924,0.0,0.0,0.0,0.056965557456796906
47,2018.0,0.0,Leprosy,All,116.74450423076924,0.0,0.0,,4.7685170586078875,-0.09914769971988442,0.0,0.0,0.0,116.74450423076924,204938755.0,50.344,116.74450423076924,116.74450423076924,0.0,116.74450423076924,0.0,0.0,0.0,0.056965557456796906
48,2018.0,0.0,Leprosy,All,116.74450423076924,0.0,0.0,,4.7685170586078875,-0.09914769971988442,0.0,0.0,0.0,116.74450423076924,204938755.0,50.344,116.74450423076924,116.74450423076924,0.0,116.74450423076924,0.0,0.0,0.0,0.056965557456796906
49,2018.0,0.0,Leprosy,All,116.74450423076924,0.0,0.0,,4.7685170586078875,-0.09914769971988442,0.0,0.0,0.0,116.74450423076924,204938755.0,50.344,116.74450423076924,116.74450423076924,0.0,116.74450423076924,0.0,0.0,0.0,0.056965557456796906
50,2018.0,0.0,Leprosy,All,116.74450423076924,0.0,0.0,,4.7685170586078875,-0.09914769971988442,0.0,0.0,0.0,116.74450423076924,204938755.0,50.344,116.74450423076924,116.74450423076924,0.0,116.74450423076924,0.0,0.0,0.0,0.056965557456796906
51,2018.0,0.0,Leprosy,All,116.74450423076924,0.0,0.0,,4.7685170586078875,-0.09914769971988442,0.0,0.0,0.0,116.74450423076924,204938755.0,50.344,116.74450423076924,116.74450423076924,0.0,116.74450423076924,0.0,0.0,0.0,0.056965557456796906
52,2018.0,0.0,Leprosy,All,116.74450423076924,0.0,0.0,,4.7685170586078875,-0.09914769971988442,0.0,0.0,0.0,116.74450423076924,204938755.0,50.344,116.74450423076924,116.74450423076924,0.0,116.74450423076924,0.0,0.0,0.0,0.056965557456796906
1,2019.0,0.0,Leprosy,All,124.41323076923076,0.0,0.0,,4.831614131159748,0.03720742409700431,0.0,0.0,0.0,124.41323076923076,209485641.0,51.157,116.74450423076924,116.74450423076924,0.0,118.66168586538463,3.834363269229363,0.0,0.06568811601874407,0.059389860887520574
2,2019.0,0.0,Leprosy,All,124.41323076923076,0.0,0.0,,4.831614131159748,0.03720742409700431,0.0,0.0,0.0,124.41323076923076,209485641.0,51.157,124.41323076923076,120.5788675,0.0,120.5788675,4.427541331321196,0.0,0.0,0.059389860887520574
3,2019.0,0.0,Leprosy,All,124.41323076923076,0.0,0.0,,4.831614131159748,0.03720742409700431,0.0,0.0,0.0,124.41323076923076,209485641.0,51.157,124.41323076923076,124.41323076923076,0.0,122.49604913461538,3.8343632692294034,0.0,0.0,0.059389860887520574
4,2019.0,0.0,Leprosy,All,124.41323076923076,0.0,0.0,,4.831614131159748,0.03720742409700431,0.0,0.0,0.0,124.41323076923076,209485641.0,51.157,124.41323076923076,124.41323076923076,0.0,124.41323076923076,0.0,0.0,0.0,0.059389860887520574
5,2019.0,0.0,Leprosy,All,124.41323076923076,0.0,0.0,,4.831614131159748,0.03720742409700431,0.0,0.0,0.0,124.41323076923076,209485641.0,51.157,124.41323076923076,124.41323076923076,0.0,124.41323076923076,0.0,0.0,0.0,0.059389860887520574
6,2019.0,0.0,Leprosy,All,124.41323076923076,0.0,0.0,,4.831614131159748,0.03720742409700431,0.0,0.0,0.0,124.41323076923076,209485641.0,51.157,124.41323076923076,124.41323076923076,0.0,124.41323076923076,0.0,0.0,0.0,0.059389860887520574
7,2019.0,0.0,Leprosy,All,124.41323076923076,0.0,0.0,,4.831614131159748,0.03720742409700431,0.0,0.0,0.0,124.41323076923076,209485641.0,51.157,124.41323076923076,124.41323076923076,0.0,124.41323076923076,0.0,0.0,0.0,0.059389860887520574
8,2019.0,0.0,Leprosy,All,124.41323076923076,0.0,0.0,,4.831614131159748,0.03720742409700431,0.0,0.0,0.0,124.41323076923076,209485641.0,51.157,124.41323076923076,124.41323076923076,0.0,124.41323076923076,0.0,0.0,0.0,0.059389860887520574
9,2019.0,0.0,Leprosy,All,124.41323076923076,0.0,0.0,,4.831614131159748,0.03720742409700431,0.0,0.0,0.0,124.41323076923076,209485641.0,51.157,124.41323076923076,124.41323076923076,0.0,124.41323076923076,0.0,0.0,0.0,0.059389860887520574
10,2019.0,0.0,Leprosy,All,124.41323076923076,0.0,0.0,,4.831614131159748,0.03720742409700431,0.0,0.0,0.0,124.41323076923076,209485641.0,51.157,124.41323076923076,124.41323076923076,0.0,124.41323076923076,0.0,0.0,0.0,0.059389860887520574
11,2019.0,0.0,Leprosy,All,124.41323076923076,0.0,0.0,,4.831614131159748,0.03720742409700431,0.0,0.0,0.0,124.41323076923076,209485641.0,51.157,124.41323076923076,124.41323076923076,0.0,124.41323076923076,0.0,0.0,0.0,0.059389860887520574
12,2019.0,0.0,Leprosy,All,124.41323076923076,0.0,0.0,,4.831614131159748,0.03720742409700431,0.0,0.0,0.0,124.41323076923076,209485641.0,51.157,124.41323076923076,124.41323076923076,0.0,124.41323076923076,0.0,0.0,0.0,0.059389860887520574
13,2019.0,0.0,Leprosy,All,124.41323076923076,0.0,0.0,,4.831614131159748,0.03720742409700431,0.0,0.0,0.0,124.41323076923076,209485641.0,51.157,124.41323076923076,124.41323076923076,0.0,124.41323076923076,0.0,0.0,0.0,0.059389860887520574
14,2019.0,0.0,Leprosy,All,124.41323076923076,0.0,0.0,,4.831614131159748,0.03720742409700431,0.0,0.0,0.0,124.41323076923076,209485641.0,51.157,124.41323076923076,124.41323076923076,0.0,124.41323076923076,0.0,0.0,0.0,0.059389860887520574
15,2019.0,0.0,Leprosy,All,124.41323076923076,0.0,0.0,,4.831614131159748,0.03720742409700431,0.0,0.0,0.0,124.41323076923076,209485641.0,51.157,124.41323076923076,124.41323076923076,0.0,124.41323076923076,0.0,0.0,0.0,0.059389860887520574
16,2019.0,0.0,Leprosy,All,124.41323076923076,0.0,0.0,,4.831614131159748,0.03720742409700431,0.0,0.0,0.0,124.41323076923076,209485641.0,51.157,124.41323076923076,124.41323076923076,0.0,124.41323076923076,0.0,0.0,0.0,0.059389860887520574
17,2019.0,0.0,Leprosy,All,124.41323076923076,0.0,0.0,,4.831614131159748,0.03720742409700431,0.0,0.0,0.0,124.41323076923076,209485641.0,51.157,124.41323076923076,124.41323076923076,0.0,124.41323076923076,0.0,0.0,0.0,0.059389860887520574
18,2019.0,0.0,Leprosy,All,124.41323076923076,0.0,0.0,,4.831614131159748,0.03720742409700431,0.0,0.0,0.0,124.41323076923076,209485641.0,51.157,124.41323076923076,124.41323076923076,0.0,124.41323076923076,0.0,0.0,0.0,0.059389860887520574
19,2019.0,0.0,Leprosy,All,124.41323076923076,0.0,0.0,,4.831614131159748,0.03720742409700431,0.0,0.0,0.0,124.41323076923076,209485641.0,51.157,124.41323076923076,124.41323076923076,0.0,124.41323076923076,0.0,0.0,0.0,0.059389860887520574
20,2019.0,0.0,Leprosy,All,124.41323076923076,0.0,0.0,,4.831614131159748,0.03720742409700431,0.0,0.0,0.0,124.41323076923076,209485641.0,51.157,124.41323076923076,124.41323076923076,0.0,124.41323076923076,0.0,0.0,0.0,0.059389860887520574
21,2019.0,0.0,Leprosy,All,124.41323076923076,0.0,0.0,,4.831614131159748,0.03720742409700431,0.0,0.0,0.0,124.41323076923076,209485641.0,51.157,124.41323076923076,124.41323076923076,0.0,124.41323076923076,0.0,0.0,0.0,0.059389860887520574
22,2019.0,0.0,Leprosy,All,124.41323076923076,0.0,0.0,,4.831614131159748,0.03720742409700431,0.0,0.0,0.0,124.41323076923076,209485641.0,51.157,124.41323076923076,124.41323076923076,0.0,124.41323076923076,0.0,0.0,0.0,0.059389860887520574
23,2019.0,0.0,Leprosy,All,124.41323076923076,0.0,0.0,,4.831614131159748,0.03720742409700431,0.0,0.0,0.0,124.41323076923076,209485641.0,51.157,124.41323076923076,124.41323076923076,0.0,124.41323076923076,0.0,0.0,0.0,0.059389860887520574
24,2019.0,0.0,Leprosy,All,124.41323076923076,0.0,0.0,,4.831614131159748,0.03720742409700431,0.0,0.0,0.0,124.41323076923076,209485641.0,51.157,124.41323076923076,124.41323076923076,0.0,124.41323076923076,0.0,0.0,0.0,0.059389860887520574
25,2019.0,0.0,Leprosy,All,124.41323076923076,0.0,0.0,,4.831614131159748,0.03720742409700431,0.0,0.0,0.0,124.41323076923076,209485641.0,51.157,124.41323076923076,124.41323076923076,0.0,124.41323076923076,0.0,0.0,0.0,0.059389860887520574
26,2019.0,0.0,Leprosy,All,124.41323076923076,0.0,0.0,,4.831614131159748,0.03720742409700431,0.0,0.0,0.0,124.41323076923076,209485641.0,51.157,124.41323076923076,124.41323076923076,0.0,124.41323076923076,0.0,0.0,0.0,0.059389860887520574
27,2019.0,0.0,Leprosy,All,124.41323076923076,0.0,0.0,,4.831614131159748,0.03720742409700431,0.0,0.0,0.0,124.41323076923076,209485641.0,51.157,124.41323076923076,124.41323076923076,0.0,124.41323076923076,0.0,0.0,0.0,0.059389860887520574
28,2019.0,0.0,Leprosy,All,124.41323076923076,0.0,0.0,,4.831614131159748,0.03720742409700431,0.0,0.0,0.0,124.41323076923076,209485641.0,51.157,124.41323076923076,124.41323076923076,0.0,124.41323076923076,0.0,0.0,0.0,0.059389860887520574
29,2019.0,0.0,Leprosy,All,124.41323076923076,0.0,0.0,,4.831614131159748,0.03720742409700431,0.0,0.0,0.0,124.41323076923076,209485641.0,51.157,124.41323076923076,124.41323076923076,0.0,124.41323076923076,0.0,0.0,0.0,0.059389860887520574
30,2019.0,0.0,Leprosy,All,124.41323076923076,0.0,0.0,,4.831614131159748,0.03720742409700431,0.0,0.0,0.0,124.41323076923076,209485641.0,51.157,124.41323076923076,124.41323076923076,0.0,124.41323076923076,0.0,0.0,0.0,0.059389860887520574
31,2019.0,0.0,Leprosy,All,124.41323076923076,0.0,0.0,,4.831614131159748,0.03720742409700431,0.0,0.0,0.0,124.41323076923076,209485641.0,51.157,124.41323076923076,124.41323076923076,0.0,124.41323076923076,0.0,0.0,0.0,0.059389860887520574
32,2019.0,0.0,Leprosy,All,124.41323076923076,0.0,0.0,,4.831614131159748,0.03720742409700431,0.0,0.0,0.0,124.41323076923076,209485641.0,51.157,124.41323076923076,124.41323076923076,0.0,124.41323076923076,0.0,0.0,0.0,0.059389860887520574
33,2019.0,0.0,Leprosy,All,124.41323076923076,0.0,0.0,,4.831614131159748,0.03720742409700431,0.0,0.0,0.0,124.41323076923076,209485641.0,51.157,124.41323076923076,124.41323076923076,0.0,124.41323076923076,0.0,0.0,0.0,0.059389860887520574
34,2019.0,0.0,Leprosy,All,124.41323076923076,0.0,0.0,,4.831614131159748,0.03720742409700431,0.0,0.0,0.0,124.41323076923076,209485641.0,51.157,124.41323076923076,124.41323076923076,0.0,124.41323076923076,0.0,0.0,0.0,0.059389860887520574
35,2019.0,0.0,Leprosy,All,124.41323076923076,0.0,0.0,,4.831614131159748,0.03720742409700431,0.0,0.0,0.0,124.41323076923076,209485641.0,51.157,124.41323076923076,124.41323076923076,0.0,124.41323076923076,0.0,0.0,0.0,0.059389860887520574
36,2019.0,0.0,Leprosy,All,124.41323076923076,0.0,0.0,,4.831614131159748,0.03720742409700431,0.0,0.0,0.0,124.41323076923076,209485641.0,51.157,124.41323076923076,124.41323076923076,0.0,124.41323076923076,0.0,0.0,0.0,0.059389860887520574
37,2019.0,0.0,Leprosy,All,124.41323076923076,0.0,0.0,,4.831614131159748,0.03720742409700431,0.0,0.0,0.0,124.41323076923076,209485641.0,51.157,124.41323076923076,124.41323076923076,0.0,124.41323076923076,0.0,0.0,0.0,0.059389860887520574
38,2019.0,0.0,Leprosy,All,124.41323076923076,0.0,0.0,,4.831614131159748,0.03720742409700431,0.0,0.0,0.0,124.41323076923076,209485641.0,51.157,124.41323076923076,124.41323076923076,0.0,124.41323076923076,0.0,0.0,0.0,0.059389860887520574
39,2019.0,0.0,Leprosy,All,124.41323076923076,0.0,0.0,,4.831614131159748,0.03720742409700431,0.0,0.0,0.0,124.41323076923076,209485641.0,51.157,124.41323076923076,124.41323076923076,0.0,124.41323076923076,0.0,0.0,0.0,0.059389860887520574
40,2019.0,0.0,Leprosy,All,124.41323076923076,0.0,0.0,,4.831614131159748,0.03720742409700431,0.0,0.0,0.0,124.41323076923076,209485641.0,51.157,124.41323076923076,124.41323076923076,0.0,124.41323076923076,0.0,0.0,0.0,0.059389860887520574
41,2019.0,0.0,Leprosy,All,124.41323076923076,0.0,0.0,,4.831614131159748,0.03720742409700431,0.0,0.0,0.0,124.41323076923076,209485641.0,51.157,124.41323076923076,124.41323076923076,0.0,124.41323076923076,0.0,0.0,0.0,0.059389860887520574
42,2019.0,0.0,Leprosy,All,124.41323076923076,0.0,0.0,,4.831614131159748,0.03720742409700431,0.0,0.0,0.0,124.41323076923076,209485641.0,51.157,124.41323076923076,124.41323076923076,0.0,124.41323076923076,0.0,0.0,0.0,0.059389860887520574
43,2019.0,0.0,Leprosy,All,124.41323076923076,0.0,0.0,,4.831614131159748,0.03720742409700431,0.0,0.0,0.0,124.41323076923076,209485641.0,51.157,124.41323076923076,124.41323076923076,0.0,124.41323076923076,0.0,0.0,0.0,0.059389860887520574
44,2019.0,0.0,Leprosy,All,124.41323076923076,0.0,0.0,,4.831614131159748,0.03720742409700431,0.0,0.0,0.0,124.41323076923076,209485641.0,51.157,124.41323076923076,124.41323076923076,0.0,124.41323076923076,0.0,0.0,0.0,0.059389860887520574
45,2019.0,0.0,Leprosy,All,124.41323076923076,0.0,0.0,,4.831614131159748,0.03720742409700431,0.0,0.0,0.0,124.41323076923076,209485641.0,51.157,124.41323076923076,124.41323076923076,0.0,124.41323076923076,0.0,0.0,0.0,0.059389860887520574
46,2019.0,0.0,Leprosy,All,124.41323076923076,0.0,0.0,,4.831614131159748,0.03720742409700431,0.0,0.0,0.0,124.41323076923076,209485641.0,51.157,124.41323076923076,124.41323076923076,0.0,124.41323076923076,0.0,0.0,0.0,0.059389860887520574
47,2019.0,0.0,Leprosy,All,124.41323076923076,0.0,0.0,,4.831614131159748,0.03720742409700431,0.0,0.0,0.0,124.41323076923076,209485641.0,51.157,124.41323076923076,124.41323076923076,0.0,124.41323076923076,0.0,0.0,0.0,0.059389860887520574
48,2019.0,0.0,Leprosy,All,124.41323076923076,0.0,0.0,,4.831614131159748,0.03720742409700431,0.0,0.0,0.0,124.41323076923076,209485641.0,51.157,124.41323076923076,124.41323076923076,0.0,124.41323076923076,0.0,0.0,0.0,0.059389860887520574
49,2019.0,0.0,Leprosy,All,124.41323076923076,0.0,0.0,,4.831614131159748,0.03720742409700431,0.0,0.0,0.0,124.41323076923076,209485641.0,51.157,124.41323076923076,124.41323076923076,0.0,124.41323076923076,0.0,0.0,0.0,0.059389860887520574
50,2019.0,0.0,Leprosy,All,124.41323076923076,0.0,0.0,,4.831614131159748,0.03720742409700431,0.0,0.0,0.0,124.41323076923076,209485641.0,51.157,124.41323076923076,124.41323076923076,0.0,124.41323076923076,0.0,0.0,0.0,0.059389860887520574
51,2019.0,0.0,Leprosy,All,124.41323076923076,0.0,0.0,,4.831614131159748,0.03720742409700431,0.0,0.0,0.0,124.41323076923076,209485641.0,51.157,124.41323076923076,124.41323076923076,0.0,124.41323076923076,0.0,0.0,0.0,0.059389860887520574
52,2019.0,0.0,Leprosy,All,124.41323076923076,0.0,0.0,,4.831614131159748,0.03720742409700431,0.0,0.0,0.0,124.41323076923076,209485641.0,51.157,124.41323076923076,124.41323076923076,0.0,124.41323076923076,0.0,0.0,0.0,0.059389860887520574
1,2020.0,0.0,Leprosy,All,29.747,0.0,0.0,,3.4257924285175356,-1.6460219299655052,0.0,0.0,0.0,29.747,213996181.0,51.958,124.41323076923076,124.41323076923076,0.0,100.74667307692307,47.33311538461526,0.0,-0.7609016354926387,0.013900715359027833
2,2020.0,0.0,Leprosy,All,29.747,0.0,0.0,,3.4257924285175356,-1.6460219299655052,0.0,0.0,0.0,29.747,213996181.0,51.958,29.747,77.08011538461538,0.0,77.08011538461537,54.65557381778251,0.0,0.0,0.013900715359027833
3,2020.0,0.0,Leprosy,All,29.747,0.0,0.0,,3.4257924285175356,-1.6460219299655052,0.0,0.0,0.0,29.747,213996181.0,51.958,29.747,29.747,0.0,53.41355769230769,47.33311538461525,0.0,0.0,0.013900715359027833
4,2020.0,0.0,Leprosy,All,29.747,0.0,0.0,,3.4257924285175356,-1.6460219299655052,0.0,0.0,0.0,29.747,213996181.0,51.958,29.747,29.747,0.0,29.747,0.0,0.0,0.0,0.013900715359027833
5,2020.0,0.0,Leprosy,All,29.747,0.0,0.0,,3.4257924285175356,-1.6460219299655052,0.0,0.0,0.0,29.747,213996181.0,51.958,29.747,29.747,0.0,29.747,0.0,0.0,0.0,0.013900715359027833
6,2020.0,0.0,Leprosy,All,29.747,0.0,0.0,,3.4257924285175356,-1.6460219299655052,0.0,0.0,0.0,29.747,213996181.0,51.958,29.747,29.747,0.0,29.747,0.0,0.0,0.0,0.013900715359027833
7,2020.0,0.0,Leprosy,All,29.747,0.0,0.0,,3.4257924285175356,-1.6460219299655052,0.0,0.0,0.0,29.747,213996181.0,51.958,29.747,29.747,0.0,29.747,0.0,0.0,0.0,0.013900715359027833
8,2020.0,0.0,Leprosy,All,29.747,0.0,0.0,,3.4257924285175356,-1.6460219299655052,0.0,0.0,0.0,29.747,213996181.0,51.958,29.747,29.747,0.0,29.747,0.0,0.0,0.0,0.013900715359027833
9,2020.0,0.0,Leprosy,All,29.747,0.0,0.0,,3.4257924285175356,-1.6460219299655052,0.0,0.0,0.0,29.747,213996181.0,51.958,29.747,29.747,0.0,29.747,0.0,0.0,0.0,0.013900715359027833
10,2020.0,0.0,Leprosy,All,29.747,0.0,0.0,,3.4257924285175356,-1.6460219299655052,0.0,0.0,0.0,29.747,213996181.0,51.958,29.747,29.747,0.0,29.747,0.0,0.0,0.0,0.013900715359027833
11,2020.0,0.0,Leprosy,All,29.747,0.0,0.0,,3.4257924285175356,-1.6460219299655052,0.0,0.0,0.0,29.747,213996181.0,51.958,29.747,29.747,0.0,29.747,0.0,0.0,0.0,0.013900715359027833
12,2020.0,0.0,Leprosy,All,29.747,0.0,0.0,,3.4257924285175356,-1.6460219299655052,0.0,0.0,0.0,29.747,213996181.0,51.958,29.747,29.747,0.0,29.747,0.0,0.0,0.0,0.013900715359027833
13,2020.0,0.0,Leprosy,All,29.747,0.0,0.0,,3.4257924285175356,-1.6460219299655052,0.0,0.0,0.0,29.747,213996181.0,51.958,29.747,29.747,0.0,29.747,0.0,0.0,0.0,0.013900715359027833
14,2020.0,0.0,Leprosy,All,29.747,0.0,0.0,,3.4257924285175356,-1.6460219299655052,0.0,0.0,0.0,29.747,213996181.0,51.958,29.747,29.747,0.0,29.747,0.0,0.0,0.0,0.013900715359027833
15,2020.0,0.0,Leprosy,All,29.747,0.0,0.0,,3.4257924285175356,-1.6460219299655052,0.0,0.0,0.0,29.747,213996181.0,51.958,29.747,29.747,0.0,29.747,0.0,0.0,0.0,0.013900715359027833
16,2020.0,0.0,Leprosy,All,29.747,0.0,0.0,,3.4257924285175356,-1.6460219299655052,0.0,0.0,0.0,29.747,213996181.0,51.958,29.747,29.747,0.0,29.747,0.0,0.0,0.0,0.013900715359027833
17,2020.0,0.0,Leprosy,All,29.747,0.0,0.0,,3.4257924285175356,-1.6460219299655052,0.0,0.0,0.0,29.747,213996181.0,51.958,29.747,29.747,0.0,29.747,0.0,0.0,0.0,0.013900715359027833
18,2020.0,0.0,Leprosy,All,29.747,0.0,0.0,,3.4257924285175356,-1.6460219299655052,0.0,0.0,0.0,29.747,213996181.0,51.958,29.747,29.747,0.0,29.747,0.0,0.0,0.0,0.013900715359027833
19,2020.0,0.0,Leprosy,All,29.747,0.0,0.0,,3.4257924285175356,-1.6460219299655052,0.0,0.0,0.0,29.747,213996181.0,51.958,29.747,29.747,0.0,29.747,0.0,0.0,0.0,0.013900715359027833
20,2020.0,0.0,Leprosy,All,29.747,0.0,0.0,,3.4257924285175356,-1.6460219299655052,0.0,0.0,0.0,29.747,213996181.0,51.958,29.747,29.747,0.0,29.747,0.0,0.0,0.0,0.013900715359027833
21,2020.0,0.0,Leprosy,All,29.747,0.0,0.0,,3.4257924285175356,-1.6460219299655052,0.0,0.0,0.0,29.747,213996181.0,51.958,29.747,29.747,0.0,29.747,0.0,0.0,0.0,0.013900715359027833
22,2020.0,0.0,Leprosy,All,29.747,0.0,0.0,,3.4257924285175356,-1.6460219299655052,0.0,0.0,0.0,29.747,213996181.0,51.958,29.747,29.747,0.0,29.747,0.0,0.0,0.0,0.013900715359027833
23,2020.0,0.0,Leprosy,All,29.747,0.0,0.0,,3.4257924285175356,-1.6460219299655052,0.0,0.0,0.0,29.747,213996181.0,51.958,29.747,29.747,0.0,29.747,0.0,0.0,0.0,0.013900715359027833
24,2020.0,0.0,Leprosy,All,29.747,0.0,0.0,,3.4257924285175356,-1.6460219299655052,0.0,0.0,0.0,29.747,213996181.0,51.958,29.747,29.747,0.0,29.747,0.0,0.0,0.0,0.013900715359027833
25,2020.0,0.0,Leprosy,All,29.747,0.0,0.0,,3.4257924285175356,-1.6460219299655052,0.0,0.0,0.0,29.747,213996181.0,51.958,29.747,29.747,0.0,29.747,0.0,0.0,0.0,0.013900715359027833
26,2020.0,0.0,Leprosy,All,29.747,0.0,0.0,,3.4257924285175356,-1.6460219299655052,0.0,0.0,0.0,29.747,213996181.0,51.958,29.747,29.747,0.0,29.747,0.0,0.0,0.0,0.013900715359027833
27,2020.0,0.0,Leprosy,All,29.747,0.0,0.0,,3.4257924285175356,-1.6460219299655052,0.0,0.0,0.0,29.747,213996181.0,51.958,29.747,29.747,0.0,29.747,0.0,0.0,0.0,0.013900715359027833
28,2020.0,0.0,Leprosy,All,29.747,0.0,0.0,,3.4257924285175356,-1.6460219299655052,0.0,0.0,0.0,29.747,213996181.0,51.958,29.747,29.747,0.0,29.747,0.0,0.0,0.0,0.013900715359027833
29,2020.0,0.0,Leprosy,All,29.747,0.0,0.0,,3.4257924285175356,-1.6460219299655052,0.0,0.0,0.0,29.747,213996181.0,51.958,29.747,29.747,0.0,29.747,0.0,0.0,0.0,0.013900715359027833
30,2020.0,0.0,Leprosy,All,29.747,0.0,0.0,,3.4257924285175356,-1.6460219299655052,0.0,0.0,0.0,29.747,213996181.0,51.958,29.747,29.747,0.0,29.747,0.0,0.0,0.0,0.013900715359027833
31,2020.0,0.0,Leprosy,All,29.747,0.0,0.0,,3.4257924285175356,-1.6460219299655052,0.0,0.0,0.0,29.747,213996181.0,51.958,29.747,29.747,0.0,29.747,0.0,0.0,0.0,0.013900715359027833
32,2020.0,0.0,Leprosy,All,29.747,0.0,0.0,,3.4257924285175356,-1.6460219299655052,0.0,0.0,0.0,29.747,213996181.0,51.958,29.747,29.747,0.0,29.747,0.0,0.0,0.0,0.013900715359027833
33,2020.0,0.0,Leprosy,All,29.747,0.0,0.0,,3.4257924285175356,-1.6460219299655052,0.0,0.0,0.0,29.747,213996181.0,51.958,29.747,29.747,0.0,29.747,0.0,0.0,0.0,0.013900715359027833
34,2020.0,0.0,Leprosy,All,29.747,0.0,0.0,,3.4257924285175356,-1.6460219299655052,0.0,0.0,0.0,29.747,213996181.0,51.958,29.747,29.747,0.0,29.747,0.0,0.0,0.0,0.013900715359027833
35,2020.0,0.0,Leprosy,All,29.747,0.0,0.0,,3.4257924285175356,-1.6460219299655052,0.0,0.0,0.0,29.747,213996181.0,51.958,29.747,29.747,0.0,29.747,0.0,0.0,0.0,0.013900715359027833
36,2020.0,0.0,Leprosy,All,29.747,0.0,0.0,,3.4257924285175356,-1.6460219299655052,0.0,0.0,0.0,29.747,213996181.0,51.958,29.747,29.747,0.0,29.747,0.0,0.0,0.0,0.013900715359027833
37,2020.0,0.0,Leprosy,All,29.747,0.0,0.0,,3.4257924285175356,-1.6460219299655052,0.0,0.0,0.0,29.747,213996181.0,51.958,29.747,29.747,0.0,29.747,0.0,0.0,0.0,0.013900715359027833
38,2020.0,0.0,Leprosy,All,29.747,0.0,0.0,,3.4257924285175356,-1.6460219299655052,0.0,0.0,0.0,29.747,213996181.0,51.958,29.747,29.747,0.0,29.747,0.0,0.0,0.0,0.013900715359027833
39,2020.0,0.0,Leprosy,All,29.747,0.0,0.0,,3.4257924285175356,-1.6460219299655052,0.0,0.0,0.0,29.747,213996181.0,51.958,29.747,29.747,0.0,29.747,0.0,0.0,0.0,0.013900715359027833
40,2020.0,0.0,Leprosy,All,29.747,0.0,0.0,,3.4257924285175356,-1.6460219299655052,0.0,0.0,0.0,29.747,213996181.0,51.958,29.747,29.747,0.0,29.747,0.0,0.0,0.0,0.013900715359027833
41,2020.0,0.0,Leprosy,All,29.747,0.0,0.0,,3.4257924285175356,-1.6460219299655052,0.0,0.0,0.0,29.747,213996181.0,51.958,29.747,29.747,0.0,29.747,0.0,0.0,0.0,0.013900715359027833
42,2020.0,0.0,Leprosy,All,29.747,0.0,0.0,,3.4257924285175356,-1.6460219299655052,0.0,0.0,0.0,29.747,213996181.0,51.958,29.747,29.747,0.0,29.747,0.0,0.0,0.0,0.013900715359027833
43,2020.0,0.0,Leprosy,All,29.747,0.0,0.0,,3.4257924285175356,-1.6460219299655052,0.0,0.0,0.0,29.747,213996181.0,51.958,29.747,29.747,0.0,29.747,0.0,0.0,0.0,0.013900715359027833
44,2020.0,0.0,Leprosy,All,29.747,0.0,0.0,,3.4257924285175356,-1.6460219299655052,0.0,0.0,0.0,29.747,213996181.0,51.958,29.747,29.747,0.0,29.747,0.0,0.0,0.0,0.013900715359027833
45,2020.0,0.0,Leprosy,All,29.747,0.0,0.0,,3.4257924285175356,-1.6460219299655052,0.0,0.0,0.0,29.747,213996181.0,51.958,29.747,29.747,0.0,29.747,0.0,0.0,0.0,0.013900715359027833
46,2020.0,0.0,Leprosy,All,29.747,0.0,0.0,,3.4257924285175356,-1.6460219299655052,0.0,0.0,0.0,29.747,213996181.0,51.958,29.747,29.747,0.0,29.747,0.0,0.0,0.0,0.013900715359027833
47,2020.0,0.0,Leprosy,All,29.747,0.0,0.0,,3.4257924285175356,-1.6460219299655052,0.0,0.0,0.0,29.747,213996181.0,51.958,29.747,29.747,0.0,29.747,0.0,0.0,0.0,0.013900715359027833
48,2020.0,0.0,Leprosy,All,29.747,0.0,0.0,,3.4257924285175356,-1.6460219299655052,0.0,0.0,0.0,29.747,213996181.0,51.958,29.747,29.747,0.0,29.747,0.0,0.0,0.0,0.013900715359027833
49,2020.0,0.0,Leprosy,All,29.747,0.0,0.0,,3.4257924285175356,-1.6460219299655052,0.0,0.0,0.0,29.747,213996181.0,51.958,29.747,29.747,0.0,29.747,0.0,0.0,0.0,0.013900715359027833
50,2020.0,0.0,Leprosy,All,29.747,0.0,0.0,,3.4257924285175356,-1.6460219299655052,0.0,0.0,0.0,29.747,213996181.0,51.958,29.747,29.747,0.0,29.747,0.0,0.0,0.0,0.013900715359027833
51,2020.0,0.0,Leprosy,All,29.747,0.0,0.0,,3.4257924285175356,-1.6460219299655052,0.0,0.0,0.0,29.747,213996181.0,51.958,29.747,29.747,0.0,29.747,0.0,0.0,0.0,0.013900715359027833
52,2020.0,0.0,Leprosy,All,29.747,0.0,0.0,,3.4257924285175356,-1.6460219299655052,0.0,0.0,0.0,29.747,213996181.0,51.958,29.747,29.747,0.0,29.747,0.0,0.0,0.0,0.013900715359027833
1,2021.0,0.0,Leprosy,All,93.24609615384615,0.0,0.0,,4.54590940535194,-0.5169652248016207,0.0,0.0,0.0,93.24609615384615,218529286.0,52.746,29.747,29.747,0.0,45.62177403846154,31.749548076922874,0.0,2.1346386578090617,0.042669839754954475
2,2021.0,0.0,Leprosy,All,93.24609615384615,0.0,0.0,,4.54590940535194,-0.5169652248016207,0.0,0.0,0.0,93.24609615384615,218529286.0,52.746,93.24609615384615,61.49654807692308,0.0,61.49654807692308,36.661220257720835,0.0,0.0,0.042669839754954475
3,2021.0,0.0,Leprosy,All,93.24609615384615,0.0,0.0,,4.54590940535194,-0.5169652248016207,0.0,0.0,0.0,93.24609615384615,218529286.0,52.746,93.24609615384615,93.24609615384615,0.0,77.37132211538461,31.749548076922895,0.0,0.0,0.042669839754954475
4,2021.0,0.0,Leprosy,All,93.24609615384615,0.0,0.0,,4.54590940535194,-0.5169652248016207,0.0,0.0,0.0,93.24609615384615,218529286.0,52.746,93.24609615384615,93.24609615384615,0.0,93.24609615384615,0.0,0.0,0.0,0.042669839754954475
5,2021.0,0.0,Leprosy,All,93.24609615384615,0.0,0.0,,4.54590940535194,-0.5169652248016207,0.0,0.0,0.0,93.24609615384615,218529286.0,52.746,93.24609615384615,93.24609615384615,0.0,93.24609615384615,0.0,0.0,0.0,0.042669839754954475
6,2021.0,0.0,Leprosy,All,93.24609615384615,0.0,0.0,,4.54590940535194,-0.5169652248016207,0.0,0.0,0.0,93.24609615384615,218529286.0,52.746,93.24609615384615,93.24609615384615,0.0,93.24609615384615,0.0,0.0,0.0,0.042669839754954475
7,2021.0,0.0,Leprosy,All,93.24609615384615,0.0,0.0,,4.54590940535194,-0.5169652248016207,0.0,0.0,0.0,93.24609615384615,218529286.0,52.746,93.24609615384615,93.24609615384615,0.0,93.24609615384615,0.0,0.0,0.0,0.042669839754954475
8,2021.0,0.0,Leprosy,All,93.24609615384615,0.0,0.0,,4.54590940535194,-0.5169652248016207,0.0,0.0,0.0,93.24609615384615,218529286.0,52.746,93.24609615384615,93.24609615384615,0.0,93.24609615384615,0.0,0.0,0.0,0.042669839754954475
9,2021.0,0.0,Leprosy,All,93.24609615384615,0.0,0.0,,4.54590940535194,-0.5169652248016207,0.0,0.0,0.0,93.24609615384615,218529286.0,52.746,93.24609615384615,93.24609615384615,0.0,93.24609615384615,0.0,0.0,0.0,0.042669839754954475
10,2021.0,0.0,Leprosy,All,93.24609615384615,0.0,0.0,,4.54590940535194,-0.5169652248016207,0.0,0.0,0.0,93.24609615384615,218529286.0,52.746,93.24609615384615,93.24609615384615,0.0,93.24609615384615,0.0,0.0,0.0,0.042669839754954475
11,2021.0,0.0,Leprosy,All,93.24609615384615,0.0,0.0,,4.54590940535194,-0.5169652248016207,0.0,0.0,0.0,93.24609615384615,218529286.0,52.746,93.24609615384615,93.24609615384615,0.0,93.24609615384615,0.0,0.0,0.0,0.042669839754954475
12,2021.0,0.0,Leprosy,All,93.24609615384615,0.0,0.0,,4.54590940535194,-0.5169652248016207,0.0,0.0,0.0,93.24609615384615,218529286.0,52.746,93.24609615384615,93.24609615384615,0.0,93.24609615384615,0.0,0.0,0.0,0.042669839754954475
13,2021.0,0.0,Leprosy,All,93.24609615384615,0.0,0.0,,4.54590940535194,-0.5169652248016207,0.0,0.0,0.0,93.24609615384615,218529286.0,52.746,93.24609615384615,93.24609615384615,0.0,93.24609615384615,0.0,0.0,0.0,0.042669839754954475
14,2021.0,0.0,Leprosy,All,93.24609615384615,0.0,0.0,,4.54590940535194,-0.5169652248016207,0.0,0.0,0.0,93.24609615384615,218529286.0,52.746,93.24609615384615,93.24609615384615,0.0,93.24609615384615,0.0,0.0,0.0,0.042669839754954475
15,2021.0,0.0,Leprosy,All,93.24609615384615,0.0,0.0,,4.54590940535194,-0.5169652248016207,0.0,0.0,0.0,93.24609615384615,218529286.0,52.746,93.24609615384615,93.24609615384615,0.0,93.24609615384615,0.0,0.0,0.0,0.042669839754954475
16,2021.0,0.0,Leprosy,All,93.24609615384615,0.0,0.0,,4.54590940535194,-0.5169652248016207,0.0,0.0,0.0,93.24609615384615,218529286.0,52.746,93.24609615384615,93.24609615384615,0.0,93.24609615384615,0.0,0.0,0.0,0.042669839754954475
17,2021.0,0.0,Leprosy,All,93.24609615384615,0.0,0.0,,4.54590940535194,-0.5169652248016207,0.0,0.0,0.0,93.24609615384615,218529286.0,52.746,93.24609615384615,93.24609615384615,0.0,93.24609615384615,0.0,0.0,0.0,0.042669839754954475
18,2021.0,0.0,Leprosy,All,93.24609615384615,0.0,0.0,,4.54590940535194,-0.5169652248016207,0.0,0.0,0.0,93.24609615384615,218529286.0,52.746,93.24609615384615,93.24609615384615,0.0,93.24609615384615,0.0,0.0,0.0,0.042669839754954475
19,2021.0,0.0,Leprosy,All,93.24609615384615,0.0,0.0,,4.54590940535194,-0.5169652248016207,0.0,0.0,0.0,93.24609615384615,218529286.0,52.746,93.24609615384615,93.24609615384615,0.0,93.24609615384615,0.0,0.0,0.0,0.042669839754954475
20,2021.0,0.0,Leprosy,All,93.24609615384615,0.0,0.0,,4.54590940535194,-0.5169652248016207,0.0,0.0,0.0,93.24609615384615,218529286.0,52.746,93.24609615384615,93.24609615384615,0.0,93.24609615384615,0.0,0.0,0.0,0.042669839754954475
21,2021.0,0.0,Leprosy,All,93.24609615384615,0.0,0.0,,4.54590940535194,-0.5169652248016207,0.0,0.0,0.0,93.24609615384615,218529286.0,52.746,93.24609615384615,93.24609615384615,0.0,93.24609615384615,0.0,0.0,0.0,0.042669839754954475
22,2021.0,0.0,Leprosy,All,93.24609615384615,0.0,0.0,,4.54590940535194,-0.5169652248016207,0.0,0.0,0.0,93.24609615384615,218529286.0,52.746,93.24609615384615,93.24609615384615,0.0,93.24609615384615,0.0,0.0,0.0,0.042669839754954475
23,2021.0,0.0,Leprosy,All,93.24609615384615,0.0,0.0,,4.54590940535194,-0.5169652248016207,0.0,0.0,0.0,93.24609615384615,218529286.0,52.746,93.24609615384615,93.24609615384615,0.0,93.24609615384615,0.0,0.0,0.0,0.042669839754954475
24,2021.0,0.0,Leprosy,All,93.24609615384615,0.0,0.0,,4.54590940535194,-0.5169652248016207,0.0,0.0,0.0,93.24609615384615,218529286.0,52.746,93.24609615384615,93.24609615384615,0.0,93.24609615384615,0.0,0.0,0.0,0.042669839754954475
25,2021.0,0.0,Leprosy,All,93.24609615384615,0.0,0.0,,4.54590940535194,-0.5169652248016207,0.0,0.0,0.0,93.24609615384615,218529286.0,52.746,93.24609615384615,93.24609615384615,0.0,93.24609615384615,0.0,0.0,0.0,0.042669839754954475
26,2021.0,0.0,Leprosy,All,93.24609615384615,0.0,0.0,,4.54590940535194,-0.5169652248016207,0.0,0.0,0.0,93.24609615384615,218529286.0,52.746,93.24609615384615,93.24609615384615,0.0,93.24609615384615,0.0,0.0,0.0,0.042669839754954475
27,2021.0,0.0,Leprosy,All,93.24609615384615,0.0,0.0,,4.54590940535194,-0.5169652248016207,0.0,0.0,0.0,93.24609615384615,218529286.0,52.746,93.24609615384615,93.24609615384615,0.0,93.24609615384615,0.0,0.0,0.0,0.042669839754954475
28,2021.0,0.0,Leprosy,All,93.24609615384615,0.0,0.0,,4.54590940535194,-0.5169652248016207,0.0,0.0,0.0,93.24609615384615,218529286.0,52.746,93.24609615384615,93.24609615384615,0.0,93.24609615384615,0.0,0.0,0.0,0.042669839754954475
29,2021.0,0.0,Leprosy,All,93.24609615384615,0.0,0.0,,4.54590940535194,-0.5169652248016207,0.0,0.0,0.0,93.24609615384615,218529286.0,52.746,93.24609615384615,93.24609615384615,0.0,93.24609615384615,0.0,0.0,0.0,0.042669839754954475
30,2021.0,0.0,Leprosy,All,93.24609615384615,0.0,0.0,,4.54590940535194,-0.5169652248016207,0.0,0.0,0.0,93.24609615384615,218529286.0,52.746,93.24609615384615,93.24609615384615,0.0,93.24609615384615,0.0,0.0,0.0,0.042669839754954475
31,2021.0,0.0,Leprosy,All,93.24609615384615,0.0,0.0,,4.54590940535194,-0.5169652248016207,0.0,0.0,0.0,93.24609615384615,218529286.0,52.746,93.24609615384615,93.24609615384615,0.0,93.24609615384615,0.0,0.0,0.0,0.042669839754954475
32,2021.0,0.0,Leprosy,All,93.24609615384615,0.0,0.0,,4.54590940535194,-0.5169652248016207,0.0,0.0,0.0,93.24609615384615,218529286.0,52.746,93.24609615384615,93.24609615384615,0.0,93.24609615384615,0.0,0.0,0.0,0.042669839754954475
33,2021.0,0.0,Leprosy,All,93.24609615384615,0.0,0.0,,4.54590940535194,-0.5169652248016207,0.0,0.0,0.0,93.24609615384615,218529286.0,52.746,93.24609615384615,93.24609615384615,0.0,93.24609615384615,0.0,0.0,0.0,0.042669839754954475
34,2021.0,0.0,Leprosy,All,93.24609615384615,0.0,0.0,,4.54590940535194,-0.5169652248016207,0.0,0.0,0.0,93.24609615384615,218529286.0,52.746,93.24609615384615,93.24609615384615,0.0,93.24609615384615,0.0,0.0,0.0,0.042669839754954475
35,2021.0,0.0,Leprosy,All,93.24609615384615,0.0,0.0,,4.54590940535194,-0.5169652248016207,0.0,0.0,0.0,93.24609615384615,218529286.0,52.746,93.24609615384615,93.24609615384615,0.0,93.24609615384615,0.0,0.0,0.0,0.042669839754954475
36,2021.0,0.0,Leprosy,All,93.24609615384615,0.0,0.0,,4.54590940535194,-0.5169652248016207,0.0,0.0,0.0,93.24609615384615,218529286.0,52.746,93.24609615384615,93.24609615384615,0.0,93.24609615384615,0.0,0.0,0.0,0.042669839754954475
37,2021.0,0.0,Leprosy,All,93.24609615384615,0.0,0.0,,4.54590940535194,-0.5169652248016207,0.0,0.0,0.0,93.24609615384615,218529286.0,52.746,93.24609615384615,93.24609615384615,0.0,93.24609615384615,0.0,0.0,0.0,0.042669839754954475
38,2021.0,0.0,Leprosy,All,93.24609615384615,0.0,0.0,,4.54590940535194,-0.5169652248016207,0.0,0.0,0.0,93.24609615384615,218529286.0,52.746,93.24609615384615,93.24609615384615,0.0,93.24609615384615,0.0,0.0,0.0,0.042669839754954475
39,2021.0,0.0,Leprosy,All,93.24609615384615,0.0,0.0,,4.54590940535194,-0.5169652248016207,0.0,0.0,0.0,93.24609615384615,218529286.0,52.746,93.24609615384615,93.24609615384615,0.0,93.24609615384615,0.0,0.0,0.0,0.042669839754954475
40,2021.0,0.0,Leprosy,All,93.24609615384615,0.0,0.0,,4.54590940535194,-0.5169652248016207,0.0,0.0,0.0,93.24609615384615,218529286.0,52.746,93.24609615384615,93.24609615384615,0.0,93.24609615384615,0.0,0.0,0.0,0.042669839754954475
41,2021.0,0.0,Leprosy,All,93.24609615384615,0.0,0.0,,4.54590940535194,-0.5169652248016207,0.0,0.0,0.0,93.24609615384615,218529286.0,52.746,93.24609615384615,93.24609615384615,0.0,93.24609615384615,0.0,0.0,0.0,0.042669839754954475
42,2021.0,0.0,Leprosy,All,93.24609615384615,0.0,0.0,,4.54590940535194,-0.5169652248016207,0.0,0.0,0.0,93.24609615384615,218529286.0,52.746,93.24609615384615,93.24609615384615,0.0,93.24609615384615,0.0,0.0,0.0,0.042669839754954475
43,2021.0,0.0,Leprosy,All,93.24609615384615,0.0,0.0,,4.54590940535194,-0.5169652248016207,0.0,0.0,0.0,93.24609615384615,218529286.0,52.746,93.24609615384615,93.24609615384615,0.0,93.24609615384615,0.0,0.0,0.0,0.042669839754954475
44,2021.0,0.0,Leprosy,All,93.24609615384615,0.0,0.0,,4.54590940535194,-0.5169652248016207,0.0,0.0,0.0,93.24609615384615,218529286.0,52.746,93.24609615384615,93.24609615384615,0.0,93.24609615384615,0.0,0.0,0.0,0.042669839754954475
45,2021.0,0.0,Leprosy,All,93.24609615384615,0.0,0.0,,4.54590940535194,-0.5169652248016207,0.0,0.0,0.0,93.24609615384615,218529286.0,52.746,93.24609615384615,93.24609615384615,0.0,93.24609615384615,0.0,0.0,0.0,0.042669839754954475
46,2021.0,0.0,Leprosy,All,93.24609615384615,0.0,0.0,,4.54590940535194,-0.5169652248016207,0.0,0.0,0.0,93.24609615384615,218529286.0,52.746,93.24609615384615,93.24609615384615,0.0,93.24609615384615,0.0,0.0,0.0,0.042669839754954475
47,2021.0,0.0,Leprosy,All,93.24609615384615,0.0,0.0,,4.54590940535194,-0.5169652248016207,0.0,0.0,0.0,93.24609615384615,218529286.0,52.746,93.24609615384615,93.24609615384615,0.0,93.24609615384615,0.0,0.0,0.0,0.042669839754954475
48,2021.0,0.0,Leprosy,All,93.24609615384615,0.0,0.0,,4.54590940535194,-0.5169652248016207,0.0,0.0,0.0,93.24609615384615,218529286.0,52.746,93.24609615384615,93.24609615384615,0.0,93.24609615384615,0.0,0.0,0.0,0.042669839754954475
49,2021.0,0.0,Leprosy,All,93.24609615384615,0.0,0.0,,4.54590940535194,-0.5169652248016207,0.0,0.0,0.0,93.24609615384615,218529286.0,52.746,93.24609615384615,93.24609615384615,0.0,93.24609615384615,0.0,0.0,0.0,0.042669839754954475
50,2021.0,0.0,Leprosy,All,93.24609615384615,0.0,0.0,,4.54590940535194,-0.5169652248016207,0.0,0.0,0.0,93.24609615384615,218529286.0,52.746,93.24609615384615,93.24609615384615,0.0,93.24609615384615,0.0,0.0,0.0,0.042669839754954475
51,2021.0,0.0,Leprosy,All,93.24609615384615,0.0,0.0,,4.54590940535194,-0.5169652248016207,0.0,0.0,0.0,93.24609615384615,218529286.0,52.746,93.24609615384615,93.24609615384615,0.0,93.24609615384615,0.0,0.0,0.0,0.042669839754954475
52,2021.0,0.0,Leprosy,All,93.24609615384615,0.0,0.0,,4.54590940535194,-0.5169652248016207,0.0,0.0,0.0,93.24609615384615,218529286.0,52.746,93.24609615384615,93.24609615384615,0.0,93.24609615384615,0.0,0.0,0.0,0.042669839754954475
1,2022.0,0.0,Leprosy,All,121.27038461538461,0.0,0.0,,4.806234859774645,-0.018674497666122895,0.0,0.0,0.0,121.27038461538461,223150896.0,53.521,93.24609615384615,93.24609615384615,0.0,100.25216826923076,14.012144230768842,0.0,0.3005411445354384,0.05434456539909417
2,2022.0,0.0,Leprosy,All,121.27038461538461,0.0,0.0,,4.806234859774645,-0.018674497666122895,0.0,0.0,0.0,121.27038461538461,223150896.0,53.521,121.27038461538461,107.25824038461539,0.0,107.25824038461539,16.179830487116618,0.0,0.0,0.05434456539909417
3,2022.0,0.0,Leprosy,All,121.27038461538461,0.0,0.0,,4.806234859774645,-0.018674497666122895,0.0,0.0,0.0,121.27038461538461,223150896.0,53.521,121.27038461538461,121.27038461538461,0.0,114.2643125,14.012144230768849,0.0,0.0,0.05434456539909417
4,2022.0,0.0,Leprosy,All,121.27038461538461,0.0,0.0,,4.806234859774645,-0.018674497666122895,0.0,0.0,0.0,121.27038461538461,223150896.0,53.521,121.27038461538461,121.27038461538461,0.0,121.27038461538461,0.0,0.0,0.0,0.05434456539909417
5,2022.0,0.0,Leprosy,All,121.27038461538461,0.0,0.0,,4.806234859774645,-0.018674497666122895,0.0,0.0,0.0,121.27038461538461,223150896.0,53.521,121.27038461538461,121.27038461538461,0.0,121.27038461538461,0.0,0.0,0.0,0.05434456539909417
6,2022.0,0.0,Leprosy,All,121.27038461538461,0.0,0.0,,4.806234859774645,-0.018674497666122895,0.0,0.0,0.0,121.27038461538461,223150896.0,53.521,121.27038461538461,121.27038461538461,0.0,121.27038461538461,0.0,0.0,0.0,0.05434456539909417
7,2022.0,0.0,Leprosy,All,121.27038461538461,0.0,0.0,,4.806234859774645,-0.018674497666122895,0.0,0.0,0.0,121.27038461538461,223150896.0,53.521,121.27038461538461,121.27038461538461,0.0,121.27038461538461,0.0,0.0,0.0,0.05434456539909417
8,2022.0,0.0,Leprosy,All,121.27038461538461,0.0,0.0,,4.806234859774645,-0.018674497666122895,0.0,0.0,0.0,121.27038461538461,223150896.0,53.521,121.27038461538461,121.27038461538461,0.0,121.27038461538461,0.0,0.0,0.0,0.05434456539909417
9,2022.0,0.0,Leprosy,All,121.27038461538461,0.0,0.0,,4.806234859774645,-0.018674497666122895,0.0,0.0,0.0,121.27038461538461,223150896.0,53.521,121.27038461538461,121.27038461538461,0.0,121.27038461538461,0.0,0.0,0.0,0.05434456539909417
10,2022.0,0.0,Leprosy,All,121.27038461538461,0.0,0.0,,4.806234859774645,-0.018674497666122895,0.0,0.0,0.0,121.27038461538461,223150896.0,53.521,121.27038461538461,121.27038461538461,0.0,121.27038461538461,0.0,0.0,0.0,0.05434456539909417
11,2022.0,0.0,Leprosy,All,121.27038461538461,0.0,0.0,,4.806234859774645,-0.018674497666122895,0.0,0.0,0.0,121.27038461538461,223150896.0,53.521,121.27038461538461,121.27038461538461,0.0,121.27038461538461,0.0,0.0,0.0,0.05434456539909417
12,2022.0,0.0,Leprosy,All,121.27038461538461,0.0,0.0,,4.806234859774645,-0.018674497666122895,0.0,0.0,0.0,121.27038461538461,223150896.0,53.521,121.27038461538461,121.27038461538461,0.0,121.27038461538461,0.0,0.0,0.0,0.05434456539909417
13,2022.0,0.0,Leprosy,All,121.27038461538461,0.0,0.0,,4.806234859774645,-0.018674497666122895,0.0,0.0,0.0,121.27038461538461,223150896.0,53.521,121.27038461538461,121.27038461538461,0.0,121.27038461538461,0.0,0.0,0.0,0.05434456539909417
14,2022.0,0.0,Leprosy,All,121.27038461538461,0.0,0.0,,4.806234859774645,-0.018674497666122895,0.0,0.0,0.0,121.27038461538461,223150896.0,53.521,121.27038461538461,121.27038461538461,0.0,121.27038461538461,0.0,0.0,0.0,0.05434456539909417
15,2022.0,0.0,Leprosy,All,121.27038461538461,0.0,0.0,,4.806234859774645,-0.018674497666122895,0.0,0.0,0.0,121.27038461538461,223150896.0,53.521,121.27038461538461,121.27038461538461,0.0,121.27038461538461,0.0,0.0,0.0,0.05434456539909417
16,2022.0,0.0,Leprosy,All,121.27038461538461,0.0,0.0,,4.806234859774645,-0.018674497666122895,0.0,0.0,0.0,121.27038461538461,223150896.0,53.521,121.27038461538461,121.27038461538461,0.0,121.27038461538461,0.0,0.0,0.0,0.05434456539909417
17,2022.0,0.0,Leprosy,All,121.27038461538461,0.0,0.0,,4.806234859774645,-0.018674497666122895,0.0,0.0,0.0,121.27038461538461,223150896.0,53.521,121.27038461538461,121.27038461538461,0.0,121.27038461538461,0.0,0.0,0.0,0.05434456539909417
18,2022.0,0.0,Leprosy,All,121.27038461538461,0.0,0.0,,4.806234859774645,-0.018674497666122895,0.0,0.0,0.0,121.27038461538461,223150896.0,53.521,121.27038461538461,121.27038461538461,0.0,121.27038461538461,0.0,0.0,0.0,0.05434456539909417
19,2022.0,0.0,Leprosy,All,121.27038461538461,0.0,0.0,,4.806234859774645,-0.018674497666122895,0.0,0.0,0.0,121.27038461538461,223150896.0,53.521,121.27038461538461,121.27038461538461,0.0,121.27038461538461,0.0,0.0,0.0,0.05434456539909417
20,2022.0,0.0,Leprosy,All,121.27038461538461,0.0,0.0,,4.806234859774645,-0.018674497666122895,0.0,0.0,0.0,121.27038461538461,223150896.0,53.521,121.27038461538461,121.27038461538461,0.0,121.27038461538461,0.0,0.0,0.0,0.05434456539909417
21,2022.0,0.0,Leprosy,All,121.27038461538461,0.0,0.0,,4.806234859774645,-0.018674497666122895,0.0,0.0,0.0,121.27038461538461,223150896.0,53.521,121.27038461538461,121.27038461538461,0.0,121.27038461538461,0.0,0.0,0.0,0.05434456539909417
22,2022.0,0.0,Leprosy,All,121.27038461538461,0.0,0.0,,4.806234859774645,-0.018674497666122895,0.0,0.0,0.0,121.27038461538461,223150896.0,53.521,121.27038461538461,121.27038461538461,0.0,121.27038461538461,0.0,0.0,0.0,0.05434456539909417
23,2022.0,0.0,Leprosy,All,121.27038461538461,0.0,0.0,,4.806234859774645,-0.018674497666122895,0.0,0.0,0.0,121.27038461538461,223150896.0,53.521,121.27038461538461,121.27038461538461,0.0,121.27038461538461,0.0,0.0,0.0,0.05434456539909417
24,2022.0,0.0,Leprosy,All,121.27038461538461,0.0,0.0,,4.806234859774645,-0.018674497666122895,0.0,0.0,0.0,121.27038461538461,223150896.0,53.521,121.27038461538461,121.27038461538461,0.0,121.27038461538461,0.0,0.0,0.0,0.05434456539909417
25,2022.0,0.0,Leprosy,All,121.27038461538461,0.0,0.0,,4.806234859774645,-0.018674497666122895,0.0,0.0,0.0,121.27038461538461,223150896.0,53.521,121.27038461538461,121.27038461538461,0.0,121.27038461538461,0.0,0.0,0.0,0.05434456539909417
26,2022.0,0.0,Leprosy,All,121.27038461538461,0.0,0.0,,4.806234859774645,-0.018674497666122895,0.0,0.0,0.0,121.27038461538461,223150896.0,53.521,121.27038461538461,121.27038461538461,0.0,121.27038461538461,0.0,0.0,0.0,0.05434456539909417
27,2022.0,0.0,Leprosy,All,121.27038461538461,0.0,0.0,,4.806234859774645,-0.018674497666122895,0.0,0.0,0.0,121.27038461538461,223150896.0,53.521,121.27038461538461,121.27038461538461,0.0,121.27038461538461,0.0,0.0,0.0,0.05434456539909417
28,2022.0,0.0,Leprosy,All,121.27038461538461,0.0,0.0,,4.806234859774645,-0.018674497666122895,0.0,0.0,0.0,121.27038461538461,223150896.0,53.521,121.27038461538461,121.27038461538461,0.0,121.27038461538461,0.0,0.0,0.0,0.05434456539909417
29,2022.0,0.0,Leprosy,All,121.27038461538461,0.0,0.0,,4.806234859774645,-0.018674497666122895,0.0,0.0,0.0,121.27038461538461,223150896.0,53.521,121.27038461538461,121.27038461538461,0.0,121.27038461538461,0.0,0.0,0.0,0.05434456539909417
30,2022.0,0.0,Leprosy,All,121.27038461538461,0.0,0.0,,4.806234859774645,-0.018674497666122895,0.0,0.0,0.0,121.27038461538461,223150896.0,53.521,121.27038461538461,121.27038461538461,0.0,121.27038461538461,0.0,0.0,0.0,0.05434456539909417
31,2022.0,0.0,Leprosy,All,121.27038461538461,0.0,0.0,,4.806234859774645,-0.018674497666122895,0.0,0.0,0.0,121.27038461538461,223150896.0,53.521,121.27038461538461,121.27038461538461,0.0,121.27038461538461,0.0,0.0,0.0,0.05434456539909417
32,2022.0,0.0,Leprosy,All,121.27038461538461,0.0,0.0,,4.806234859774645,-0.018674497666122895,0.0,0.0,0.0,121.27038461538461,223150896.0,53.521,121.27038461538461,121.27038461538461,0.0,121.27038461538461,0.0,0.0,0.0,0.05434456539909417
33,2022.0,0.0,Leprosy,All,121.27038461538461,0.0,0.0,,4.806234859774645,-0.018674497666122895,0.0,0.0,0.0,121.27038461538461,223150896.0,53.521,121.27038461538461,121.27038461538461,0.0,121.27038461538461,0.0,0.0,0.0,0.05434456539909417
34,2022.0,0.0,Leprosy,All,121.27038461538461,0.0,0.0,,4.806234859774645,-0.018674497666122895,0.0,0.0,0.0,121.27038461538461,223150896.0,53.521,121.27038461538461,121.27038461538461,0.0,121.27038461538461,0.0,0.0,0.0,0.05434456539909417
35,2022.0,0.0,Leprosy,All,121.27038461538461,0.0,0.0,,4.806234859774645,-0.018674497666122895,0.0,0.0,0.0,121.27038461538461,223150896.0,53.521,121.27038461538461,121.27038461538461,0.0,121.27038461538461,0.0,0.0,0.0,0.05434456539909417
36,2022.0,0.0,Leprosy,All,121.27038461538461,0.0,0.0,,4.806234859774645,-0.018674497666122895,0.0,0.0,0.0,121.27038461538461,223150896.0,53.521,121.27038461538461,121.27038461538461,0.0,121.27038461538461,0.0,0.0,0.0,0.05434456539909417
37,2022.0,0.0,Leprosy,All,121.27038461538461,0.0,0.0,,4.806234859774645,-0.018674497666122895,0.0,0.0,0.0,121.27038461538461,223150896.0,53.521,121.27038461538461,121.27038461538461,0.0,121.27038461538461,0.0,0.0,0.0,0.05434456539909417
38,2022.0,0.0,Leprosy,All,121.27038461538461,0.0,0.0,,4.806234859774645,-0.018674497666122895,0.0,0.0,0.0,121.27038461538461,223150896.0,53.521,121.27038461538461,121.27038461538461,0.0,121.27038461538461,0.0,0.0,0.0,0.05434456539909417
39,2022.0,0.0,Leprosy,All,121.27038461538461,0.0,0.0,,4.806234859774645,-0.018674497666122895,0.0,0.0,0.0,121.27038461538461,223150896.0,53.521,121.27038461538461,121.27038461538461,0.0,121.27038461538461,0.0,0.0,0.0,0.05434456539909417
40,2022.0,0.0,Leprosy,All,121.27038461538461,0.0,0.0,,4.806234859774645,-0.018674497666122895,0.0,0.0,0.0,121.27038461538461,223150896.0,53.521,121.27038461538461,121.27038461538461,0.0,121.27038461538461,0.0,0.0,0.0,0.05434456539909417
41,2022.0,0.0,Leprosy,All,121.27038461538461,0.0,0.0,,4.806234859774645,-0.018674497666122895,0.0,0.0,0.0,121.27038461538461,223150896.0,53.521,121.27038461538461,121.27038461538461,0.0,121.27038461538461,0.0,0.0,0.0,0.05434456539909417
42,2022.0,0.0,Leprosy,All,121.27038461538461,0.0,0.0,,4.806234859774645,-0.018674497666122895,0.0,0.0,0.0,121.27038461538461,223150896.0,53.521,121.27038461538461,121.27038461538461,0.0,121.27038461538461,0.0,0.0,0.0,0.05434456539909417
43,2022.0,0.0,Leprosy,All,121.27038461538461,0.0,0.0,,4.806234859774645,-0.018674497666122895,0.0,0.0,0.0,121.27038461538461,223150896.0,53.521,121.27038461538461,121.27038461538461,0.0,121.27038461538461,0.0,0.0,0.0,0.05434456539909417
44,2022.0,0.0,Leprosy,All,121.27038461538461,0.0,0.0,,4.806234859774645,-0.018674497666122895,0.0,0.0,0.0,121.27038461538461,223150896.0,53.521,121.27038461538461,121.27038461538461,0.0,121.27038461538461,0.0,0.0,0.0,0.05434456539909417
45,2022.0,0.0,Leprosy,All,121.27038461538461,0.0,0.0,,4.806234859774645,-0.018674497666122895,0.0,0.0,0.0,121.27038461538461,223150896.0,53.521,121.27038461538461,121.27038461538461,0.0,121.27038461538461,0.0,0.0,0.0,0.05434456539909417
46,2022.0,0.0,Leprosy,All,121.27038461538461,0.0,0.0,,4.806234859774645,-0.018674497666122895,0.0,0.0,0.0,121.27038461538461,223150896.0,53.521,121.27038461538461,121.27038461538461,0.0,121.27038461538461,0.0,0.0,0.0,0.05434456539909417
47,2022.0,0.0,Leprosy,All,121.27038461538461,0.0,0.0,,4.806234859774645,-0.018674497666122895,0.0,0.0,0.0,121.27038461538461,223150896.0,53.521,121.27038461538461,121.27038461538461,0.0,121.27038461538461,0.0,0.0,0.0,0.05434456539909417
48,2022.0,0.0,Leprosy,All,121.27038461538461,0.0,0.0,,4.806234859774645,-0.018674497666122895,0.0,0.0,0.0,121.27038461538461,223150896.0,53.521,121.27038461538461,121.27038461538461,0.0,121.27038461538461,0.0,0.0,0.0,0.05434456539909417
49,2022.0,0.0,Leprosy,All,121.27038461538461,0.0,0.0,,4.806234859774645,-0.018674497666122895,0.0,0.0,0.0,121.27038461538461,223150896.0,53.521,121.27038461538461,121.27038461538461,0.0,121.27038461538461,0.0,0.0,0.0,0.05434456539909417
50,2022.0,0.0,Leprosy,All,121.27038461538461,0.0,0.0,,4.806234859774645,-0.018674497666122895,0.0,0.0,0.0,121.27038461538461,223150896.0,53.521,121.27038461538461,121.27038461538461,0.0,121.27038461538461,0.0,0.0,0.0,0.05434456539909417
51,2022.0,0.0,Leprosy,All,121.27038461538461,0.0,0.0,,4.806234859774645,-0.018674497666122895,0.0,0.0,0.0,121.27038461538461,223150896.0,53.521,121.27038461538461,121.27038461538461,0.0,121.27038461538461,0.0,0.0,0.0,0.05434456539909417
52,2022.0,0.0,Leprosy,All,121.27038461538461,0.0,0.0,,4.806234859774645,-0.018674497666122895,0.0,0.0,0.0,121.27038461538461,223150896.0,53.521,121.27038461538461,121.27038461538461,0.0,121.27038461538461,0.0,0.0,0.0,0.05434456539909417
1,2023.0,0.0,Leprosy,All,122.50421153846153,0.0,0.0,,4.816275257012593,0.0032637761816906303,0.0,0.0,0.0,122.50421153846153,227882945.0,54.283,121.27038461538461,121.27038461538461,0.0,121.57884134615384,0.6169134615299575,0.0,0.010174181660180805,0.05375751640319618
2,2023.0,0.0,Leprosy,All,122.50421153846153,0.0,0.0,,4.816275257012593,0.0032637761816906303,0.0,0.0,0.0,122.50421153846153,227882945.0,54.283,122.50421153846153,121.88729807692307,0.0,121.88729807692307,0.7123503061645103,0.0,0.0,0.05375751640319618
3,2023.0,0.0,Leprosy,All,122.50421153846153,0.0,0.0,,4.816275257012593,0.0032637761816906303,0.0,0.0,0.0,122.50421153846153,227882945.0,54.283,122.50421153846153,122.50421153846153,0.0,122.1957548076923,0.6169134615299725,0.0,0.0,0.05375751640319618
4,2023.0,0.0,Leprosy,All,122.50421153846153,0.0,0.0,,4.816275257012593,0.0032637761816906303,0.0,0.0,0.0,122.50421153846153,227882945.0,54.283,122.50421153846153,122.50421153846153,0.0,122.50421153846153,0.0,0.0,0.0,0.05375751640319618
5,2023.0,0.0,Leprosy,All,122.50421153846153,0.0,0.0,,4.816275257012593,0.0032637761816906303,0.0,0.0,0.0,122.50421153846153,227882945.0,54.283,122.50421153846153,122.50421153846153,0.0,122.50421153846153,0.0,0.0,0.0,0.05375751640319618
6,2023.0,0.0,Leprosy,All,122.50421153846153,0.0,0.0,,4.816275257012593,0.0032637761816906303,0.0,0.0,0.0,122.50421153846153,227882945.0,54.283,122.50421153846153,122.50421153846153,0.0,122.50421153846153,0.0,0.0,0.0,0.05375751640319618
7,2023.0,0.0,Leprosy,All,122.50421153846153,0.0,0.0,,4.816275257012593,0.0032637761816906303,0.0,0.0,0.0,122.50421153846153,227882945.0,54.283,122.50421153846153,122.50421153846153,0.0,122.50421153846153,0.0,0.0,0.0,0.05375751640319618
8,2023.0,0.0,Leprosy,All,122.50421153846153,0.0,0.0,,4.816275257012593,0.0032637761816906303,0.0,0.0,0.0,122.50421153846153,227882945.0,54.283,122.50421153846153,122.50421153846153,0.0,122.50421153846153,0.0,0.0,0.0,0.05375751640319618
9,2023.0,0.0,Leprosy,All,122.50421153846153,0.0,0.0,,4.816275257012593,0.0032637761816906303,0.0,0.0,0.0,122.50421153846153,227882945.0,54.283,122.50421153846153,122.50421153846153,0.0,122.50421153846153,0.0,0.0,0.0,0.05375751640319618
10,2023.0,0.0,Leprosy,All,122.50421153846153,0.0,0.0,,4.816275257012593,0.0032637761816906303,0.0,0.0,0.0,122.50421153846153,227882945.0,54.283,122.50421153846153,122.50421153846153,0.0,122.50421153846153,0.0,0.0,0.0,0.05375751640319618
11,2023.0,0.0,Leprosy,All,122.50421153846153,0.0,0.0,,4.816275257012593,0.0032637761816906303,0.0,0.0,0.0,122.50421153846153,227882945.0,54.283,122.50421153846153,122.50421153846153,0.0,122.50421153846153,0.0,0.0,0.0,0.05375751640319618
12,2023.0,0.0,Leprosy,All,122.50421153846153,0.0,0.0,,4.816275257012593,0.0032637761816906303,0.0,0.0,0.0,122.50421153846153,227882945.0,54.283,122.50421153846153,122.50421153846153,0.0,122.50421153846153,0.0,0.0,0.0,0.05375751640319618
13,2023.0,0.0,Leprosy,All,122.50421153846153,0.0,0.0,,4.816275257012593,0.0032637761816906303,0.0,0.0,0.0,122.50421153846153,227882945.0,54.283,122.50421153846153,122.50421153846153,0.0,122.50421153846153,0.0,0.0,0.0,0.05375751640319618
14,2023.0,0.0,Leprosy,All,122.50421153846153,0.0,0.0,,4.816275257012593,0.0032637761816906303,0.0,0.0,0.0,122.50421153846153,227882945.0,54.283,122.50421153846153,122.50421153846153,0.0,122.50421153846153,0.0,0.0,0.0,0.05375751640319618
15,2023.0,0.0,Leprosy,All,122.50421153846153,0.0,0.0,,4.816275257012593,0.0032637761816906303,0.0,0.0,0.0,122.50421153846153,227882945.0,54.283,122.50421153846153,122.50421153846153,0.0,122.50421153846153,0.0,0.0,0.0,0.05375751640319618
16,2023.0,0.0,Leprosy,All,122.50421153846153,0.0,0.0,,4.816275257012593,0.0032637761816906303,0.0,0.0,0.0,122.50421153846153,227882945.0,54.283,122.50421153846153,122.50421153846153,0.0,122.50421153846153,0.0,0.0,0.0,0.05375751640319618
17,2023.0,0.0,Leprosy,All,122.50421153846153,0.0,0.0,,4.816275257012593,0.0032637761816906303,0.0,0.0,0.0,122.50421153846153,227882945.0,54.283,122.50421153846153,122.50421153846153,0.0,122.50421153846153,0.0,0.0,0.0,0.05375751640319618
18,2023.0,0.0,Leprosy,All,122.50421153846153,0.0,0.0,,4.816275257012593,0.0032637761816906303,0.0,0.0,0.0,122.50421153846153,227882945.0,54.283,122.50421153846153,122.50421153846153,0.0,122.50421153846153,0.0,0.0,0.0,0.05375751640319618
19,2023.0,0.0,Leprosy,All,122.50421153846153,0.0,0.0,,4.816275257012593,0.0032637761816906303,0.0,0.0,0.0,122.50421153846153,227882945.0,54.283,122.50421153846153,122.50421153846153,0.0,122.50421153846153,0.0,0.0,0.0,0.05375751640319618
20,2023.0,0.0,Leprosy,All,122.50421153846153,0.0,0.0,,4.816275257012593,0.0032637761816906303,0.0,0.0,0.0,122.50421153846153,227882945.0,54.283,122.50421153846153,122.50421153846153,0.0,122.50421153846153,0.0,0.0,0.0,0.05375751640319618
21,2023.0,0.0,Leprosy,All,122.50421153846153,0.0,0.0,,4.816275257012593,0.0032637761816906303,0.0,0.0,0.0,122.50421153846153,227882945.0,54.283,122.50421153846153,122.50421153846153,0.0,122.50421153846153,0.0,0.0,0.0,0.05375751640319618
22,2023.0,0.0,Leprosy,All,122.50421153846153,0.0,0.0,,4.816275257012593,0.0032637761816906303,0.0,0.0,0.0,122.50421153846153,227882945.0,54.283,122.50421153846153,122.50421153846153,0.0,122.50421153846153,0.0,0.0,0.0,0.05375751640319618
23,2023.0,0.0,Leprosy,All,122.50421153846153,0.0,0.0,,4.816275257012593,0.0032637761816906303,0.0,0.0,0.0,122.50421153846153,227882945.0,54.283,122.50421153846153,122.50421153846153,0.0,122.50421153846153,0.0,0.0,0.0,0.05375751640319618
24,2023.0,0.0,Leprosy,All,122.50421153846153,0.0,0.0,,4.816275257012593,0.0032637761816906303,0.0,0.0,0.0,122.50421153846153,227882945.0,54.283,122.50421153846153,122.50421153846153,0.0,122.50421153846153,0.0,0.0,0.0,0.05375751640319618
25,2023.0,0.0,Leprosy,All,122.50421153846153,0.0,0.0,,4.816275257012593,0.0032637761816906303,0.0,0.0,0.0,122.50421153846153,227882945.0,54.283,122.50421153846153,122.50421153846153,0.0,122.50421153846153,0.0,0.0,0.0,0.05375751640319618
26,2023.0,0.0,Leprosy,All,122.50421153846153,0.0,0.0,,4.816275257012593,0.0032637761816906303,0.0,0.0,0.0,122.50421153846153,227882945.0,54.283,122.50421153846153,122.50421153846153,0.0,122.50421153846153,0.0,0.0,0.0,0.05375751640319618
27,2023.0,0.0,Leprosy,All,122.50421153846153,0.0,0.0,,4.816275257012593,0.0032637761816906303,0.0,0.0,0.0,122.50421153846153,227882945.0,54.283,122.50421153846153,122.50421153846153,0.0,122.50421153846153,0.0,0.0,0.0,0.05375751640319618
28,2023.0,0.0,Leprosy,All,122.50421153846153,0.0,0.0,,4.816275257012593,0.0032637761816906303,0.0,0.0,0.0,122.50421153846153,227882945.0,54.283,122.50421153846153,122.50421153846153,0.0,122.50421153846153,0.0,0.0,0.0,0.05375751640319618
29,2023.0,0.0,Leprosy,All,122.50421153846153,0.0,0.0,,4.816275257012593,0.0032637761816906303,0.0,0.0,0.0,122.50421153846153,227882945.0,54.283,122.50421153846153,122.50421153846153,0.0,122.50421153846153,0.0,0.0,0.0,0.05375751640319618
30,2023.0,0.0,Leprosy,All,122.50421153846153,0.0,0.0,,4.816275257012593,0.0032637761816906303,0.0,0.0,0.0,122.50421153846153,227882945.0,54.283,122.50421153846153,122.50421153846153,0.0,122.50421153846153,0.0,0.0,0.0,0.05375751640319618
31,2023.0,0.0,Leprosy,All,122.50421153846153,0.0,0.0,,4.816275257012593,0.0032637761816906303,0.0,0.0,0.0,122.50421153846153,227882945.0,54.283,122.50421153846153,122.50421153846153,0.0,122.50421153846153,0.0,0.0,0.0,0.05375751640319618
32,2023.0,0.0,Leprosy,All,122.50421153846153,0.0,0.0,,4.816275257012593,0.0032637761816906303,0.0,0.0,0.0,122.50421153846153,227882945.0,54.283,122.50421153846153,122.50421153846153,0.0,122.50421153846153,0.0,0.0,0.0,0.05375751640319618
33,2023.0,0.0,Leprosy,All,122.50421153846153,0.0,0.0,,4.816275257012593,0.0032637761816906303,0.0,0.0,0.0,122.50421153846153,227882945.0,54.283,122.50421153846153,122.50421153846153,0.0,122.50421153846153,0.0,0.0,0.0,0.05375751640319618
34,2023.0,0.0,Leprosy,All,122.50421153846153,0.0,0.0,,4.816275257012593,0.0032637761816906303,0.0,0.0,0.0,122.50421153846153,227882945.0,54.283,122.50421153846153,122.50421153846153,0.0,122.50421153846153,0.0,0.0,0.0,0.05375751640319618
35,2023.0,0.0,Leprosy,All,122.50421153846153,0.0,0.0,,4.816275257012593,0.0032637761816906303,0.0,0.0,0.0,122.50421153846153,227882945.0,54.283,122.50421153846153,122.50421153846153,0.0,122.50421153846153,0.0,0.0,0.0,0.05375751640319618
36,2023.0,0.0,Leprosy,All,122.50421153846153,0.0,0.0,,4.816275257012593,0.0032637761816906303,0.0,0.0,0.0,122.50421153846153,227882945.0,54.283,122.50421153846153,122.50421153846153,0.0,122.50421153846153,0.0,0.0,0.0,0.05375751640319618
37,2023.0,0.0,Leprosy,All,122.50421153846153,0.0,0.0,,4.816275257012593,0.0032637761816906303,0.0,0.0,0.0,122.50421153846153,227882945.0,54.283,122.50421153846153,122.50421153846153,0.0,122.50421153846153,0.0,0.0,0.0,0.05375751640319618
38,2023.0,0.0,Leprosy,All,122.50421153846153,0.0,0.0,,4.816275257012593,0.0032637761816906303,0.0,0.0,0.0,122.50421153846153,227882945.0,54.283,122.50421153846153,122.50421153846153,0.0,122.50421153846153,0.0,0.0,0.0,0.05375751640319618
39,2023.0,0.0,Leprosy,All,122.50421153846153,0.0,0.0,,4.816275257012593,0.0032637761816906303,0.0,0.0,0.0,122.50421153846153,227882945.0,54.283,122.50421153846153,122.50421153846153,0.0,122.50421153846153,0.0,0.0,0.0,0.05375751640319618
40,2023.0,0.0,Leprosy,All,122.50421153846153,0.0,0.0,,4.816275257012593,0.0032637761816906303,0.0,0.0,0.0,122.50421153846153,227882945.0,54.283,122.50421153846153,122.50421153846153,0.0,122.50421153846153,0.0,0.0,0.0,0.05375751640319618
41,2023.0,0.0,Leprosy,All,122.50421153846153,0.0,0.0,,4.816275257012593,0.0032637761816906303,0.0,0.0,0.0,122.50421153846153,227882945.0,54.283,122.50421153846153,122.50421153846153,0.0,122.50421153846153,0.0,0.0,0.0,0.05375751640319618
42,2023.0,0.0,Leprosy,All,122.50421153846153,0.0,0.0,,4.816275257012593,0.0032637761816906303,0.0,0.0,0.0,122.50421153846153,227882945.0,54.283,122.50421153846153,122.50421153846153,0.0,122.50421153846153,0.0,0.0,0.0,0.05375751640319618
43,2023.0,0.0,Leprosy,All,122.50421153846153,0.0,0.0,,4.816275257012593,0.0032637761816906303,0.0,0.0,0.0,122.50421153846153,227882945.0,54.283,122.50421153846153,122.50421153846153,0.0,122.50421153846153,0.0,0.0,0.0,0.05375751640319618
44,2023.0,0.0,Leprosy,All,122.50421153846153,0.0,0.0,,4.816275257012593,0.0032637761816906303,0.0,0.0,0.0,122.50421153846153,227882945.0,54.283,122.50421153846153,122.50421153846153,0.0,122.50421153846153,0.0,0.0,0.0,0.05375751640319618
45,2023.0,0.0,Leprosy,All,122.50421153846153,0.0,0.0,,4.816275257012593,0.0032637761816906303,0.0,0.0,0.0,122.50421153846153,227882945.0,54.283,122.50421153846153,122.50421153846153,0.0,122.50421153846153,0.0,0.0,0.0,0.05375751640319618
46,2023.0,0.0,Leprosy,All,122.50421153846153,0.0,0.0,,4.816275257012593,0.0032637761816906303,0.0,0.0,0.0,122.50421153846153,227882945.0,54.283,122.50421153846153,122.50421153846153,0.0,122.50421153846153,0.0,0.0,0.0,0.05375751640319618
47,2023.0,0.0,Leprosy,All,122.50421153846153,0.0,0.0,,4.816275257012593,0.0032637761816906303,0.0,0.0,0.0,122.50421153846153,227882945.0,54.283,122.50421153846153,122.50421153846153,0.0,122.50421153846153,0.0,0.0,0.0,0.05375751640319618
48,2023.0,0.0,Leprosy,All,122.50421153846153,0.0,0.0,,4.816275257012593,0.0032637761816906303,0.0,0.0,0.0,122.50421153846153,227882945.0,54.283,122.50421153846153,122.50421153846153,0.0,122.50421153846153,0.0,0.0,0.0,0.05375751640319618
49,2023.0,0.0,Leprosy,All,122.50421153846153,0.0,0.0,,4.816275257012593,0.0032637761816906303,0.0,0.0,0.0,122.50421153846153,227882945.0,54.283,122.50421153846153,122.50421153846153,0.0,122.50421153846153,0.0,0.0,0.0,0.05375751640319618
50,2023.0,0.0,Leprosy,All,122.50421153846153,0.0,0.0,,4.816275257012593,0.0032637761816906303,0.0,0.0,0.0,122.50421153846153,227882945.0,54.283,122.50421153846153,122.50421153846153,0.0,122.50421153846153,0.0,0.0,0.0,0.05375751640319618
51,2023.0,0.0,Leprosy,All,122.50421153846153,0.0,0.0,,4.816275257012593,0.0032637761816906303,0.0,0.0,0.0,122.50421153846153,227882945.0,54.283,122.50421153846153,122.50421153846153,0.0,122.50421153846153,0.0,0.0,0.0,0.05375751640319618
52,2023.0,0.0,Leprosy,All,122.50421153846153,0.0,0.0,,4.816275257012593,0.0032637761816906303,0.0,0.0,0.0,122.50421153846153,227882945.0,54.283,122.50421153846153,122.50421153846153,0.0,122.50421153846153,0.0,0.0,0.0,0.05375751640319618
1,2024.0,0.0,Leprosy,All,92.63165384615385,0.0,0.0,,4.539368508429892,-0.527890422945474,0.0,0.0,0.0,92.63165384615385,232679478.0,55.03,122.50421153846153,122.50421153846153,0.0,115.03607211538461,14.936278846153481,0.0,-0.24384923030118735,0.03981083963328896
2,2024.0,0.0,Leprosy,All,92.63165384615385,0.0,0.0,,4.539368508429892,-0.527890422945474,0.0,0.0,0.0,92.63165384615385,232679478.0,55.03,92.63165384615385,107.56793269230769,0.0,107.56793269230769,17.246929225036148,0.0,0.0,0.03981083963328896
3,2024.0,0.0,Leprosy,All,92.63165384615385,0.0,0.0,,4.539368508429892,-0.527890422945474,0.0,0.0,0.0,92.63165384615385,232679478.0,55.03,92.63165384615385,92.63165384615385,0.0,100.09979326923077,14.936278846153462,0.0,0.0,0.03981083963328896
4,2024.0,0.0,Leprosy,All,92.63165384615385,0.0,0.0,,4.539368508429892,-0.527890422945474,0.0,0.0,0.0,92.63165384615385,232679478.0,55.03,92.63165384615385,92.63165384615385,0.0,92.63165384615385,0.0,0.0,0.0,0.03981083963328896
5,2024.0,0.0,Leprosy,All,92.63165384615385,0.0,0.0,,4.539368508429892,-0.527890422945474,0.0,0.0,0.0,92.63165384615385,232679478.0,55.03,92.63165384615385,92.63165384615385,0.0,92.63165384615385,0.0,0.0,0.0,0.03981083963328896
6,2024.0,0.0,Leprosy,All,92.63165384615385,0.0,0.0,,4.539368508429892,-0.527890422945474,0.0,0.0,0.0,92.63165384615385,232679478.0,55.03,92.63165384615385,92.63165384615385,0.0,92.63165384615385,0.0,0.0,0.0,0.03981083963328896
7,2024.0,0.0,Leprosy,All,92.63165384615385,0.0,0.0,,4.539368508429892,-0.527890422945474,0.0,0.0,0.0,92.63165384615385,232679478.0,55.03,92.63165384615385,92.63165384615385,0.0,92.63165384615385,0.0,0.0,0.0,0.03981083963328896
8,2024.0,0.0,Leprosy,All,92.63165384615385,0.0,0.0,,4.539368508429892,-0.527890422945474,0.0,0.0,0.0,92.63165384615385,232679478.0,55.03,92.63165384615385,92.63165384615385,0.0,92.63165384615385,0.0,0.0,0.0,0.03981083963328896
9,2024.0,0.0,Leprosy,All,92.63165384615385,0.0,0.0,,4.539368508429892,-0.527890422945474,0.0,0.0,0.0,92.63165384615385,232679478.0,55.03,92.63165384615385,92.63165384615385,0.0,92.63165384615385,0.0,0.0,0.0,0.03981083963328896
10,2024.0,0.0,Leprosy,All,92.63165384615385,0.0,0.0,,4.539368508429892,-0.527890422945474,0.0,0.0,0.0,92.63165384615385,232679478.0,55.03,92.63165384615385,92.63165384615385,0.0,92.63165384615385,0.0,0.0,0.0,0.03981083963328896
11,2024.0,0.0,Leprosy,All,92.63165384615385,0.0,0.0,,4.539368508429892,-0.527890422945474,0.0,0.0,0.0,92.63165384615385,232679478.0,55.03,92.63165384615385,92.63165384615385,0.0,92.63165384615385,0.0,0.0,0.0,0.03981083963328896
12,2024.0,0.0,Leprosy,All,92.63165384615385,0.0,0.0,,4.539368508429892,-0.527890422945474,0.0,0.0,0.0,92.63165384615385,232679478.0,55.03,92.63165384615385,92.63165384615385,0.0,92.63165384615385,0.0,0.0,0.0,0.03981083963328896
13,2024.0,0.0,Leprosy,All,92.63165384615385,0.0,0.0,,4.539368508429892,-0.527890422945474,0.0,0.0,0.0,92.63165384615385,232679478.0,55.03,92.63165384615385,92.63165384615385,0.0,92.63165384615385,0.0,0.0,0.0,0.03981083963328896
14,2024.0,0.0,Leprosy,All,92.63165384615385,0.0,0.0,,4.539368508429892,-0.527890422945474,0.0,0.0,0.0,92.63165384615385,232679478.0,55.03,92.63165384615385,92.63165384615385,0.0,92.63165384615385,0.0,0.0,0.0,0.03981083963328896
15,2024.0,0.0,Leprosy,All,92.63165384615385,0.0,0.0,,4.539368508429892,-0.527890422945474,0.0,0.0,0.0,92.63165384615385,232679478.0,55.03,92.63165384615385,92.63165384615385,0.0,92.63165384615385,0.0,0.0,0.0,0.03981083963328896
16,2024.0,0.0,Leprosy,All,92.63165384615385,0.0,0.0,,4.539368508429892,-0.527890422945474,0.0,0.0,0.0,92.63165384615385,232679478.0,55.03,92.63165384615385,92.63165384615385,0.0,92.63165384615385,0.0,0.0,0.0,0.03981083963328896
17,2024.0,0.0,Leprosy,All,92.63165384615385,0.0,0.0,,4.539368508429892,-0.527890422945474,0.0,0.0,0.0,92.63165384615385,232679478.0,55.03,92.63165384615385,92.63165384615385,0.0,92.63165384615385,0.0,0.0,0.0,0.03981083963328896
18,2024.0,0.0,Leprosy,All,92.63165384615385,0.0,0.0,,4.539368508429892,-0.527890422945474,0.0,0.0,0.0,92.63165384615385,232679478.0,55.03,92.63165384615385,92.63165384615385,0.0,92.63165384615385,0.0,0.0,0.0,0.03981083963328896
19,2024.0,0.0,Leprosy,All,92.63165384615385,0.0,0.0,,4.539368508429892,-0.527890422945474,0.0,0.0,0.0,92.63165384615385,232679478.0,55.03,92.63165384615385,92.63165384615385,0.0,92.63165384615385,0.0,0.0,0.0,0.03981083963328896
20,2024.0,0.0,Leprosy,All,92.63165384615385,0.0,0.0,,4.539368508429892,-0.527890422945474,0.0,0.0,0.0,92.63165384615385,232679478.0,55.03,92.63165384615385,92.63165384615385,0.0,92.63165384615385,0.0,0.0,0.0,0.03981083963328896
21,2024.0,0.0,Leprosy,All,92.63165384615385,0.0,0.0,,4.539368508429892,-0.527890422945474,0.0,0.0,0.0,92.63165384615385,232679478.0,55.03,92.63165384615385,92.63165384615385,0.0,92.63165384615385,0.0,0.0,0.0,0.03981083963328896
22,2024.0,0.0,Leprosy,All,92.63165384615385,0.0,0.0,,4.539368508429892,-0.527890422945474,0.0,0.0,0.0,92.63165384615385,232679478.0,55.03,92.63165384615385,92.63165384615385,0.0,92.63165384615385,0.0,0.0,0.0,0.03981083963328896
23,2024.0,0.0,Leprosy,All,92.63165384615385,0.0,0.0,,4.539368508429892,-0.527890422945474,0.0,0.0,0.0,92.63165384615385,232679478.0,55.03,92.63165384615385,92.63165384615385,0.0,92.63165384615385,0.0,0.0,0.0,0.03981083963328896
24,2024.0,0.0,Leprosy,All,92.63165384615385,0.0,0.0,,4.539368508429892,-0.527890422945474,0.0,0.0,0.0,92.63165384615385,232679478.0,55.03,92.63165384615385,92.63165384615385,0.0,92.63165384615385,0.0,0.0,0.0,0.03981083963328896
25,2024.0,0.0,Leprosy,All,92.63165384615385,0.0,0.0,,4.539368508429892,-0.527890422945474,0.0,0.0,0.0,92.63165384615385,232679478.0,55.03,92.63165384615385,92.63165384615385,0.0,92.63165384615385,0.0,0.0,0.0,0.03981083963328896
26,2024.0,0.0,Leprosy,All,92.63165384615385,0.0,0.0,,4.539368508429892,-0.527890422945474,0.0,0.0,0.0,92.63165384615385,232679478.0,55.03,92.63165384615385,92.63165384615385,0.0,92.63165384615385,0.0,0.0,0.0,0.03981083963328896
27,2024.0,0.0,Leprosy,All,92.63165384615385,0.0,0.0,,4.539368508429892,-0.527890422945474,0.0,0.0,0.0,92.63165384615385,232679478.0,55.03,92.63165384615385,92.63165384615385,0.0,92.63165384615385,0.0,0.0,0.0,0.03981083963328896
28,2024.0,0.0,Leprosy,All,92.63165384615385,0.0,0.0,,4.539368508429892,-0.527890422945474,0.0,0.0,0.0,92.63165384615385,232679478.0,55.03,92.63165384615385,92.63165384615385,0.0,92.63165384615385,0.0,0.0,0.0,0.03981083963328896
29,2024.0,0.0,Leprosy,All,92.63165384615385,0.0,0.0,,4.539368508429892,-0.527890422945474,0.0,0.0,0.0,92.63165384615385,232679478.0,55.03,92.63165384615385,92.63165384615385,0.0,92.63165384615385,0.0,0.0,0.0,0.03981083963328896
30,2024.0,0.0,Leprosy,All,92.63165384615385,0.0,0.0,,4.539368508429892,-0.527890422945474,0.0,0.0,0.0,92.63165384615385,232679478.0,55.03,92.63165384615385,92.63165384615385,0.0,92.63165384615385,0.0,0.0,0.0,0.03981083963328896
31,2024.0,0.0,Leprosy,All,92.63165384615385,0.0,0.0,,4.539368508429892,-0.527890422945474,0.0,0.0,0.0,92.63165384615385,232679478.0,55.03,92.63165384615385,92.63165384615385,0.0,92.63165384615385,0.0,0.0,0.0,0.03981083963328896
32,2024.0,0.0,Leprosy,All,92.63165384615385,0.0,0.0,,4.539368508429892,-0.527890422945474,0.0,0.0,0.0,92.63165384615385,232679478.0,55.03,92.63165384615385,92.63165384615385,0.0,92.63165384615385,0.0,0.0,0.0,0.03981083963328896
33,2024.0,0.0,Leprosy,All,92.63165384615385,0.0,0.0,,4.539368508429892,-0.527890422945474,0.0,0.0,0.0,92.63165384615385,232679478.0,55.03,92.63165384615385,92.63165384615385,0.0,92.63165384615385,0.0,0.0,0.0,0.03981083963328896
34,2024.0,0.0,Leprosy,All,92.63165384615385,0.0,0.0,,4.539368508429892,-0.527890422945474,0.0,0.0,0.0,92.63165384615385,232679478.0,55.03,92.63165384615385,92.63165384615385,0.0,92.63165384615385,0.0,0.0,0.0,0.03981083963328896
35,2024.0,0.0,Leprosy,All,92.63165384615385,0.0,0.0,,4.539368508429892,-0.527890422945474,0.0,0.0,0.0,92.63165384615385,232679478.0,55.03,92.63165384615385,92.63165384615385,0.0,92.63165384615385,0.0,0.0,0.0,0.03981083963328896
36,2024.0,0.0,Leprosy,All,92.63165384615385,0.0,0.0,,4.539368508429892,-0.527890422945474,0.0,0.0,0.0,92.63165384615385,232679478.0,55.03,92.63165384615385,92.63165384615385,0.0,92.63165384615385,0.0,0.0,0.0,0.03981083963328896
37,2024.0,0.0,Leprosy,All,92.63165384615385,0.0,0.0,,4.539368508429892,-0.527890422945474,0.0,0.0,0.0,92.63165384615385,232679478.0,55.03,92.63165384615385,92.63165384615385,0.0,92.63165384615385,0.0,0.0,0.0,0.03981083963328896
38,2024.0,0.0,Leprosy,All,92.63165384615385,0.0,0.0,,4.539368508429892,-0.527890422945474,0.0,0.0,0.0,92.63165384615385,232679478.0,55.03,92.63165384615385,92.63165384615385,0.0,92.63165384615385,0.0,0.0,0.0,0.03981083963328896
39,2024.0,0.0,Leprosy,All,92.63165384615385,0.0,0.0,,4.539368508429892,-0.527890422945474,0.0,0.0,0.0,92.63165384615385,232679478.0,55.03,92.63165384615385,92.63165384615385,0.0,92.63165384615385,0.0,0.0,0.0,0.03981083963328896
40,2024.0,0.0,Leprosy,All,92.63165384615385,0.0,0.0,,4.539368508429892,-0.527890422945474,0.0,0.0,0.0,92.63165384615385,232679478.0,55.03,92.63165384615385,92.63165384615385,0.0,92.63165384615385,0.0,0.0,0.0,0.03981083963328896
41,2024.0,0.0,Leprosy,All,92.63165384615385,0.0,0.0,,4.539368508429892,-0.527890422945474,0.0,0.0,0.0,92.63165384615385,232679478.0,55.03,92.63165384615385,92.63165384615385,0.0,92.63165384615385,0.0,0.0,0.0,0.03981083963328896
42,2024.0,0.0,Leprosy,All,92.63165384615385,0.0,0.0,,4.539368508429892,-0.527890422945474,0.0,0.0,0.0,92.63165384615385,232679478.0,55.03,92.63165384615385,92.63165384615385,0.0,92.63165384615385,0.0,0.0,0.0,0.03981083963328896
43,2024.0,0.0,Leprosy,All,92.63165384615385,0.0,0.0,,4.539368508429892,-0.527890422945474,0.0,0.0,0.0,92.63165384615385,232679478.0,55.03,92.63165384615385,92.63165384615385,0.0,92.63165384615385,0.0,0.0,0.0,0.03981083963328896
44,2024.0,0.0,Leprosy,All,92.63165384615385,0.0,0.0,,4.539368508429892,-0.527890422945474,0.0,0.0,0.0,92.63165384615385,232679478.0,55.03,92.63165384615385,92.63165384615385,0.0,92.63165384615385,0.0,0.0,0.0,0.03981083963328896
45,2024.0,0.0,Leprosy,All,92.63165384615385,0.0,0.0,,4.539368508429892,-0.527890422945474,0.0,0.0,0.0,92.63165384615385,232679478.0,55.03,92.63165384615385,92.63165384615385,0.0,92.63165384615385,0.0,0.0,0.0,0.03981083963328896
46,2024.0,0.0,Leprosy,All,92.63165384615385,0.0,0.0,,4.539368508429892,-0.527890422945474,0.0,0.0,0.0,92.63165384615385,232679478.0,55.03,92.63165384615385,92.63165384615385,0.0,92.63165384615385,0.0,0.0,0.0,0.03981083963328896
47,2024.0,0.0,Leprosy,All,92.63165384615385,0.0,0.0,,4.539368508429892,-0.527890422945474,0.0,0.0,0.0,92.63165384615385,232679478.0,55.03,92.63165384615385,92.63165384615385,0.0,92.63165384615385,0.0,0.0,0.0,0.03981083963328896
48,2024.0,0.0,Leprosy,All,92.63165384615385,0.0,0.0,,4.539368508429892,-0.527890422945474,0.0,0.0,0.0,92.63165384615385,232679478.0,55.03,92.63165384615385,92.63165384615385,0.0,92.63165384615385,0.0,0.0,0.0,0.03981083963328896
49,2024.0,0.0,Leprosy,All,92.63165384615385,0.0,0.0,,4.539368508429892,-0.527890422945474,0.0,0.0,0.0,92.63165384615385,232679478.0,55.03,92.63165384615385,92.63165384615385,0.0,92.63165384615385,0.0,0.0,0.0,0.03981083963328896
50,2024.0,0.0,Leprosy,All,92.63165384615385,0.0,0.0,,4.539368508429892,-0.527890422945474,0.0,0.0,0.0,92.63165384615385,232679478.0,55.03,92.63165384615385,92.63165384615385,0.0,92.63165384615385,0.0,0.0,0.0,0.03981083963328896
51,2024.0,0.0,Leprosy,All,92.63165384615385,0.0,0.0,,4.539368508429892,-0.527890422945474,0.0,0.0,0.0,92.63165384615385,232679478.0,55.03,92.63165384615385,92.63165384615385,0.0,92.63165384615385,0.0,0.0,0.0,0.03981083963328896
52,2024.0,0.0,Leprosy,All,92.63165384615385,0.0,0.0,,4.539368508429892,-0.527890422945474,0.0,0.0,0.0,92.63165384615385,232679478.0,55.03,92.63165384615385,92.63165384615385,0.0,92.63165384615385,0.0,0.0,0.0,0.03981083963328896
1,2000.0,0.0,Malaria,All,976519.6153846154,0.0,0.0,,13.791751140581008,-0.8107625812029295,0.0,0.0,0.0,976519.6153846154,0.0,34.84,0.0,0.0,0.0,976519.6153846154,0.0,0.0,0.0,0.0
2,2000.0,0.0,Malaria,All,976519.6153846154,0.0,0.0,,13.791751140581008,-0.8107625812029295,0.0,0.0,0.0,976519.6153846154,0.0,34.84,976519.6153846154,0.0,0.0,976519.6153846154,0.0,0.0,0.0,0.0
3,2000.0,0.0,Malaria,All,976519.6153846154,0.0,0.0,,13.791751140581008,-0.8107625812029295,0.0,0.0,0.0,976519.6153846154,0.0,34.84,976519.6153846154,976519.6153846154,0.0,976519.6153846154,0.0,0.0,0.0,0.0
4,2000.0,0.0,Malaria,All,976519.6153846154,0.0,0.0,,13.791751140581008,-0.8107625812029295,0.0,0.0,0.0,976519.6153846154,0.0,34.84,976519.6153846154,976519.6153846154,0.0,976519.6153846154,0.0,0.0,0.0,0.0
5,2000.0,0.0,Malaria,All,976519.6153846154,0.0,0.0,,13.791751140581008,-0.8107625812029295,0.0,0.0,0.0,976519.6153846154,0.0,34.84,976519.6153846154,976519.6153846154,0.0,976519.6153846154,0.0,0.0,0.0,0.0
6,2000.0,0.0,Malaria,All,976519.6153846154,0.0,0.0,,13.791751140581008,-0.8107625812029295,0.0,0.0,0.0,976519.6153846154,0.0,34.84,976519.6153846154,976519.6153846154,0.0,976519.6153846154,0.0,0.0,0.0,0.0
7,2000.0,0.0,Malaria,All,976519.6153846154,0.0,0.0,,13.791751140581008,-0.8107625812029295,0.0,0.0,0.0,976519.6153846154,0.0,34.84,976519.6153846154,976519.6153846154,0.0,976519.6153846154,0.0,0.0,0.0,0.0
8,2000.0,0.0,Malaria,All,976519.6153846154,0.0,0.0,,13.791751140581008,-0.8107625812029295,0.0,0.0,0.0,976519.6153846154,0.0,34.84,976519.6153846154,976519.6153846154,0.0,976519.6153846154,0.0,0.0,0.0,0.0
9,2000.0,0.0,Malaria,All,976519.6153846154,0.0,0.0,,13.791751140581008,-0.8107625812029295,0.0,0.0,0.0,976519.6153846154,0.0,34.84,976519.6153846154,976519.6153846154,0.0,976519.6153846154,0.0,0.0,0.0,0.0
10,2000.0,0.0,Malaria,All,976519.6153846154,0.0,0.0,,13.791751140581008,-0.8107625812029295,0.0,0.0,0.0,976519.6153846154,0.0,34.84,976519.6153846154,976519.6153846154,0.0,976519.6153846154,0.0,0.0,0.0,0.0
11,2000.0,0.0,Malaria,All,976519.6153846154,0.0,0.0,,13.791751140581008,-0.8107625812029295,0.0,0.0,0.0,976519.6153846154,0.0,34.84,976519.6153846154,976519.6153846154,0.0,976519.6153846154,0.0,0.0,0.0,0.0
12,2000.0,0.0,Malaria,All,976519.6153846154,0.0,0.0,,13.791751140581008,-0.8107625812029295,0.0,0.0,0.0,976519.6153846154,0.0,34.84,976519.6153846154,976519.6153846154,0.0,976519.6153846154,0.0,0.0,0.0,0.0
13,2000.0,0.0,Malaria,All,976519.6153846154,0.0,0.0,,13.791751140581008,-0.8107625812029295,0.0,0.0,0.0,976519.6153846154,0.0,34.84,976519.6153846154,976519.6153846154,0.0,976519.6153846154,0.0,0.0,0.0,0.0
14,2000.0,0.0,Malaria,All,976519.6153846154,0.0,0.0,,13.791751140581008,-0.8107625812029295,0.0,0.0,0.0,976519.6153846154,0.0,34.84,976519.6153846154,976519.6153846154,0.0,976519.6153846154,0.0,0.0,0.0,0.0
15,2000.0,0.0,Malaria,All,976519.6153846154,0.0,0.0,,13.791751140581008,-0.8107625812029295,0.0,0.0,0.0,976519.6153846154,0.0,34.84,976519.6153846154,976519.6153846154,0.0,976519.6153846154,0.0,0.0,0.0,0.0
16,2000.0,0.0,Malaria,All,976519.6153846154,0.0,0.0,,13.791751140581008,-0.8107625812029295,0.0,0.0,0.0,976519.6153846154,0.0,34.84,976519.6153846154,976519.6153846154,0.0,976519.6153846154,0.0,0.0,0.0,0.0
17,2000.0,0.0,Malaria,All,976519.6153846154,0.0,0.0,,13.791751140581008,-0.8107625812029295,0.0,0.0,0.0,976519.6153846154,0.0,34.84,976519.6153846154,976519.6153846154,0.0,976519.6153846154,0.0,0.0,0.0,0.0
18,2000.0,0.0,Malaria,All,976519.6153846154,0.0,0.0,,13.791751140581008,-0.8107625812029295,0.0,0.0,0.0,976519.6153846154,0.0,34.84,976519.6153846154,976519.6153846154,0.0,976519.6153846154,0.0,0.0,0.0,0.0
19,2000.0,0.0,Malaria,All,976519.6153846154,0.0,0.0,,13.791751140581008,-0.8107625812029295,0.0,0.0,0.0,976519.6153846154,0.0,34.84,976519.6153846154,976519.6153846154,0.0,976519.6153846154,0.0,0.0,0.0,0.0
20,2000.0,0.0,Malaria,All,976519.6153846154,0.0,0.0,,13.791751140581008,-0.8107625812029295,0.0,0.0,0.0,976519.6153846154,0.0,34.84,976519.6153846154,976519.6153846154,0.0,976519.6153846154,0.0,0.0,0.0,0.0
21,2000.0,0.0,Malaria,All,976519.6153846154,0.0,0.0,,13.791751140581008,-0.8107625812029295,0.0,0.0,0.0,976519.6153846154,0.0,34.84,976519.6153846154,976519.6153846154,0.0,976519.6153846154,0.0,0.0,0.0,0.0
22,2000.0,0.0,Malaria,All,976519.6153846154,0.0,0.0,,13.791751140581008,-0.8107625812029295,0.0,0.0,0.0,976519.6153846154,0.0,34.84,976519.6153846154,976519.6153846154,0.0,976519.6153846154,0.0,0.0,0.0,0.0
23,2000.0,0.0,Malaria,All,976519.6153846154,0.0,0.0,,13.791751140581008,-0.8107625812029295,0.0,0.0,0.0,976519.6153846154,0.0,34.84,976519.6153846154,976519.6153846154,0.0,976519.6153846154,0.0,0.0,0.0,0.0
24,2000.0,0.0,Malaria,All,976519.6153846154,0.0,0.0,,13.791751140581008,-0.8107625812029295,0.0,0.0,0.0,976519.6153846154,0.0,34.84,976519.6153846154,976519.6153846154,0.0,976519.6153846154,0.0,0.0,0.0,0.0
25,2000.0,0.0,Malaria,All,976519.6153846154,0.0,0.0,,13.791751140581008,-0.8107625812029295,0.0,0.0,0.0,976519.6153846154,0.0,34.84,976519.6153846154,976519.6153846154,0.0,976519.6153846154,0.0,0.0,0.0,0.0
26,2000.0,0.0,Malaria,All,976519.6153846154,0.0,0.0,,13.791751140581008,-0.8107625812029295,0.0,0.0,0.0,976519.6153846154,0.0,34.84,976519.6153846154,976519.6153846154,0.0,976519.6153846154,0.0,0.0,0.0,0.0
27,2000.0,0.0,Malaria,All,976519.6153846154,0.0,0.0,,13.791751140581008,-0.8107625812029295,0.0,0.0,0.0,976519.6153846154,0.0,34.84,976519.6153846154,976519.6153846154,0.0,976519.6153846154,0.0,0.0,0.0,0.0
28,2000.0,0.0,Malaria,All,976519.6153846154,0.0,0.0,,13.791751140581008,-0.8107625812029295,0.0,0.0,0.0,976519.6153846154,0.0,34.84,976519.6153846154,976519.6153846154,0.0,976519.6153846154,0.0,0.0,0.0,0.0
29,2000.0,0.0,Malaria,All,976519.6153846154,0.0,0.0,,13.791751140581008,-0.8107625812029295,0.0,0.0,0.0,976519.6153846154,0.0,34.84,976519.6153846154,976519.6153846154,0.0,976519.6153846154,0.0,0.0,0.0,0.0
30,2000.0,0.0,Malaria,All,976519.6153846154,0.0,0.0,,13.791751140581008,-0.8107625812029295,0.0,0.0,0.0,976519.6153846154,0.0,34.84,976519.6153846154,976519.6153846154,0.0,976519.6153846154,0.0,0.0,0.0,0.0
31,2000.0,0.0,Malaria,All,976519.6153846154,0.0,0.0,,13.791751140581008,-0.8107625812029295,0.0,0.0,0.0,976519.6153846154,0.0,34.84,976519.6153846154,976519.6153846154,0.0,976519.6153846154,0.0,0.0,0.0,0.0
32,2000.0,0.0,Malaria,All,976519.6153846154,0.0,0.0,,13.791751140581008,-0.8107625812029295,0.0,0.0,0.0,976519.6153846154,0.0,34.84,976519.6153846154,976519.6153846154,0.0,976519.6153846154,0.0,0.0,0.0,0.0
33,2000.0,0.0,Malaria,All,976519.6153846154,0.0,0.0,,13.791751140581008,-0.8107625812029295,0.0,0.0,0.0,976519.6153846154,0.0,34.84,976519.6153846154,976519.6153846154,0.0,976519.6153846154,0.0,0.0,0.0,0.0
34,2000.0,0.0,Malaria,All,976519.6153846154,0.0,0.0,,13.791751140581008,-0.8107625812029295,0.0,0.0,0.0,976519.6153846154,0.0,34.84,976519.6153846154,976519.6153846154,0.0,976519.6153846154,0.0,0.0,0.0,0.0
35,2000.0,0.0,Malaria,All,976519.6153846154,0.0,0.0,,13.791751140581008,-0.8107625812029295,0.0,0.0,0.0,976519.6153846154,0.0,34.84,976519.6153846154,976519.6153846154,0.0,976519.6153846154,0.0,0.0,0.0,0.0
36,2000.0,0.0,Malaria,All,976519.6153846154,0.0,0.0,,13.791751140581008,-0.8107625812029295,0.0,0.0,0.0,976519.6153846154,0.0,34.84,976519.6153846154,976519.6153846154,0.0,976519.6153846154,0.0,0.0,0.0,0.0
37,2000.0,0.0,Malaria,All,976519.6153846154,0.0,0.0,,13.791751140581008,-0.8107625812029295,0.0,0.0,0.0,976519.6153846154,0.0,34.84,976519.6153846154,976519.6153846154,0.0,976519.6153846154,0.0,0.0,0.0,0.0
38,2000.0,0.0,Malaria,All,976519.6153846154,0.0,0.0,,13.791751140581008,-0.8107625812029295,0.0,0.0,0.0,976519.6153846154,0.0,34.84,976519.6153846154,976519.6153846154,0.0,976519.6153846154,0.0,0.0,0.0,0.0
39,2000.0,0.0,Malaria,All,976519.6153846154,0.0,0.0,,13.791751140581008,-0.8107625812029295,0.0,0.0,0.0,976519.6153846154,0.0,34.84,976519.6153846154,976519.6153846154,0.0,976519.6153846154,0.0,0.0,0.0,0.0
40,2000.0,0.0,Malaria,All,976519.6153846154,0.0,0.0,,13.791751140581008,-0.8107625812029295,0.0,0.0,0.0,976519.6153846154,0.0,34.84,976519.6153846154,976519.6153846154,0.0,976519.6153846154,0.0,0.0,0.0,0.0
41,2000.0,0.0,Malaria,All,976519.6153846154,0.0,0.0,,13.791751140581008,-0.8107625812029295,0.0,0.0,0.0,976519.6153846154,0.0,34.84,976519.6153846154,976519.6153846154,0.0,976519.6153846154,0.0,0.0,0.0,0.0
42,2000.0,0.0,Malaria,All,976519.6153846154,0.0,0.0,,13.791751140581008,-0.8107625812029295,0.0,0.0,0.0,976519.6153846154,0.0,34.84,976519.6153846154,976519.6153846154,0.0,976519.6153846154,0.0,0.0,0.0,0.0
43,2000.0,0.0,Malaria,All,976519.6153846154,0.0,0.0,,13.791751140581008,-0.8107625812029295,0.0,0.0,0.0,976519.6153846154,0.0,34.84,976519.6153846154,976519.6153846154,0.0,976519.6153846154,0.0,0.0,0.0,0.0
44,2000.0,0.0,Malaria,All,976519.6153846154,0.0,0.0,,13.791751140581008,-0.8107625812029295,0.0,0.0,0.0,976519.6153846154,0.0,34.84,976519.6153846154,976519.6153846154,0.0,976519.6153846154,0.0,0.0,0.0,0.0
45,2000.0,0.0,Malaria,All,976519.6153846154,0.0,0.0,,13.791751140581008,-0.8107625812029295,0.0,0.0,0.0,976519.6153846154,0.0,34.84,976519.6153846154,976519.6153846154,0.0,976519.6153846154,0.0,0.0,0.0,0.0
46,2000.0,0.0,Malaria,All,976519.6153846154,0.0,0.0,,13.791751140581008,-0.8107625812029295,0.0,0.0,0.0,976519.6153846154,0.0,34.84,976519.6153846154,976519.6153846154,0.0,976519.6153846154,0.0,0.0,0.0,0.0
47,2000.0,0.0,Malaria,All,976519.6153846154,0.0,0.0,,13.791751140581008,-0.8107625812029295,0.0,0.0,0.0,976519.6153846154,0.0,34.84,976519.6153846154,976519.6153846154,0.0,976519.6153846154,0.0,0.0,0.0,0.0
48,2000.0,0.0,Malaria,All,976519.6153846154,0.0,0.0,,13.791751140581008,-0.8107625812029295,0.0,0.0,0.0,976519.6153846154,0.0,34.84,976519.6153846154,976519.6153846154,0.0,976519.6153846154,0.0,0.0,0.0,0.0
49,2000.0,0.0,Malaria,All,976519.6153846154,0.0,0.0,,13.791751140581008,-0.8107625812029295,0.0,0.0,0.0,976519.6153846154,0.0,34.84,976519.6153846154,976519.6153846154,0.0,976519.6153846154,0.0,0.0,0.0,0.0
50,2000.0,0.0,Malaria,All,976519.6153846154,0.0,0.0,,13.791751140581008,-0.8107625812029295,0.0,0.0,0.0,976519.6153846154,0.0,34.84,976519.6153846154,976519.6153846154,0.0,976519.6153846154,0.0,0.0,0.0,0.0
51,2000.0,0.0,Malaria,All,976519.6153846154,0.0,0.0,,13.791751140581008,-0.8107625812029295,0.0,0.0,0.0,976519.6153846154,0.0,34.84,976519.6153846154,976519.6153846154,0.0,976519.6153846154,0.0,0.0,0.0,0.0
52,2000.0,0.0,Malaria,All,976519.6153846154,0.0,0.0,,13.791751140581008,-0.8107625812029295,0.0,0.0,0.0,976519.6153846154,0.0,34.84,976519.6153846154,976519.6153846154,0.0,976519.6153846154,0.0,0.0,0.0,0.0
1,2001.0,0.0,Malaria,All,985186.7884615384,0.0,0.0,,13.800587550167473,-0.8044030489502084,0.0,0.0,0.0,985186.7884615384,0.0,35.669,976519.6153846154,976519.6153846154,0.0,978686.4086538461,4333.586538461503,0.0,0.008875574991403857,0.0
2,2001.0,0.0,Malaria,All,985186.7884615384,0.0,0.0,,13.800587550167473,-0.8044030489502084,0.0,0.0,0.0,985186.7884615384,0.0,35.669,985186.7884615384,980853.2019230769,0.0,980853.2019230768,5003.994709074583,0.0,0.0,0.0
3,2001.0,0.0,Malaria,All,985186.7884615384,0.0,0.0,,13.800587550167473,-0.8044030489502084,0.0,0.0,0.0,985186.7884615384,0.0,35.669,985186.7884615384,985186.7884615384,0.0,983019.9951923076,4333.586538461503,0.0,0.0,0.0
4,2001.0,0.0,Malaria,All,985186.7884615384,0.0,0.0,,13.800587550167473,-0.8044030489502084,0.0,0.0,0.0,985186.7884615384,0.0,35.669,985186.7884615384,985186.7884615384,0.0,985186.7884615384,0.0,0.0,0.0,0.0
5,2001.0,0.0,Malaria,All,985186.7884615384,0.0,0.0,,13.800587550167473,-0.8044030489502084,0.0,0.0,0.0,985186.7884615384,0.0,35.669,985186.7884615384,985186.7884615384,0.0,985186.7884615384,0.0,0.0,0.0,0.0
6,2001.0,0.0,Malaria,All,985186.7884615384,0.0,0.0,,13.800587550167473,-0.8044030489502084,0.0,0.0,0.0,985186.7884615384,0.0,35.669,985186.7884615384,985186.7884615384,0.0,985186.7884615384,0.0,0.0,0.0,0.0
7,2001.0,0.0,Malaria,All,985186.7884615384,0.0,0.0,,13.800587550167473,-0.8044030489502084,0.0,0.0,0.0,985186.7884615384,0.0,35.669,985186.7884615384,985186.7884615384,0.0,985186.7884615384,0.0,0.0,0.0,0.0
8,2001.0,0.0,Malaria,All,985186.7884615384,0.0,0.0,,13.800587550167473,-0.8044030489502084,0.0,0.0,0.0,985186.7884615384,0.0,35.669,985186.7884615384,985186.7884615384,0.0,985186.7884615384,0.0,0.0,0.0,0.0
9,2001.0,0.0,Malaria,All,985186.7884615384,0.0,0.0,,13.800587550167473,-0.8044030489502084,0.0,0.0,0.0,985186.7884615384,0.0,35.669,985186.7884615384,985186.7884615384,0.0,985186.7884615384,0.0,0.0,0.0,0.0
10,2001.0,0.0,Malaria,All,985186.7884615384,0.0,0.0,,13.800587550167473,-0.8044030489502084,0.0,0.0,0.0,985186.7884615384,0.0,35.669,985186.7884615384,985186.7884615384,0.0,985186.7884615384,0.0,0.0,0.0,0.0
11,2001.0,0.0,Malaria,All,985186.7884615384,0.0,0.0,,13.800587550167473,-0.8044030489502084,0.0,0.0,0.0,985186.7884615384,0.0,35.669,985186.7884615384,985186.7884615384,0.0,985186.7884615384,0.0,0.0,0.0,0.0
12,2001.0,0.0,Malaria,All,985186.7884615384,0.0,0.0,,13.800587550167473,-0.8044030489502084,0.0,0.0,0.0,985186.7884615384,0.0,35.669,985186.7884615384,985186.7884615384,0.0,985186.7884615384,0.0,0.0,0.0,0.0
13,2001.0,0.0,Malaria,All,985186.7884615384,0.0,0.0,,13.800587550167473,-0.8044030489502084,0.0,0.0,0.0,985186.7884615384,0.0,35.669,985186.7884615384,985186.7884615384,0.0,985186.7884615384,0.0,0.0,0.0,0.0
14,2001.0,0.0,Malaria,All,985186.7884615384,0.0,0.0,,13.800587550167473,-0.8044030489502084,0.0,0.0,0.0,985186.7884615384,0.0,35.669,985186.7884615384,985186.7884615384,0.0,985186.7884615384,0.0,0.0,0.0,0.0
15,2001.0,0.0,Malaria,All,985186.7884615384,0.0,0.0,,13.800587550167473,-0.8044030489502084,0.0,0.0,0.0,985186.7884615384,0.0,35.669,985186.7884615384,985186.7884615384,0.0,985186.7884615384,0.0,0.0,0.0,0.0
16,2001.0,0.0,Malaria,All,985186.7884615384,0.0,0.0,,13.800587550167473,-0.8044030489502084,0.0,0.0,0.0,985186.7884615384,0.0,35.669,985186.7884615384,985186.7884615384,0.0,985186.7884615384,0.0,0.0,0.0,0.0
17,2001.0,0.0,Malaria,All,985186.7884615384,0.0,0.0,,13.800587550167473,-0.8044030489502084,0.0,0.0,0.0,985186.7884615384,0.0,35.669,985186.7884615384,985186.7884615384,0.0,985186.7884615384,0.0,0.0,0.0,0.0
18,2001.0,0.0,Malaria,All,985186.7884615384,0.0,0.0,,13.800587550167473,-0.8044030489502084,0.0,0.0,0.0,985186.7884615384,0.0,35.669,985186.7884615384,985186.7884615384,0.0,985186.7884615384,0.0,0.0,0.0,0.0
19,2001.0,0.0,Malaria,All,985186.7884615384,0.0,0.0,,13.800587550167473,-0.8044030489502084,0.0,0.0,0.0,985186.7884615384,0.0,35.669,985186.7884615384,985186.7884615384,0.0,985186.7884615384,0.0,0.0,0.0,0.0
20,2001.0,0.0,Malaria,All,985186.7884615384,0.0,0.0,,13.800587550167473,-0.8044030489502084,0.0,0.0,0.0,985186.7884615384,0.0,35.669,985186.7884615384,985186.7884615384,0.0,985186.7884615384,0.0,0.0,0.0,0.0
21,2001.0,0.0,Malaria,All,985186.7884615384,0.0,0.0,,13.800587550167473,-0.8044030489502084,0.0,0.0,0.0,985186.7884615384,0.0,35.669,985186.7884615384,985186.7884615384,0.0,985186.7884615384,0.0,0.0,0.0,0.0
22,2001.0,0.0,Malaria,All,985186.7884615384,0.0,0.0,,13.800587550167473,-0.8044030489502084,0.0,0.0,0.0,985186.7884615384,0.0,35.669,985186.7884615384,985186.7884615384,0.0,985186.7884615384,0.0,0.0,0.0,0.0
23,2001.0,0.0,Malaria,All,985186.7884615384,0.0,0.0,,13.800587550167473,-0.8044030489502084,0.0,0.0,0.0,985186.7884615384,0.0,35.669,985186.7884615384,985186.7884615384,0.0,985186.7884615384,0.0,0.0,0.0,0.0
24,2001.0,0.0,Malaria,All,985186.7884615384,0.0,0.0,,13.800587550167473,-0.8044030489502084,0.0,0.0,0.0,985186.7884615384,0.0,35.669,985186.7884615384,985186.7884615384,0.0,985186.7884615384,0.0,0.0,0.0,0.0
25,2001.0,0.0,Malaria,All,985186.7884615384,0.0,0.0,,13.800587550167473,-0.8044030489502084,0.0,0.0,0.0,985186.7884615384,0.0,35.669,985186.7884615384,985186.7884615384,0.0,985186.7884615384,0.0,0.0,0.0,0.0
26,2001.0,0.0,Malaria,All,985186.7884615384,0.0,0.0,,13.800587550167473,-0.8044030489502084,0.0,0.0,0.0,985186.7884615384,0.0,35.669,985186.7884615384,985186.7884615384,0.0,985186.7884615384,0.0,0.0,0.0,0.0
27,2001.0,0.0,Malaria,All,985186.7884615384,0.0,0.0,,13.800587550167473,-0.8044030489502084,0.0,0.0,0.0,985186.7884615384,0.0,35.669,985186.7884615384,985186.7884615384,0.0,985186.7884615384,0.0,0.0,0.0,0.0
28,2001.0,0.0,Malaria,All,985186.7884615384,0.0,0.0,,13.800587550167473,-0.8044030489502084,0.0,0.0,0.0,985186.7884615384,0.0,35.669,985186.7884615384,985186.7884615384,0.0,985186.7884615384,0.0,0.0,0.0,0.0
29,2001.0,0.0,Malaria,All,985186.7884615384,0.0,0.0,,13.800587550167473,-0.8044030489502084,0.0,0.0,0.0,985186.7884615384,0.0,35.669,985186.7884615384,985186.7884615384,0.0,985186.7884615384,0.0,0.0,0.0,0.0
30,2001.0,0.0,Malaria,All,985186.7884615384,0.0,0.0,,13.800587550167473,-0.8044030489502084,0.0,0.0,0.0,985186.7884615384,0.0,35.669,985186.7884615384,985186.7884615384,0.0,985186.7884615384,0.0,0.0,0.0,0.0
31,2001.0,0.0,Malaria,All,985186.7884615384,0.0,0.0,,13.800587550167473,-0.8044030489502084,0.0,0.0,0.0,985186.7884615384,0.0,35.669,985186.7884615384,985186.7884615384,0.0,985186.7884615384,0.0,0.0,0.0,0.0
32,2001.0,0.0,Malaria,All,985186.7884615384,0.0,0.0,,13.800587550167473,-0.8044030489502084,0.0,0.0,0.0,985186.7884615384,0.0,35.669,985186.7884615384,985186.7884615384,0.0,985186.7884615384,0.0,0.0,0.0,0.0
33,2001.0,0.0,Malaria,All,985186.7884615384,0.0,0.0,,13.800587550167473,-0.8044030489502084,0.0,0.0,0.0,985186.7884615384,0.0,35.669,985186.7884615384,985186.7884615384,0.0,985186.7884615384,0.0,0.0,0.0,0.0
34,2001.0,0.0,Malaria,All,985186.7884615384,0.0,0.0,,13.800587550167473,-0.8044030489502084,0.0,0.0,0.0,985186.7884615384,0.0,35.669,985186.7884615384,985186.7884615384,0.0,985186.7884615384,0.0,0.0,0.0,0.0
35,2001.0,0.0,Malaria,All,985186.7884615384,0.0,0.0,,13.800587550167473,-0.8044030489502084,0.0,0.0,0.0,985186.7884615384,0.0,35.669,985186.7884615384,985186.7884615384,0.0,985186.7884615384,0.0,0.0,0.0,0.0
36,2001.0,0.0,Malaria,All,985186.7884615384,0.0,0.0,,13.800587550167473,-0.8044030489502084,0.0,0.0,0.0,985186.7884615384,0.0,35.669,985186.7884615384,985186.7884615384,0.0,985186.7884615384,0.0,0.0,0.0,0.0
37,2001.0,0.0,Malaria,All,985186.7884615384,0.0,0.0,,13.800587550167473,-0.8044030489502084,0.0,0.0,0.0,985186.7884615384,0.0,35.669,985186.7884615384,985186.7884615384,0.0,985186.7884615384,0.0,0.0,0.0,0.0
38,2001.0,0.0,Malaria,All,985186.7884615384,0.0,0.0,,13.800587550167473,-0.8044030489502084,0.0,0.0,0.0,985186.7884615384,0.0,35.669,985186.7884615384,985186.7884615384,0.0,985186.7884615384,0.0,0.0,0.0,0.0
39,2001.0,0.0,Malaria,All,985186.7884615384,0.0,0.0,,13.800587550167473,-0.8044030489502084,0.0,0.0,0.0,985186.7884615384,0.0,35.669,985186.7884615384,985186.7884615384,0.0,985186.7884615384,0.0,0.0,0.0,0.0
40,2001.0,0.0,Malaria,All,985186.7884615384,0.0,0.0,,13.800587550167473,-0.8044030489502084,0.0,0.0,0.0,985186.7884615384,0.0,35.669,985186.7884615384,985186.7884615384,0.0,985186.7884615384,0.0,0.0,0.0,0.0
41,2001.0,0.0,Malaria,All,985186.7884615384,0.0,0.0,,13.800587550167473,-0.8044030489502084,0.0,0.0,0.0,985186.7884615384,0.0,35.669,985186.7884615384,985186.7884615384,0.0,985186.7884615384,0.0,0.0,0.0,0.0
42,2001.0,0.0,Malaria,All,985186.7884615384,0.0,0.0,,13.800587550167473,-0.8044030489502084,0.0,0.0,0.0,985186.7884615384,0.0,35.669,985186.7884615384,985186.7884615384,0.0,985186.7884615384,0.0,0.0,0.0,0.0
43,2001.0,0.0,Malaria,All,985186.7884615384,0.0,0.0,,13.800587550167473,-0.8044030489502084,0.0,0.0,0.0,985186.7884615384,0.0,35.669,985186.7884615384,985186.7884615384,0.0,985186.7884615384,0.0,0.0,0.0,0.0
44,2001.0,0.0,Malaria,All,985186.7884615384,0.0,0.0,,13.800587550167473,-0.8044030489502084,0.0,0.0,0.0,985186.7884615384,0.0,35.669,985186.7884615384,985186.7884615384,0.0,985186.7884615384,0.0,0.0,0.0,0.0
45,2001.0,0.0,Malaria,All,985186.7884615384,0.0,0.0,,13.800587550167473,-0.8044030489502084,0.0,0.0,0.0,985186.7884615384,0.0,35.669,985186.7884615384,985186.7884615384,0.0,985186.7884615384,0.0,0.0,0.0,0.0
46,2001.0,0.0,Malaria,All,985186.7884615384,0.0,0.0,,13.800587550167473,-0.8044030489502084,0.0,0.0,0.0,985186.7884615384,0.0,35.669,985186.7884615384,985186.7884615384,0.0,985186.7884615384,0.0,0.0,0.0,0.0
47,2001.0,0.0,Malaria,All,985186.7884615384,0.0,0.0,,13.800587550167473,-0.8044030489502084,0.0,0.0,0.0,985186.7884615384,0.0,35.669,985186.7884615384,985186.7884615384,0.0,985186.7884615384,0.0,0.0,0.0,0.0
48,2001.0,0.0,Malaria,All,985186.7884615384,0.0,0.0,,13.800587550167473,-0.8044030489502084,0.0,0.0,0.0,985186.7884615384,0.0,35.669,985186.7884615384,985186.7884615384,0.0,985186.7884615384,0.0,0.0,0.0,0.0
49,2001.0,0.0,Malaria,All,985186.7884615384,0.0,0.0,,13.800587550167473,-0.8044030489502084,0.0,0.0,0.0,985186.7884615384,0.0,35.669,985186.7884615384,985186.7884615384,0.0,985186.7884615384,0.0,0.0,0.0,0.0
50,2001.0,0.0,Malaria,All,985186.7884615384,0.0,0.0,,13.800587550167473,-0.8044030489502084,0.0,0.0,0.0,985186.7884615384,0.0,35.669,985186.7884615384,985186.7884615384,0.0,985186.7884615384,0.0,0.0,0.0,0.0
51,2001.0,0.0,Malaria,All,985186.7884615384,0.0,0.0,,13.800587550167473,-0.8044030489502084,0.0,0.0,0.0,985186.7884615384,0.0,35.669,985186.7884615384,985186.7884615384,0.0,985186.7884615384,0.0,0.0,0.0,0.0
52,2001.0,0.0,Malaria,All,985186.7884615384,0.0,0.0,,13.800587550167473,-0.8044030489502084,0.0,0.0,0.0,985186.7884615384,0.0,35.669,985186.7884615384,985186.7884615384,0.0,985186.7884615384,0.0,0.0,0.0,0.0
1,2002.0,0.0,Malaria,All,979855.4230769232,0.0,0.0,,13.795161332849183,-0.8083149346150714,0.0,0.0,0.0,979855.4230769232,0.0,36.508,985186.7884615384,985186.7884615384,0.0,983853.9471153845,2665.682692307582,0.0,-0.005411527486011632,0.0
2,2002.0,0.0,Malaria,All,979855.4230769232,0.0,0.0,,13.795161332849183,-0.8083149346150714,0.0,0.0,0.0,979855.4230769232,0.0,36.508,979855.4230769232,982521.1057692308,0.0,982521.1057692309,3078.0652399558453,0.0,0.0,0.0
3,2002.0,0.0,Malaria,All,979855.4230769232,0.0,0.0,,13.795161332849183,-0.8083149346150714,0.0,0.0,0.0,979855.4230769232,0.0,36.508,979855.4230769232,979855.4230769232,0.0,981188.264423077,2665.682692307637,0.0,0.0,0.0
4,2002.0,0.0,Malaria,All,979855.4230769232,0.0,0.0,,13.795161332849183,-0.8083149346150714,0.0,0.0,0.0,979855.4230769232,0.0,36.508,979855.4230769232,979855.4230769232,0.0,979855.4230769232,0.0,0.0,0.0,0.0
5,2002.0,0.0,Malaria,All,979855.4230769232,0.0,0.0,,13.795161332849183,-0.8083149346150714,0.0,0.0,0.0,979855.4230769232,0.0,36.508,979855.4230769232,979855.4230769232,0.0,979855.4230769232,0.0,0.0,0.0,0.0
6,2002.0,0.0,Malaria,All,979855.4230769232,0.0,0.0,,13.795161332849183,-0.8083149346150714,0.0,0.0,0.0,979855.4230769232,0.0,36.508,979855.4230769232,979855.4230769232,0.0,979855.4230769232,0.0,0.0,0.0,0.0
7,2002.0,0.0,Malaria,All,979855.4230769232,0.0,0.0,,13.795161332849183,-0.8083149346150714,0.0,0.0,0.0,979855.4230769232,0.0,36.508,979855.4230769232,979855.4230769232,0.0,979855.4230769232,0.0,0.0,0.0,0.0
8,2002.0,0.0,Malaria,All,979855.4230769232,0.0,0.0,,13.795161332849183,-0.8083149346150714,0.0,0.0,0.0,979855.4230769232,0.0,36.508,979855.4230769232,979855.4230769232,0.0,979855.4230769232,0.0,0.0,0.0,0.0
9,2002.0,0.0,Malaria,All,979855.4230769232,0.0,0.0,,13.795161332849183,-0.8083149346150714,0.0,0.0,0.0,979855.4230769232,0.0,36.508,979855.4230769232,979855.4230769232,0.0,979855.4230769232,0.0,0.0,0.0,0.0
10,2002.0,0.0,Malaria,All,979855.4230769232,0.0,0.0,,13.795161332849183,-0.8083149346150714,0.0,0.0,0.0,979855.4230769232,0.0,36.508,979855.4230769232,979855.4230769232,0.0,979855.4230769232,0.0,0.0,0.0,0.0
11,2002.0,0.0,Malaria,All,979855.4230769232,0.0,0.0,,13.795161332849183,-0.8083149346150714,0.0,0.0,0.0,979855.4230769232,0.0,36.508,979855.4230769232,979855.4230769232,0.0,979855.4230769232,0.0,0.0,0.0,0.0
12,2002.0,0.0,Malaria,All,979855.4230769232,0.0,0.0,,13.795161332849183,-0.8083149346150714,0.0,0.0,0.0,979855.4230769232,0.0,36.508,979855.4230769232,979855.4230769232,0.0,979855.4230769232,0.0,0.0,0.0,0.0
13,2002.0,0.0,Malaria,All,979855.4230769232,0.0,0.0,,13.795161332849183,-0.8083149346150714,0.0,0.0,0.0,979855.4230769232,0.0,36.508,979855.4230769232,979855.4230769232,0.0,979855.4230769232,0.0,0.0,0.0,0.0
14,2002.0,0.0,Malaria,All,979855.4230769232,0.0,0.0,,13.795161332849183,-0.8083149346150714,0.0,0.0,0.0,979855.4230769232,0.0,36.508,979855.4230769232,979855.4230769232,0.0,979855.4230769232,0.0,0.0,0.0,0.0
15,2002.0,0.0,Malaria,All,979855.4230769232,0.0,0.0,,13.795161332849183,-0.8083149346150714,0.0,0.0,0.0,979855.4230769232,0.0,36.508,979855.4230769232,979855.4230769232,0.0,979855.4230769232,0.0,0.0,0.0,0.0
16,2002.0,0.0,Malaria,All,979855.4230769232,0.0,0.0,,13.795161332849183,-0.8083149346150714,0.0,0.0,0.0,979855.4230769232,0.0,36.508,979855.4230769232,979855.4230769232,0.0,979855.4230769232,0.0,0.0,0.0,0.0
17,2002.0,0.0,Malaria,All,979855.4230769232,0.0,0.0,,13.795161332849183,-0.8083149346150714,0.0,0.0,0.0,979855.4230769232,0.0,36.508,979855.4230769232,979855.4230769232,0.0,979855.4230769232,0.0,0.0,0.0,0.0
18,2002.0,0.0,Malaria,All,979855.4230769232,0.0,0.0,,13.795161332849183,-0.8083149346150714,0.0,0.0,0.0,979855.4230769232,0.0,36.508,979855.4230769232,979855.4230769232,0.0,979855.4230769232,0.0,0.0,0.0,0.0
19,2002.0,0.0,Malaria,All,979855.4230769232,0.0,0.0,,13.795161332849183,-0.8083149346150714,0.0,0.0,0.0,979855.4230769232,0.0,36.508,979855.4230769232,979855.4230769232,0.0,979855.4230769232,0.0,0.0,0.0,0.0
20,2002.0,0.0,Malaria,All,979855.4230769232,0.0,0.0,,13.795161332849183,-0.8083149346150714,0.0,0.0,0.0,979855.4230769232,0.0,36.508,979855.4230769232,979855.4230769232,0.0,979855.4230769232,0.0,0.0,0.0,0.0
21,2002.0,0.0,Malaria,All,979855.4230769232,0.0,0.0,,13.795161332849183,-0.8083149346150714,0.0,0.0,0.0,979855.4230769232,0.0,36.508,979855.4230769232,979855.4230769232,0.0,979855.4230769232,0.0,0.0,0.0,0.0
22,2002.0,0.0,Malaria,All,979855.4230769232,0.0,0.0,,13.795161332849183,-0.8083149346150714,0.0,0.0,0.0,979855.4230769232,0.0,36.508,979855.4230769232,979855.4230769232,0.0,979855.4230769232,0.0,0.0,0.0,0.0
23,2002.0,0.0,Malaria,All,979855.4230769232,0.0,0.0,,13.795161332849183,-0.8083149346150714,0.0,0.0,0.0,979855.4230769232,0.0,36.508,979855.4230769232,979855.4230769232,0.0,979855.4230769232,0.0,0.0,0.0,0.0
24,2002.0,0.0,Malaria,All,979855.4230769232,0.0,0.0,,13.795161332849183,-0.8083149346150714,0.0,0.0,0.0,979855.4230769232,0.0,36.508,979855.4230769232,979855.4230769232,0.0,979855.4230769232,0.0,0.0,0.0,0.0
25,2002.0,0.0,Malaria,All,979855.4230769232,0.0,0.0,,13.795161332849183,-0.8083149346150714,0.0,0.0,0.0,979855.4230769232,0.0,36.508,979855.4230769232,979855.4230769232,0.0,979855.4230769232,0.0,0.0,0.0,0.0
26,2002.0,0.0,Malaria,All,979855.4230769232,0.0,0.0,,13.795161332849183,-0.8083149346150714,0.0,0.0,0.0,979855.4230769232,0.0,36.508,979855.4230769232,979855.4230769232,0.0,979855.4230769232,0.0,0.0,0.0,0.0
27,2002.0,0.0,Malaria,All,979855.4230769232,0.0,0.0,,13.795161332849183,-0.8083149346150714,0.0,0.0,0.0,979855.4230769232,0.0,36.508,979855.4230769232,979855.4230769232,0.0,979855.4230769232,0.0,0.0,0.0,0.0
28,2002.0,0.0,Malaria,All,979855.4230769232,0.0,0.0,,13.795161332849183,-0.8083149346150714,0.0,0.0,0.0,979855.4230769232,0.0,36.508,979855.4230769232,979855.4230769232,0.0,979855.4230769232,0.0,0.0,0.0,0.0
29,2002.0,0.0,Malaria,All,979855.4230769232,0.0,0.0,,13.795161332849183,-0.8083149346150714,0.0,0.0,0.0,979855.4230769232,0.0,36.508,979855.4230769232,979855.4230769232,0.0,979855.4230769232,0.0,0.0,0.0,0.0
30,2002.0,0.0,Malaria,All,979855.4230769232,0.0,0.0,,13.795161332849183,-0.8083149346150714,0.0,0.0,0.0,979855.4230769232,0.0,36.508,979855.4230769232,979855.4230769232,0.0,979855.4230769232,0.0,0.0,0.0,0.0
31,2002.0,0.0,Malaria,All,979855.4230769232,0.0,0.0,,13.795161332849183,-0.8083149346150714,0.0,0.0,0.0,979855.4230769232,0.0,36.508,979855.4230769232,979855.4230769232,0.0,979855.4230769232,0.0,0.0,0.0,0.0
32,2002.0,0.0,Malaria,All,979855.4230769232,0.0,0.0,,13.795161332849183,-0.8083149346150714,0.0,0.0,0.0,979855.4230769232,0.0,36.508,979855.4230769232,979855.4230769232,0.0,979855.4230769232,0.0,0.0,0.0,0.0
33,2002.0,0.0,Malaria,All,979855.4230769232,0.0,0.0,,13.795161332849183,-0.8083149346150714,0.0,0.0,0.0,979855.4230769232,0.0,36.508,979855.4230769232,979855.4230769232,0.0,979855.4230769232,0.0,0.0,0.0,0.0
34,2002.0,0.0,Malaria,All,979855.4230769232,0.0,0.0,,13.795161332849183,-0.8083149346150714,0.0,0.0,0.0,979855.4230769232,0.0,36.508,979855.4230769232,979855.4230769232,0.0,979855.4230769232,0.0,0.0,0.0,0.0
35,2002.0,0.0,Malaria,All,979855.4230769232,0.0,0.0,,13.795161332849183,-0.8083149346150714,0.0,0.0,0.0,979855.4230769232,0.0,36.508,979855.4230769232,979855.4230769232,0.0,979855.4230769232,0.0,0.0,0.0,0.0
36,2002.0,0.0,Malaria,All,979855.4230769232,0.0,0.0,,13.795161332849183,-0.8083149346150714,0.0,0.0,0.0,979855.4230769232,0.0,36.508,979855.4230769232,979855.4230769232,0.0,979855.4230769232,0.0,0.0,0.0,0.0
37,2002.0,0.0,Malaria,All,979855.4230769232,0.0,0.0,,13.795161332849183,-0.8083149346150714,0.0,0.0,0.0,979855.4230769232,0.0,36.508,979855.4230769232,979855.4230769232,0.0,979855.4230769232,0.0,0.0,0.0,0.0
38,2002.0,0.0,Malaria,All,979855.4230769232,0.0,0.0,,13.795161332849183,-0.8083149346150714,0.0,0.0,0.0,979855.4230769232,0.0,36.508,979855.4230769232,979855.4230769232,0.0,979855.4230769232,0.0,0.0,0.0,0.0
39,2002.0,0.0,Malaria,All,979855.4230769232,0.0,0.0,,13.795161332849183,-0.8083149346150714,0.0,0.0,0.0,979855.4230769232,0.0,36.508,979855.4230769232,979855.4230769232,0.0,979855.4230769232,0.0,0.0,0.0,0.0
40,2002.0,0.0,Malaria,All,979855.4230769232,0.0,0.0,,13.795161332849183,-0.8083149346150714,0.0,0.0,0.0,979855.4230769232,0.0,36.508,979855.4230769232,979855.4230769232,0.0,979855.4230769232,0.0,0.0,0.0,0.0
41,2002.0,0.0,Malaria,All,979855.4230769232,0.0,0.0,,13.795161332849183,-0.8083149346150714,0.0,0.0,0.0,979855.4230769232,0.0,36.508,979855.4230769232,979855.4230769232,0.0,979855.4230769232,0.0,0.0,0.0,0.0
42,2002.0,0.0,Malaria,All,979855.4230769232,0.0,0.0,,13.795161332849183,-0.8083149346150714,0.0,0.0,0.0,979855.4230769232,0.0,36.508,979855.4230769232,979855.4230769232,0.0,979855.4230769232,0.0,0.0,0.0,0.0
43,2002.0,0.0,Malaria,All,979855.4230769232,0.0,0.0,,13.795161332849183,-0.8083149346150714,0.0,0.0,0.0,979855.4230769232,0.0,36.508,979855.4230769232,979855.4230769232,0.0,979855.4230769232,0.0,0.0,0.0,0.0
44,2002.0,0.0,Malaria,All,979855.4230769232,0.0,0.0,,13.795161332849183,-0.8083149346150714,0.0,0.0,0.0,979855.4230769232,0.0,36.508,979855.4230769232,979855.4230769232,0.0,979855.4230769232,0.0,0.0,0.0,0.0
45,2002.0,0.0,Malaria,All,979855.4230769232,0.0,0.0,,13.795161332849183,-0.8083149346150714,0.0,0.0,0.0,979855.4230769232,0.0,36.508,979855.4230769232,979855.4230769232,0.0,979855.4230769232,0.0,0.0,0.0,0.0
46,2002.0,0.0,Malaria,All,979855.4230769232,0.0,0.0,,13.795161332849183,-0.8083149346150714,0.0,0.0,0.0,979855.4230769232,0.0,36.508,979855.4230769232,979855.4230769232,0.0,979855.4230769232,0.0,0.0,0.0,0.0
47,2002.0,0.0,Malaria,All,979855.4230769232,0.0,0.0,,13.795161332849183,-0.8083149346150714,0.0,0.0,0.0,979855.4230769232,0.0,36.508,979855.4230769232,979855.4230769232,0.0,979855.4230769232,0.0,0.0,0.0,0.0
48,2002.0,0.0,Malaria,All,979855.4230769232,0.0,0.0,,13.795161332849183,-0.8083149346150714,0.0,0.0,0.0,979855.4230769232,0.0,36.508,979855.4230769232,979855.4230769232,0.0,979855.4230769232,0.0,0.0,0.0,0.0
49,2002.0,0.0,Malaria,All,979855.4230769232,0.0,0.0,,13.795161332849183,-0.8083149346150714,0.0,0.0,0.0,979855.4230769232,0.0,36.508,979855.4230769232,979855.4230769232,0.0,979855.4230769232,0.0,0.0,0.0,0.0
50,2002.0,0.0,Malaria,All,979855.4230769232,0.0,0.0,,13.795161332849183,-0.8083149346150714,0.0,0.0,0.0,979855.4230769232,0.0,36.508,979855.4230769232,979855.4230769232,0.0,979855.4230769232,0.0,0.0,0.0,0.0
51,2002.0,0.0,Malaria,All,979855.4230769232,0.0,0.0,,13.795161332849183,-0.8083149346150714,0.0,0.0,0.0,979855.4230769232,0.0,36.508,979855.4230769232,979855.4230769232,0.0,979855.4230769232,0.0,0.0,0.0,0.0
52,2002.0,0.0,Malaria,All,979855.4230769232,0.0,0.0,,13.795161332849183,-0.8083149346150714,0.0,0.0,0.0,979855.4230769232,0.0,36.508,979855.4230769232,979855.4230769232,0.0,979855.4230769232,0.0,0.0,0.0,0.0
1,2003.0,0.0,Malaria,All,1008143.8846153846,0.0,0.0,,13.823622452022088,-0.7875582955198274,0.0,0.0,0.0,1008143.8846153846,0.0,37.356,979855.4230769232,979855.4230769232,0.0,986927.5384615386,14144.230769230693,0.0,0.02887003620353552,0.0
2,2003.0,0.0,Malaria,All,1008143.8846153846,0.0,0.0,,13.823622452022088,-0.7875582955198274,0.0,0.0,0.0,1008143.8846153846,0.0,37.356,1008143.8846153846,993999.653846154,0.0,993999.653846154,16332.350884191042,0.0,0.0,0.0
3,2003.0,0.0,Malaria,All,1008143.8846153846,0.0,0.0,,13.823622452022088,-0.7875582955198274,0.0,0.0,0.0,1008143.8846153846,0.0,37.356,1008143.8846153846,1008143.8846153846,0.0,1001071.7692307694,14144.230769230626,0.0,0.0,0.0
4,2003.0,0.0,Malaria,All,1008143.8846153846,0.0,0.0,,13.823622452022088,-0.7875582955198274,0.0,0.0,0.0,1008143.8846153846,0.0,37.356,1008143.8846153846,1008143.8846153846,0.0,1008143.8846153846,0.0,0.0,0.0,0.0
5,2003.0,0.0,Malaria,All,1008143.8846153846,0.0,0.0,,13.823622452022088,-0.7875582955198274,0.0,0.0,0.0,1008143.8846153846,0.0,37.356,1008143.8846153846,1008143.8846153846,0.0,1008143.8846153846,0.0,0.0,0.0,0.0
6,2003.0,0.0,Malaria,All,1008143.8846153846,0.0,0.0,,13.823622452022088,-0.7875582955198274,0.0,0.0,0.0,1008143.8846153846,0.0,37.356,1008143.8846153846,1008143.8846153846,0.0,1008143.8846153846,0.0,0.0,0.0,0.0
7,2003.0,0.0,Malaria,All,1008143.8846153846,0.0,0.0,,13.823622452022088,-0.7875582955198274,0.0,0.0,0.0,1008143.8846153846,0.0,37.356,1008143.8846153846,1008143.8846153846,0.0,1008143.8846153846,0.0,0.0,0.0,0.0
8,2003.0,0.0,Malaria,All,1008143.8846153846,0.0,0.0,,13.823622452022088,-0.7875582955198274,0.0,0.0,0.0,1008143.8846153846,0.0,37.356,1008143.8846153846,1008143.8846153846,0.0,1008143.8846153846,0.0,0.0,0.0,0.0
9,2003.0,0.0,Malaria,All,1008143.8846153846,0.0,0.0,,13.823622452022088,-0.7875582955198274,0.0,0.0,0.0,1008143.8846153846,0.0,37.356,1008143.8846153846,1008143.8846153846,0.0,1008143.8846153846,0.0,0.0,0.0,0.0
10,2003.0,0.0,Malaria,All,1008143.8846153846,0.0,0.0,,13.823622452022088,-0.7875582955198274,0.0,0.0,0.0,1008143.8846153846,0.0,37.356,1008143.8846153846,1008143.8846153846,0.0,1008143.8846153846,0.0,0.0,0.0,0.0
11,2003.0,0.0,Malaria,All,1008143.8846153846,0.0,0.0,,13.823622452022088,-0.7875582955198274,0.0,0.0,0.0,1008143.8846153846,0.0,37.356,1008143.8846153846,1008143.8846153846,0.0,1008143.8846153846,0.0,0.0,0.0,0.0
12,2003.0,0.0,Malaria,All,1008143.8846153846,0.0,0.0,,13.823622452022088,-0.7875582955198274,0.0,0.0,0.0,1008143.8846153846,0.0,37.356,1008143.8846153846,1008143.8846153846,0.0,1008143.8846153846,0.0,0.0,0.0,0.0
13,2003.0,0.0,Malaria,All,1008143.8846153846,0.0,0.0,,13.823622452022088,-0.7875582955198274,0.0,0.0,0.0,1008143.8846153846,0.0,37.356,1008143.8846153846,1008143.8846153846,0.0,1008143.8846153846,0.0,0.0,0.0,0.0
14,2003.0,0.0,Malaria,All,1008143.8846153846,0.0,0.0,,13.823622452022088,-0.7875582955198274,0.0,0.0,0.0,1008143.8846153846,0.0,37.356,1008143.8846153846,1008143.8846153846,0.0,1008143.8846153846,0.0,0.0,0.0,0.0
15,2003.0,0.0,Malaria,All,1008143.8846153846,0.0,0.0,,13.823622452022088,-0.7875582955198274,0.0,0.0,0.0,1008143.8846153846,0.0,37.356,1008143.8846153846,1008143.8846153846,0.0,1008143.8846153846,0.0,0.0,0.0,0.0
16,2003.0,0.0,Malaria,All,1008143.8846153846,0.0,0.0,,13.823622452022088,-0.7875582955198274,0.0,0.0,0.0,1008143.8846153846,0.0,37.356,1008143.8846153846,1008143.8846153846,0.0,1008143.8846153846,0.0,0.0,0.0,0.0
17,2003.0,0.0,Malaria,All,1008143.8846153846,0.0,0.0,,13.823622452022088,-0.7875582955198274,0.0,0.0,0.0,1008143.8846153846,0.0,37.356,1008143.8846153846,1008143.8846153846,0.0,1008143.8846153846,0.0,0.0,0.0,0.0
18,2003.0,0.0,Malaria,All,1008143.8846153846,0.0,0.0,,13.823622452022088,-0.7875582955198274,0.0,0.0,0.0,1008143.8846153846,0.0,37.356,1008143.8846153846,1008143.8846153846,0.0,1008143.8846153846,0.0,0.0,0.0,0.0
19,2003.0,0.0,Malaria,All,1008143.8846153846,0.0,0.0,,13.823622452022088,-0.7875582955198274,0.0,0.0,0.0,1008143.8846153846,0.0,37.356,1008143.8846153846,1008143.8846153846,0.0,1008143.8846153846,0.0,0.0,0.0,0.0
20,2003.0,0.0,Malaria,All,1008143.8846153846,0.0,0.0,,13.823622452022088,-0.7875582955198274,0.0,0.0,0.0,1008143.8846153846,0.0,37.356,1008143.8846153846,1008143.8846153846,0.0,1008143.8846153846,0.0,0.0,0.0,0.0
21,2003.0,0.0,Malaria,All,1008143.8846153846,0.0,0.0,,13.823622452022088,-0.7875582955198274,0.0,0.0,0.0,1008143.8846153846,0.0,37.356,1008143.8846153846,1008143.8846153846,0.0,1008143.8846153846,0.0,0.0,0.0,0.0
22,2003.0,0.0,Malaria,All,1008143.8846153846,0.0,0.0,,13.823622452022088,-0.7875582955198274,0.0,0.0,0.0,1008143.8846153846,0.0,37.356,1008143.8846153846,1008143.8846153846,0.0,1008143.8846153846,0.0,0.0,0.0,0.0
23,2003.0,0.0,Malaria,All,1008143.8846153846,0.0,0.0,,13.823622452022088,-0.7875582955198274,0.0,0.0,0.0,1008143.8846153846,0.0,37.356,1008143.8846153846,1008143.8846153846,0.0,1008143.8846153846,0.0,0.0,0.0,0.0
24,2003.0,0.0,Malaria,All,1008143.8846153846,0.0,0.0,,13.823622452022088,-0.7875582955198274,0.0,0.0,0.0,1008143.8846153846,0.0,37.356,1008143.8846153846,1008143.8846153846,0.0,1008143.8846153846,0.0,0.0,0.0,0.0
25,2003.0,0.0,Malaria,All,1008143.8846153846,0.0,0.0,,13.823622452022088,-0.7875582955198274,0.0,0.0,0.0,1008143.8846153846,0.0,37.356,1008143.8846153846,1008143.8846153846,0.0,1008143.8846153846,0.0,0.0,0.0,0.0
26,2003.0,0.0,Malaria,All,1008143.8846153846,0.0,0.0,,13.823622452022088,-0.7875582955198274,0.0,0.0,0.0,1008143.8846153846,0.0,37.356,1008143.8846153846,1008143.8846153846,0.0,1008143.8846153846,0.0,0.0,0.0,0.0
27,2003.0,0.0,Malaria,All,1008143.8846153846,0.0,0.0,,13.823622452022088,-0.7875582955198274,0.0,0.0,0.0,1008143.8846153846,0.0,37.356,1008143.8846153846,1008143.8846153846,0.0,1008143.8846153846,0.0,0.0,0.0,0.0
28,2003.0,0.0,Malaria,All,1008143.8846153846,0.0,0.0,,13.823622452022088,-0.7875582955198274,0.0,0.0,0.0,1008143.8846153846,0.0,37.356,1008143.8846153846,1008143.8846153846,0.0,1008143.8846153846,0.0,0.0,0.0,0.0
29,2003.0,0.0,Malaria,All,1008143.8846153846,0.0,0.0,,13.823622452022088,-0.7875582955198274,0.0,0.0,0.0,1008143.8846153846,0.0,37.356,1008143.8846153846,1008143.8846153846,0.0,1008143.8846153846,0.0,0.0,0.0,0.0
30,2003.0,0.0,Malaria,All,1008143.8846153846,0.0,0.0,,13.823622452022088,-0.7875582955198274,0.0,0.0,0.0,1008143.8846153846,0.0,37.356,1008143.8846153846,1008143.8846153846,0.0,1008143.8846153846,0.0,0.0,0.0,0.0
31,2003.0,0.0,Malaria,All,1008143.8846153846,0.0,0.0,,13.823622452022088,-0.7875582955198274,0.0,0.0,0.0,1008143.8846153846,0.0,37.356,1008143.8846153846,1008143.8846153846,0.0,1008143.8846153846,0.0,0.0,0.0,0.0
32,2003.0,0.0,Malaria,All,1008143.8846153846,0.0,0.0,,13.823622452022088,-0.7875582955198274,0.0,0.0,0.0,1008143.8846153846,0.0,37.356,1008143.8846153846,1008143.8846153846,0.0,1008143.8846153846,0.0,0.0,0.0,0.0
33,2003.0,0.0,Malaria,All,1008143.8846153846,0.0,0.0,,13.823622452022088,-0.7875582955198274,0.0,0.0,0.0,1008143.8846153846,0.0,37.356,1008143.8846153846,1008143.8846153846,0.0,1008143.8846153846,0.0,0.0,0.0,0.0
34,2003.0,0.0,Malaria,All,1008143.8846153846,0.0,0.0,,13.823622452022088,-0.7875582955198274,0.0,0.0,0.0,1008143.8846153846,0.0,37.356,1008143.8846153846,1008143.8846153846,0.0,1008143.8846153846,0.0,0.0,0.0,0.0
35,2003.0,0.0,Malaria,All,1008143.8846153846,0.0,0.0,,13.823622452022088,-0.7875582955198274,0.0,0.0,0.0,1008143.8846153846,0.0,37.356,1008143.8846153846,1008143.8846153846,0.0,1008143.8846153846,0.0,0.0,0.0,0.0
36,2003.0,0.0,Malaria,All,1008143.8846153846,0.0,0.0,,13.823622452022088,-0.7875582955198274,0.0,0.0,0.0,1008143.8846153846,0.0,37.356,1008143.8846153846,1008143.8846153846,0.0,1008143.8846153846,0.0,0.0,0.0,0.0
37,2003.0,0.0,Malaria,All,1008143.8846153846,0.0,0.0,,13.823622452022088,-0.7875582955198274,0.0,0.0,0.0,1008143.8846153846,0.0,37.356,1008143.8846153846,1008143.8846153846,0.0,1008143.8846153846,0.0,0.0,0.0,0.0
38,2003.0,0.0,Malaria,All,1008143.8846153846,0.0,0.0,,13.823622452022088,-0.7875582955198274,0.0,0.0,0.0,1008143.8846153846,0.0,37.356,1008143.8846153846,1008143.8846153846,0.0,1008143.8846153846,0.0,0.0,0.0,0.0
39,2003.0,0.0,Malaria,All,1008143.8846153846,0.0,0.0,,13.823622452022088,-0.7875582955198274,0.0,0.0,0.0,1008143.8846153846,0.0,37.356,1008143.8846153846,1008143.8846153846,0.0,1008143.8846153846,0.0,0.0,0.0,0.0
40,2003.0,0.0,Malaria,All,1008143.8846153846,0.0,0.0,,13.823622452022088,-0.7875582955198274,0.0,0.0,0.0,1008143.8846153846,0.0,37.356,1008143.8846153846,1008143.8846153846,0.0,1008143.8846153846,0.0,0.0,0.0,0.0
41,2003.0,0.0,Malaria,All,1008143.8846153846,0.0,0.0,,13.823622452022088,-0.7875582955198274,0.0,0.0,0.0,1008143.8846153846,0.0,37.356,1008143.8846153846,1008143.8846153846,0.0,1008143.8846153846,0.0,0.0,0.0,0.0
42,2003.0,0.0,Malaria,All,1008143.8846153846,0.0,0.0,,13.823622452022088,-0.7875582955198274,0.0,0.0,0.0,1008143.8846153846,0.0,37.356,1008143.8846153846,1008143.8846153846,0.0,1008143.8846153846,0.0,0.0,0.0,0.0
43,2003.0,0.0,Malaria,All,1008143.8846153846,0.0,0.0,,13.823622452022088,-0.7875582955198274,0.0,0.0,0.0,1008143.8846153846,0.0,37.356,1008143.8846153846,1008143.8846153846,0.0,1008143.8846153846,0.0,0.0,0.0,0.0
44,2003.0,0.0,Malaria,All,1008143.8846153846,0.0,0.0,,13.823622452022088,-0.7875582955198274,0.0,0.0,0.0,1008143.8846153846,0.0,37.356,1008143.8846153846,1008143.8846153846,0.0,1008143.8846153846,0.0,0.0,0.0,0.0
45,2003.0,0.0,Malaria,All,1008143.8846153846,0.0,0.0,,13.823622452022088,-0.7875582955198274,0.0,0.0,0.0,1008143.8846153846,0.0,37.356,1008143.8846153846,1008143.8846153846,0.0,1008143.8846153846,0.0,0.0,0.0,0.0
46,2003.0,0.0,Malaria,All,1008143.8846153846,0.0,0.0,,13.823622452022088,-0.7875582955198274,0.0,0.0,0.0,1008143.8846153846,0.0,37.356,1008143.8846153846,1008143.8846153846,0.0,1008143.8846153846,0.0,0.0,0.0,0.0
47,2003.0,0.0,Malaria,All,1008143.8846153846,0.0,0.0,,13.823622452022088,-0.7875582955198274,0.0,0.0,0.0,1008143.8846153846,0.0,37.356,1008143.8846153846,1008143.8846153846,0.0,1008143.8846153846,0.0,0.0,0.0,0.0
48,2003.0,0.0,Malaria,All,1008143.8846153846,0.0,0.0,,13.823622452022088,-0.7875582955198274,0.0,0.0,0.0,1008143.8846153846,0.0,37.356,1008143.8846153846,1008143.8846153846,0.0,1008143.8846153846,0.0,0.0,0.0,0.0
49,2003.0,0.0,Malaria,All,1008143.8846153846,0.0,0.0,,13.823622452022088,-0.7875582955198274,0.0,0.0,0.0,1008143.8846153846,0.0,37.356,1008143.8846153846,1008143.8846153846,0.0,1008143.8846153846,0.0,0.0,0.0,0.0
50,2003.0,0.0,Malaria,All,1008143.8846153846,0.0,0.0,,13.823622452022088,-0.7875582955198274,0.0,0.0,0.0,1008143.8846153846,0.0,37.356,1008143.8846153846,1008143.8846153846,0.0,1008143.8846153846,0.0,0.0,0.0,0.0
51,2003.0,0.0,Malaria,All,1008143.8846153846,0.0,0.0,,13.823622452022088,-0.7875582955198274,0.0,0.0,0.0,1008143.8846153846,0.0,37.356,1008143.8846153846,1008143.8846153846,0.0,1008143.8846153846,0.0,0.0,0.0,0.0
52,2003.0,0.0,Malaria,All,1008143.8846153846,0.0,0.0,,13.823622452022088,-0.7875582955198274,0.0,0.0,0.0,1008143.8846153846,0.0,37.356,1008143.8846153846,1008143.8846153846,0.0,1008143.8846153846,0.0,0.0,0.0,0.0
1,2004.0,0.0,Malaria,All,1058245.1346153845,0.0,0.0,,13.87212350575697,-0.7507965379722601,0.0,0.0,0.0,1058245.1346153845,0.0,38.212,1008143.8846153846,1008143.8846153846,0.0,1020669.1971153846,25050.624999999793,0.0,0.049696527216562876,0.0
2,2004.0,0.0,Malaria,All,1058245.1346153845,0.0,0.0,,13.87212350575697,-0.7507965379722601,0.0,0.0,0.0,1058245.1346153845,0.0,38.212,1058245.1346153845,1033194.5096153845,0.0,1033194.5096153846,28925.970174236445,0.0,0.0,0.0
3,2004.0,0.0,Malaria,All,1058245.1346153845,0.0,0.0,,13.87212350575697,-0.7507965379722601,0.0,0.0,0.0,1058245.1346153845,0.0,38.212,1058245.1346153845,1058245.1346153845,0.0,1045719.8221153845,25050.62499999956,0.0,0.0,0.0
4,2004.0,0.0,Malaria,All,1058245.1346153845,0.0,0.0,,13.87212350575697,-0.7507965379722601,0.0,0.0,0.0,1058245.1346153845,0.0,38.212,1058245.1346153845,1058245.1346153845,0.0,1058245.1346153845,0.0,0.0,0.0,0.0
5,2004.0,0.0,Malaria,All,1058245.1346153845,0.0,0.0,,13.87212350575697,-0.7507965379722601,0.0,0.0,0.0,1058245.1346153845,0.0,38.212,1058245.1346153845,1058245.1346153845,0.0,1058245.1346153845,0.0,0.0,0.0,0.0
6,2004.0,0.0,Malaria,All,1058245.1346153845,0.0,0.0,,13.87212350575697,-0.7507965379722601,0.0,0.0,0.0,1058245.1346153845,0.0,38.212,1058245.1346153845,1058245.1346153845,0.0,1058245.1346153845,0.0,0.0,0.0,0.0
7,2004.0,0.0,Malaria,All,1058245.1346153845,0.0,0.0,,13.87212350575697,-0.7507965379722601,0.0,0.0,0.0,1058245.1346153845,0.0,38.212,1058245.1346153845,1058245.1346153845,0.0,1058245.1346153845,0.0,0.0,0.0,0.0
8,2004.0,0.0,Malaria,All,1058245.1346153845,0.0,0.0,,13.87212350575697,-0.7507965379722601,0.0,0.0,0.0,1058245.1346153845,0.0,38.212,1058245.1346153845,1058245.1346153845,0.0,1058245.1346153845,0.0,0.0,0.0,0.0
9,2004.0,0.0,Malaria,All,1058245.1346153845,0.0,0.0,,13.87212350575697,-0.7507965379722601,0.0,0.0,0.0,1058245.1346153845,0.0,38.212,1058245.1346153845,1058245.1346153845,0.0,1058245.1346153845,0.0,0.0,0.0,0.0
10,2004.0,0.0,Malaria,All,1058245.1346153845,0.0,0.0,,13.87212350575697,-0.7507965379722601,0.0,0.0,0.0,1058245.1346153845,0.0,38.212,1058245.1346153845,1058245.1346153845,0.0,1058245.1346153845,0.0,0.0,0.0,0.0
11,2004.0,0.0,Malaria,All,1058245.1346153845,0.0,0.0,,13.87212350575697,-0.7507965379722601,0.0,0.0,0.0,1058245.1346153845,0.0,38.212,1058245.1346153845,1058245.1346153845,0.0,1058245.1346153845,0.0,0.0,0.0,0.0
12,2004.0,0.0,Malaria,All,1058245.1346153845,0.0,0.0,,13.87212350575697,-0.7507965379722601,0.0,0.0,0.0,1058245.1346153845,0.0,38.212,1058245.1346153845,1058245.1346153845,0.0,1058245.1346153845,0.0,0.0,0.0,0.0
13,2004.0,0.0,Malaria,All,1058245.1346153845,0.0,0.0,,13.87212350575697,-0.7507965379722601,0.0,0.0,0.0,1058245.1346153845,0.0,38.212,1058245.1346153845,1058245.1346153845,0.0,1058245.1346153845,0.0,0.0,0.0,0.0
14,2004.0,0.0,Malaria,All,1058245.1346153845,0.0,0.0,,13.87212350575697,-0.7507965379722601,0.0,0.0,0.0,1058245.1346153845,0.0,38.212,1058245.1346153845,1058245.1346153845,0.0,1058245.1346153845,0.0,0.0,0.0,0.0
15,2004.0,0.0,Malaria,All,1058245.1346153845,0.0,0.0,,13.87212350575697,-0.7507965379722601,0.0,0.0,0.0,1058245.1346153845,0.0,38.212,1058245.1346153845,1058245.1346153845,0.0,1058245.1346153845,0.0,0.0,0.0,0.0
16,2004.0,0.0,Malaria,All,1058245.1346153845,0.0,0.0,,13.87212350575697,-0.7507965379722601,0.0,0.0,0.0,1058245.1346153845,0.0,38.212,1058245.1346153845,1058245.1346153845,0.0,1058245.1346153845,0.0,0.0,0.0,0.0
17,2004.0,0.0,Malaria,All,1058245.1346153845,0.0,0.0,,13.87212350575697,-0.7507965379722601,0.0,0.0,0.0,1058245.1346153845,0.0,38.212,1058245.1346153845,1058245.1346153845,0.0,1058245.1346153845,0.0,0.0,0.0,0.0
18,2004.0,0.0,Malaria,All,1058245.1346153845,0.0,0.0,,13.87212350575697,-0.7507965379722601,0.0,0.0,0.0,1058245.1346153845,0.0,38.212,1058245.1346153845,1058245.1346153845,0.0,1058245.1346153845,0.0,0.0,0.0,0.0
19,2004.0,0.0,Malaria,All,1058245.1346153845,0.0,0.0,,13.87212350575697,-0.7507965379722601,0.0,0.0,0.0,1058245.1346153845,0.0,38.212,1058245.1346153845,1058245.1346153845,0.0,1058245.1346153845,0.0,0.0,0.0,0.0
20,2004.0,0.0,Malaria,All,1058245.1346153845,0.0,0.0,,13.87212350575697,-0.7507965379722601,0.0,0.0,0.0,1058245.1346153845,0.0,38.212,1058245.1346153845,1058245.1346153845,0.0,1058245.1346153845,0.0,0.0,0.0,0.0
21,2004.0,0.0,Malaria,All,1058245.1346153845,0.0,0.0,,13.87212350575697,-0.7507965379722601,0.0,0.0,0.0,1058245.1346153845,0.0,38.212,1058245.1346153845,1058245.1346153845,0.0,1058245.1346153845,0.0,0.0,0.0,0.0
22,2004.0,0.0,Malaria,All,1058245.1346153845,0.0,0.0,,13.87212350575697,-0.7507965379722601,0.0,0.0,0.0,1058245.1346153845,0.0,38.212,1058245.1346153845,1058245.1346153845,0.0,1058245.1346153845,0.0,0.0,0.0,0.0
23,2004.0,0.0,Malaria,All,1058245.1346153845,0.0,0.0,,13.87212350575697,-0.7507965379722601,0.0,0.0,0.0,1058245.1346153845,0.0,38.212,1058245.1346153845,1058245.1346153845,0.0,1058245.1346153845,0.0,0.0,0.0,0.0
24,2004.0,0.0,Malaria,All,1058245.1346153845,0.0,0.0,,13.87212350575697,-0.7507965379722601,0.0,0.0,0.0,1058245.1346153845,0.0,38.212,1058245.1346153845,1058245.1346153845,0.0,1058245.1346153845,0.0,0.0,0.0,0.0
25,2004.0,0.0,Malaria,All,1058245.1346153845,0.0,0.0,,13.87212350575697,-0.7507965379722601,0.0,0.0,0.0,1058245.1346153845,0.0,38.212,1058245.1346153845,1058245.1346153845,0.0,1058245.1346153845,0.0,0.0,0.0,0.0
26,2004.0,0.0,Malaria,All,1058245.1346153845,0.0,0.0,,13.87212350575697,-0.7507965379722601,0.0,0.0,0.0,1058245.1346153845,0.0,38.212,1058245.1346153845,1058245.1346153845,0.0,1058245.1346153845,0.0,0.0,0.0,0.0
27,2004.0,0.0,Malaria,All,1058245.1346153845,0.0,0.0,,13.87212350575697,-0.7507965379722601,0.0,0.0,0.0,1058245.1346153845,0.0,38.212,1058245.1346153845,1058245.1346153845,0.0,1058245.1346153845,0.0,0.0,0.0,0.0
28,2004.0,0.0,Malaria,All,1058245.1346153845,0.0,0.0,,13.87212350575697,-0.7507965379722601,0.0,0.0,0.0,1058245.1346153845,0.0,38.212,1058245.1346153845,1058245.1346153845,0.0,1058245.1346153845,0.0,0.0,0.0,0.0
29,2004.0,0.0,Malaria,All,1058245.1346153845,0.0,0.0,,13.87212350575697,-0.7507965379722601,0.0,0.0,0.0,1058245.1346153845,0.0,38.212,1058245.1346153845,1058245.1346153845,0.0,1058245.1346153845,0.0,0.0,0.0,0.0
30,2004.0,0.0,Malaria,All,1058245.1346153845,0.0,0.0,,13.87212350575697,-0.7507965379722601,0.0,0.0,0.0,1058245.1346153845,0.0,38.212,1058245.1346153845,1058245.1346153845,0.0,1058245.1346153845,0.0,0.0,0.0,0.0
31,2004.0,0.0,Malaria,All,1058245.1346153845,0.0,0.0,,13.87212350575697,-0.7507965379722601,0.0,0.0,0.0,1058245.1346153845,0.0,38.212,1058245.1346153845,1058245.1346153845,0.0,1058245.1346153845,0.0,0.0,0.0,0.0
32,2004.0,0.0,Malaria,All,1058245.1346153845,0.0,0.0,,13.87212350575697,-0.7507965379722601,0.0,0.0,0.0,1058245.1346153845,0.0,38.212,1058245.1346153845,1058245.1346153845,0.0,1058245.1346153845,0.0,0.0,0.0,0.0
33,2004.0,0.0,Malaria,All,1058245.1346153845,0.0,0.0,,13.87212350575697,-0.7507965379722601,0.0,0.0,0.0,1058245.1346153845,0.0,38.212,1058245.1346153845,1058245.1346153845,0.0,1058245.1346153845,0.0,0.0,0.0,0.0
34,2004.0,0.0,Malaria,All,1058245.1346153845,0.0,0.0,,13.87212350575697,-0.7507965379722601,0.0,0.0,0.0,1058245.1346153845,0.0,38.212,1058245.1346153845,1058245.1346153845,0.0,1058245.1346153845,0.0,0.0,0.0,0.0
35,2004.0,0.0,Malaria,All,1058245.1346153845,0.0,0.0,,13.87212350575697,-0.7507965379722601,0.0,0.0,0.0,1058245.1346153845,0.0,38.212,1058245.1346153845,1058245.1346153845,0.0,1058245.1346153845,0.0,0.0,0.0,0.0
36,2004.0,0.0,Malaria,All,1058245.1346153845,0.0,0.0,,13.87212350575697,-0.7507965379722601,0.0,0.0,0.0,1058245.1346153845,0.0,38.212,1058245.1346153845,1058245.1346153845,0.0,1058245.1346153845,0.0,0.0,0.0,0.0
37,2004.0,0.0,Malaria,All,1058245.1346153845,0.0,0.0,,13.87212350575697,-0.7507965379722601,0.0,0.0,0.0,1058245.1346153845,0.0,38.212,1058245.1346153845,1058245.1346153845,0.0,1058245.1346153845,0.0,0.0,0.0,0.0
38,2004.0,0.0,Malaria,All,1058245.1346153845,0.0,0.0,,13.87212350575697,-0.7507965379722601,0.0,0.0,0.0,1058245.1346153845,0.0,38.212,1058245.1346153845,1058245.1346153845,0.0,1058245.1346153845,0.0,0.0,0.0,0.0
39,2004.0,0.0,Malaria,All,1058245.1346153845,0.0,0.0,,13.87212350575697,-0.7507965379722601,0.0,0.0,0.0,1058245.1346153845,0.0,38.212,1058245.1346153845,1058245.1346153845,0.0,1058245.1346153845,0.0,0.0,0.0,0.0
40,2004.0,0.0,Malaria,All,1058245.1346153845,0.0,0.0,,13.87212350575697,-0.7507965379722601,0.0,0.0,0.0,1058245.1346153845,0.0,38.212,1058245.1346153845,1058245.1346153845,0.0,1058245.1346153845,0.0,0.0,0.0,0.0
41,2004.0,0.0,Malaria,All,1058245.1346153845,0.0,0.0,,13.87212350575697,-0.7507965379722601,0.0,0.0,0.0,1058245.1346153845,0.0,38.212,1058245.1346153845,1058245.1346153845,0.0,1058245.1346153845,0.0,0.0,0.0,0.0
42,2004.0,0.0,Malaria,All,1058245.1346153845,0.0,0.0,,13.87212350575697,-0.7507965379722601,0.0,0.0,0.0,1058245.1346153845,0.0,38.212,1058245.1346153845,1058245.1346153845,0.0,1058245.1346153845,0.0,0.0,0.0,0.0
43,2004.0,0.0,Malaria,All,1058245.1346153845,0.0,0.0,,13.87212350575697,-0.7507965379722601,0.0,0.0,0.0,1058245.1346153845,0.0,38.212,1058245.1346153845,1058245.1346153845,0.0,1058245.1346153845,0.0,0.0,0.0,0.0
44,2004.0,0.0,Malaria,All,1058245.1346153845,0.0,0.0,,13.87212350575697,-0.7507965379722601,0.0,0.0,0.0,1058245.1346153845,0.0,38.212,1058245.1346153845,1058245.1346153845,0.0,1058245.1346153845,0.0,0.0,0.0,0.0
45,2004.0,0.0,Malaria,All,1058245.1346153845,0.0,0.0,,13.87212350575697,-0.7507965379722601,0.0,0.0,0.0,1058245.1346153845,0.0,38.212,1058245.1346153845,1058245.1346153845,0.0,1058245.1346153845,0.0,0.0,0.0,0.0
46,2004.0,0.0,Malaria,All,1058245.1346153845,0.0,0.0,,13.87212350575697,-0.7507965379722601,0.0,0.0,0.0,1058245.1346153845,0.0,38.212,1058245.1346153845,1058245.1346153845,0.0,1058245.1346153845,0.0,0.0,0.0,0.0
47,2004.0,0.0,Malaria,All,1058245.1346153845,0.0,0.0,,13.87212350575697,-0.7507965379722601,0.0,0.0,0.0,1058245.1346153845,0.0,38.212,1058245.1346153845,1058245.1346153845,0.0,1058245.1346153845,0.0,0.0,0.0,0.0
48,2004.0,0.0,Malaria,All,1058245.1346153845,0.0,0.0,,13.87212350575697,-0.7507965379722601,0.0,0.0,0.0,1058245.1346153845,0.0,38.212,1058245.1346153845,1058245.1346153845,0.0,1058245.1346153845,0.0,0.0,0.0,0.0
49,2004.0,0.0,Malaria,All,1058245.1346153845,0.0,0.0,,13.87212350575697,-0.7507965379722601,0.0,0.0,0.0,1058245.1346153845,0.0,38.212,1058245.1346153845,1058245.1346153845,0.0,1058245.1346153845,0.0,0.0,0.0,0.0
50,2004.0,0.0,Malaria,All,1058245.1346153845,0.0,0.0,,13.87212350575697,-0.7507965379722601,0.0,0.0,0.0,1058245.1346153845,0.0,38.212,1058245.1346153845,1058245.1346153845,0.0,1058245.1346153845,0.0,0.0,0.0,0.0
51,2004.0,0.0,Malaria,All,1058245.1346153845,0.0,0.0,,13.87212350575697,-0.7507965379722601,0.0,0.0,0.0,1058245.1346153845,0.0,38.212,1058245.1346153845,1058245.1346153845,0.0,1058245.1346153845,0.0,0.0,0.0,0.0
52,2004.0,0.0,Malaria,All,1058245.1346153845,0.0,0.0,,13.87212350575697,-0.7507965379722601,0.0,0.0,0.0,1058245.1346153845,0.0,38.212,1058245.1346153845,1058245.1346153845,0.0,1058245.1346153845,0.0,0.0,0.0,0.0
1,2005.0,0.0,Malaria,All,1104075.3076923075,0.0,0.0,,13.91451962271706,-0.717168680163984,0.0,0.0,0.0,1104075.3076923075,0.0,39.074,1058245.1346153845,1058245.1346153845,0.0,1069702.6778846153,22915.08653846081,0.0,0.043307709695806745,0.0
2,2005.0,0.0,Malaria,All,1104075.3076923075,0.0,0.0,,13.91451962271706,-0.717168680163984,0.0,0.0,0.0,1104075.3076923075,0.0,39.074,1104075.3076923075,1081160.221153846,0.0,1081160.221153846,26460.062762967886,0.0,0.0,0.0
3,2005.0,0.0,Malaria,All,1104075.3076923075,0.0,0.0,,13.91451962271706,-0.717168680163984,0.0,0.0,0.0,1104075.3076923075,0.0,39.074,1104075.3076923075,1104075.3076923075,0.0,1092617.7644230768,22915.086538460484,0.0,0.0,0.0
4,2005.0,0.0,Malaria,All,1104075.3076923075,0.0,0.0,,13.91451962271706,-0.717168680163984,0.0,0.0,0.0,1104075.3076923075,0.0,39.074,1104075.3076923075,1104075.3076923075,0.0,1104075.3076923075,0.0,0.0,0.0,0.0
5,2005.0,0.0,Malaria,All,1104075.3076923075,0.0,0.0,,13.91451962271706,-0.717168680163984,0.0,0.0,0.0,1104075.3076923075,0.0,39.074,1104075.3076923075,1104075.3076923075,0.0,1104075.3076923075,0.0,0.0,0.0,0.0
6,2005.0,0.0,Malaria,All,1104075.3076923075,0.0,0.0,,13.91451962271706,-0.717168680163984,0.0,0.0,0.0,1104075.3076923075,0.0,39.074,1104075.3076923075,1104075.3076923075,0.0,1104075.3076923075,0.0,0.0,0.0,0.0
7,2005.0,0.0,Malaria,All,1104075.3076923075,0.0,0.0,,13.91451962271706,-0.717168680163984,0.0,0.0,0.0,1104075.3076923075,0.0,39.074,1104075.3076923075,1104075.3076923075,0.0,1104075.3076923075,0.0,0.0,0.0,0.0
8,2005.0,0.0,Malaria,All,1104075.3076923075,0.0,0.0,,13.91451962271706,-0.717168680163984,0.0,0.0,0.0,1104075.3076923075,0.0,39.074,1104075.3076923075,1104075.3076923075,0.0,1104075.3076923075,0.0,0.0,0.0,0.0
9,2005.0,0.0,Malaria,All,1104075.3076923075,0.0,0.0,,13.91451962271706,-0.717168680163984,0.0,0.0,0.0,1104075.3076923075,0.0,39.074,1104075.3076923075,1104075.3076923075,0.0,1104075.3076923075,0.0,0.0,0.0,0.0
10,2005.0,0.0,Malaria,All,1104075.3076923075,0.0,0.0,,13.91451962271706,-0.717168680163984,0.0,0.0,0.0,1104075.3076923075,0.0,39.074,1104075.3076923075,1104075.3076923075,0.0,1104075.3076923075,0.0,0.0,0.0,0.0
11,2005.0,0.0,Malaria,All,1104075.3076923075,0.0,0.0,,13.91451962271706,-0.717168680163984,0.0,0.0,0.0,1104075.3076923075,0.0,39.074,1104075.3076923075,1104075.3076923075,0.0,1104075.3076923075,0.0,0.0,0.0,0.0
12,2005.0,0.0,Malaria,All,1104075.3076923075,0.0,0.0,,13.91451962271706,-0.717168680163984,0.0,0.0,0.0,1104075.3076923075,0.0,39.074,1104075.3076923075,1104075.3076923075,0.0,1104075.3076923075,0.0,0.0,0.0,0.0
13,2005.0,0.0,Malaria,All,1104075.3076923075,0.0,0.0,,13.91451962271706,-0.717168680163984,0.0,0.0,0.0,1104075.3076923075,0.0,39.074,1104075.3076923075,1104075.3076923075,0.0,1104075.3076923075,0.0,0.0,0.0,0.0
14,2005.0,0.0,Malaria,All,1104075.3076923075,0.0,0.0,,13.91451962271706,-0.717168680163984,0.0,0.0,0.0,1104075.3076923075,0.0,39.074,1104075.3076923075,1104075.3076923075,0.0,1104075.3076923075,0.0,0.0,0.0,0.0
15,2005.0,0.0,Malaria,All,1104075.3076923075,0.0,0.0,,13.91451962271706,-0.717168680163984,0.0,0.0,0.0,1104075.3076923075,0.0,39.074,1104075.3076923075,1104075.3076923075,0.0,1104075.3076923075,0.0,0.0,0.0,0.0
16,2005.0,0.0,Malaria,All,1104075.3076923075,0.0,0.0,,13.91451962271706,-0.717168680163984,0.0,0.0,0.0,1104075.3076923075,0.0,39.074,1104075.3076923075,1104075.3076923075,0.0,1104075.3076923075,0.0,0.0,0.0,0.0
17,2005.0,0.0,Malaria,All,1104075.3076923075,0.0,0.0,,13.91451962271706,-0.717168680163984,0.0,0.0,0.0,1104075.3076923075,0.0,39.074,1104075.3076923075,1104075.3076923075,0.0,1104075.3076923075,0.0,0.0,0.0,0.0
18,2005.0,0.0,Malaria,All,1104075.3076923075,0.0,0.0,,13.91451962271706,-0.717168680163984,0.0,0.0,0.0,1104075.3076923075,0.0,39.074,1104075.3076923075,1104075.3076923075,0.0,1104075.3076923075,0.0,0.0,0.0,0.0
19,2005.0,0.0,Malaria,All,1104075.3076923075,0.0,0.0,,13.91451962271706,-0.717168680163984,0.0,0.0,0.0,1104075.3076923075,0.0,39.074,1104075.3076923075,1104075.3076923075,0.0,1104075.3076923075,0.0,0.0,0.0,0.0
20,2005.0,0.0,Malaria,All,1104075.3076923075,0.0,0.0,,13.91451962271706,-0.717168680163984,0.0,0.0,0.0,1104075.3076923075,0.0,39.074,1104075.3076923075,1104075.3076923075,0.0,1104075.3076923075,0.0,0.0,0.0,0.0
21,2005.0,0.0,Malaria,All,1104075.3076923075,0.0,0.0,,13.91451962271706,-0.717168680163984,0.0,0.0,0.0,1104075.3076923075,0.0,39.074,1104075.3076923075,1104075.3076923075,0.0,1104075.3076923075,0.0,0.0,0.0,0.0
22,2005.0,0.0,Malaria,All,1104075.3076923075,0.0,0.0,,13.91451962271706,-0.717168680163984,0.0,0.0,0.0,1104075.3076923075,0.0,39.074,1104075.3076923075,1104075.3076923075,0.0,1104075.3076923075,0.0,0.0,0.0,0.0
23,2005.0,0.0,Malaria,All,1104075.3076923075,0.0,0.0,,13.91451962271706,-0.717168680163984,0.0,0.0,0.0,1104075.3076923075,0.0,39.074,1104075.3076923075,1104075.3076923075,0.0,1104075.3076923075,0.0,0.0,0.0,0.0
24,2005.0,0.0,Malaria,All,1104075.3076923075,0.0,0.0,,13.91451962271706,-0.717168680163984,0.0,0.0,0.0,1104075.3076923075,0.0,39.074,1104075.3076923075,1104075.3076923075,0.0,1104075.3076923075,0.0,0.0,0.0,0.0
25,2005.0,0.0,Malaria,All,1104075.3076923075,0.0,0.0,,13.91451962271706,-0.717168680163984,0.0,0.0,0.0,1104075.3076923075,0.0,39.074,1104075.3076923075,1104075.3076923075,0.0,1104075.3076923075,0.0,0.0,0.0,0.0
26,2005.0,0.0,Malaria,All,1104075.3076923075,0.0,0.0,,13.91451962271706,-0.717168680163984,0.0,0.0,0.0,1104075.3076923075,0.0,39.074,1104075.3076923075,1104075.3076923075,0.0,1104075.3076923075,0.0,0.0,0.0,0.0
27,2005.0,0.0,Malaria,All,1104075.3076923075,0.0,0.0,,13.91451962271706,-0.717168680163984,0.0,0.0,0.0,1104075.3076923075,0.0,39.074,1104075.3076923075,1104075.3076923075,0.0,1104075.3076923075,0.0,0.0,0.0,0.0
28,2005.0,0.0,Malaria,All,1104075.3076923075,0.0,0.0,,13.91451962271706,-0.717168680163984,0.0,0.0,0.0,1104075.3076923075,0.0,39.074,1104075.3076923075,1104075.3076923075,0.0,1104075.3076923075,0.0,0.0,0.0,0.0
29,2005.0,0.0,Malaria,All,1104075.3076923075,0.0,0.0,,13.91451962271706,-0.717168680163984,0.0,0.0,0.0,1104075.3076923075,0.0,39.074,1104075.3076923075,1104075.3076923075,0.0,1104075.3076923075,0.0,0.0,0.0,0.0
30,2005.0,0.0,Malaria,All,1104075.3076923075,0.0,0.0,,13.91451962271706,-0.717168680163984,0.0,0.0,0.0,1104075.3076923075,0.0,39.074,1104075.3076923075,1104075.3076923075,0.0,1104075.3076923075,0.0,0.0,0.0,0.0
31,2005.0,0.0,Malaria,All,1104075.3076923075,0.0,0.0,,13.91451962271706,-0.717168680163984,0.0,0.0,0.0,1104075.3076923075,0.0,39.074,1104075.3076923075,1104075.3076923075,0.0,1104075.3076923075,0.0,0.0,0.0,0.0
32,2005.0,0.0,Malaria,All,1104075.3076923075,0.0,0.0,,13.91451962271706,-0.717168680163984,0.0,0.0,0.0,1104075.3076923075,0.0,39.074,1104075.3076923075,1104075.3076923075,0.0,1104075.3076923075,0.0,0.0,0.0,0.0
33,2005.0,0.0,Malaria,All,1104075.3076923075,0.0,0.0,,13.91451962271706,-0.717168680163984,0.0,0.0,0.0,1104075.3076923075,0.0,39.074,1104075.3076923075,1104075.3076923075,0.0,1104075.3076923075,0.0,0.0,0.0,0.0
34,2005.0,0.0,Malaria,All,1104075.3076923075,0.0,0.0,,13.91451962271706,-0.717168680163984,0.0,0.0,0.0,1104075.3076923075,0.0,39.074,1104075.3076923075,1104075.3076923075,0.0,1104075.3076923075,0.0,0.0,0.0,0.0
35,2005.0,0.0,Malaria,All,1104075.3076923075,0.0,0.0,,13.91451962271706,-0.717168680163984,0.0,0.0,0.0,1104075.3076923075,0.0,39.074,1104075.3076923075,1104075.3076923075,0.0,1104075.3076923075,0.0,0.0,0.0,0.0
36,2005.0,0.0,Malaria,All,1104075.3076923075,0.0,0.0,,13.91451962271706,-0.717168680163984,0.0,0.0,0.0,1104075.3076923075,0.0,39.074,1104075.3076923075,1104075.3076923075,0.0,1104075.3076923075,0.0,0.0,0.0,0.0
37,2005.0,0.0,Malaria,All,1104075.3076923075,0.0,0.0,,13.91451962271706,-0.717168680163984,0.0,0.0,0.0,1104075.3076923075,0.0,39.074,1104075.3076923075,1104075.3076923075,0.0,1104075.3076923075,0.0,0.0,0.0,0.0
38,2005.0,0.0,Malaria,All,1104075.3076923075,0.0,0.0,,13.91451962271706,-0.717168680163984,0.0,0.0,0.0,1104075.3076923075,0.0,39.074,1104075.3076923075,1104075.3076923075,0.0,1104075.3076923075,0.0,0.0,0.0,0.0
39,2005.0,0.0,Malaria,All,1104075.3076923075,0.0,0.0,,13.91451962271706,-0.717168680163984,0.0,0.0,0.0,1104075.3076923075,0.0,39.074,1104075.3076923075,1104075.3076923075,0.0,1104075.3076923075,0.0,0.0,0.0,0.0
40,2005.0,0.0,Malaria,All,1104075.3076923075,0.0,0.0,,13.91451962271706,-0.717168680163984,0.0,0.0,0.0,1104075.3076923075,0.0,39.074,1104075.3076923075,1104075.3076923075,0.0,1104075.3076923075,0.0,0.0,0.0,0.0
41,2005.0,0.0,Malaria,All,1104075.3076923075,0.0,0.0,,13.91451962271706,-0.717168680163984,0.0,0.0,0.0,1104075.3076923075,0.0,39.074,1104075.3076923075,1104075.3076923075,0.0,1104075.3076923075,0.0,0.0,0.0,0.0
42,2005.0,0.0,Malaria,All,1104075.3076923075,0.0,0.0,,13.91451962271706,-0.717168680163984,0.0,0.0,0.0,1104075.3076923075,0.0,39.074,1104075.3076923075,1104075.3076923075,0.0,1104075.3076923075,0.0,0.0,0.0,0.0
43,2005.0,0.0,Malaria,All,1104075.3076923075,0.0,0.0,,13.91451962271706,-0.717168680163984,0.0,0.0,0.0,1104075.3076923075,0.0,39.074,1104075.3076923075,1104075.3076923075,0.0,1104075.3076923075,0.0,0.0,0.0,0.0
44,2005.0,0.0,Malaria,All,1104075.3076923075,0.0,0.0,,13.91451962271706,-0.717168680163984,0.0,0.0,0.0,1104075.3076923075,0.0,39.074,1104075.3076923075,1104075.3076923075,0.0,1104075.3076923075,0.0,0.0,0.0,0.0
45,2005.0,0.0,Malaria,All,1104075.3076923075,0.0,0.0,,13.91451962271706,-0.717168680163984,0.0,0.0,0.0,1104075.3076923075,0.0,39.074,1104075.3076923075,1104075.3076923075,0.0,1104075.3076923075,0.0,0.0,0.0,0.0
46,2005.0,0.0,Malaria,All,1104075.3076923075,0.0,0.0,,13.91451962271706,-0.717168680163984,0.0,0.0,0.0,1104075.3076923075,0.0,39.074,1104075.3076923075,1104075.3076923075,0.0,1104075.3076923075,0.0,0.0,0.0,0.0
47,2005.0,0.0,Malaria,All,1104075.3076923075,0.0,0.0,,13.91451962271706,-0.717168680163984,0.0,0.0,0.0,1104075.3076923075,0.0,39.074,1104075.3076923075,1104075.3076923075,0.0,1104075.3076923075,0.0,0.0,0.0,0.0
48,2005.0,0.0,Malaria,All,1104075.3076923075,0.0,0.0,,13.91451962271706,-0.717168680163984,0.0,0.0,0.0,1104075.3076923075,0.0,39.074,1104075.3076923075,1104075.3076923075,0.0,1104075.3076923075,0.0,0.0,0.0,0.0
49,2005.0,0.0,Malaria,All,1104075.3076923075,0.0,0.0,,13.91451962271706,-0.717168680163984,0.0,0.0,0.0,1104075.3076923075,0.0,39.074,1104075.3076923075,1104075.3076923075,0.0,1104075.3076923075,0.0,0.0,0.0,0.0
50,2005.0,0.0,Malaria,All,1104075.3076923075,0.0,0.0,,13.91451962271706,-0.717168680163984,0.0,0.0,0.0,1104075.3076923075,0.0,39.074,1104075.3076923075,1104075.3076923075,0.0,1104075.3076923075,0.0,0.0,0.0,0.0
51,2005.0,0.0,Malaria,All,1104075.3076923075,0.0,0.0,,13.91451962271706,-0.717168680163984,0.0,0.0,0.0,1104075.3076923075,0.0,39.074,1104075.3076923075,1104075.3076923075,0.0,1104075.3076923075,0.0,0.0,0.0,0.0
52,2005.0,0.0,Malaria,All,1104075.3076923075,0.0,0.0,,13.91451962271706,-0.717168680163984,0.0,0.0,0.0,1104075.3076923075,0.0,39.074,1104075.3076923075,1104075.3076923075,0.0,1104075.3076923075,0.0,0.0,0.0,0.0
1,2006.0,0.0,Malaria,All,1142661.1923076925,0.0,0.0,,13.94887135430731,-0.6888563140056708,0.0,0.0,0.0,1142661.1923076925,0.0,39.943,1104075.3076923075,1104075.3076923075,0.0,1113721.7788461538,19292.94230769098,0.0,0.03494859847561992,0.0
2,2006.0,0.0,Malaria,All,1142661.1923076925,0.0,0.0,,13.94887135430731,-0.6888563140056708,0.0,0.0,0.0,1142661.1923076925,0.0,39.943,1142661.1923076925,1123368.25,0.0,1123368.25,22277.570869610914,0.0,0.0,0.0
3,2006.0,0.0,Malaria,All,1142661.1923076925,0.0,0.0,,13.94887135430731,-0.6888563140056708,0.0,0.0,0.0,1142661.1923076925,0.0,39.943,1142661.1923076925,1142661.1923076925,0.0,1133014.7211538462,19292.94230769065,0.0,0.0,0.0
4,2006.0,0.0,Malaria,All,1142661.1923076925,0.0,0.0,,13.94887135430731,-0.6888563140056708,0.0,0.0,0.0,1142661.1923076925,0.0,39.943,1142661.1923076925,1142661.1923076925,0.0,1142661.1923076925,0.0,0.0,0.0,0.0
5,2006.0,0.0,Malaria,All,1142661.1923076925,0.0,0.0,,13.94887135430731,-0.6888563140056708,0.0,0.0,0.0,1142661.1923076925,0.0,39.943,1142661.1923076925,1142661.1923076925,0.0,1142661.1923076925,0.0,0.0,0.0,0.0
6,2006.0,0.0,Malaria,All,1142661.1923076925,0.0,0.0,,13.94887135430731,-0.6888563140056708,0.0,0.0,0.0,1142661.1923076925,0.0,39.943,1142661.1923076925,1142661.1923076925,0.0,1142661.1923076925,0.0,0.0,0.0,0.0
7,2006.0,0.0,Malaria,All,1142661.1923076925,0.0,0.0,,13.94887135430731,-0.6888563140056708,0.0,0.0,0.0,1142661.1923076925,0.0,39.943,1142661.1923076925,1142661.1923076925,0.0,1142661.1923076925,0.0,0.0,0.0,0.0
8,2006.0,0.0,Malaria,All,1142661.1923076925,0.0,0.0,,13.94887135430731,-0.6888563140056708,0.0,0.0,0.0,1142661.1923076925,0.0,39.943,1142661.1923076925,1142661.1923076925,0.0,1142661.1923076925,0.0,0.0,0.0,0.0
9,2006.0,0.0,Malaria,All,1142661.1923076925,0.0,0.0,,13.94887135430731,-0.6888563140056708,0.0,0.0,0.0,1142661.1923076925,0.0,39.943,1142661.1923076925,1142661.1923076925,0.0,1142661.1923076925,0.0,0.0,0.0,0.0
10,2006.0,0.0,Malaria,All,1142661.1923076925,0.0,0.0,,13.94887135430731,-0.6888563140056708,0.0,0.0,0.0,1142661.1923076925,0.0,39.943,1142661.1923076925,1142661.1923076925,0.0,1142661.1923076925,0.0,0.0,0.0,0.0
11,2006.0,0.0,Malaria,All,1142661.1923076925,0.0,0.0,,13.94887135430731,-0.6888563140056708,0.0,0.0,0.0,1142661.1923076925,0.0,39.943,1142661.1923076925,1142661.1923076925,0.0,1142661.1923076925,0.0,0.0,0.0,0.0
12,2006.0,0.0,Malaria,All,1142661.1923076925,0.0,0.0,,13.94887135430731,-0.6888563140056708,0.0,0.0,0.0,1142661.1923076925,0.0,39.943,1142661.1923076925,1142661.1923076925,0.0,1142661.1923076925,0.0,0.0,0.0,0.0
13,2006.0,0.0,Malaria,All,1142661.1923076925,0.0,0.0,,13.94887135430731,-0.6888563140056708,0.0,0.0,0.0,1142661.1923076925,0.0,39.943,1142661.1923076925,1142661.1923076925,0.0,1142661.1923076925,0.0,0.0,0.0,0.0
14,2006.0,0.0,Malaria,All,1142661.1923076925,0.0,0.0,,13.94887135430731,-0.6888563140056708,0.0,0.0,0.0,1142661.1923076925,0.0,39.943,1142661.1923076925,1142661.1923076925,0.0,1142661.1923076925,0.0,0.0,0.0,0.0
15,2006.0,0.0,Malaria,All,1142661.1923076925,0.0,0.0,,13.94887135430731,-0.6888563140056708,0.0,0.0,0.0,1142661.1923076925,0.0,39.943,1142661.1923076925,1142661.1923076925,0.0,1142661.1923076925,0.0,0.0,0.0,0.0
16,2006.0,0.0,Malaria,All,1142661.1923076925,0.0,0.0,,13.94887135430731,-0.6888563140056708,0.0,0.0,0.0,1142661.1923076925,0.0,39.943,1142661.1923076925,1142661.1923076925,0.0,1142661.1923076925,0.0,0.0,0.0,0.0
17,2006.0,0.0,Malaria,All,1142661.1923076925,0.0,0.0,,13.94887135430731,-0.6888563140056708,0.0,0.0,0.0,1142661.1923076925,0.0,39.943,1142661.1923076925,1142661.1923076925,0.0,1142661.1923076925,0.0,0.0,0.0,0.0
18,2006.0,0.0,Malaria,All,1142661.1923076925,0.0,0.0,,13.94887135430731,-0.6888563140056708,0.0,0.0,0.0,1142661.1923076925,0.0,39.943,1142661.1923076925,1142661.1923076925,0.0,1142661.1923076925,0.0,0.0,0.0,0.0
19,2006.0,0.0,Malaria,All,1142661.1923076925,0.0,0.0,,13.94887135430731,-0.6888563140056708,0.0,0.0,0.0,1142661.1923076925,0.0,39.943,1142661.1923076925,1142661.1923076925,0.0,1142661.1923076925,0.0,0.0,0.0,0.0
20,2006.0,0.0,Malaria,All,1142661.1923076925,0.0,0.0,,13.94887135430731,-0.6888563140056708,0.0,0.0,0.0,1142661.1923076925,0.0,39.943,1142661.1923076925,1142661.1923076925,0.0,1142661.1923076925,0.0,0.0,0.0,0.0
21,2006.0,0.0,Malaria,All,1142661.1923076925,0.0,0.0,,13.94887135430731,-0.6888563140056708,0.0,0.0,0.0,1142661.1923076925,0.0,39.943,1142661.1923076925,1142661.1923076925,0.0,1142661.1923076925,0.0,0.0,0.0,0.0
22,2006.0,0.0,Malaria,All,1142661.1923076925,0.0,0.0,,13.94887135430731,-0.6888563140056708,0.0,0.0,0.0,1142661.1923076925,0.0,39.943,1142661.1923076925,1142661.1923076925,0.0,1142661.1923076925,0.0,0.0,0.0,0.0
23,2006.0,0.0,Malaria,All,1142661.1923076925,0.0,0.0,,13.94887135430731,-0.6888563140056708,0.0,0.0,0.0,1142661.1923076925,0.0,39.943,1142661.1923076925,1142661.1923076925,0.0,1142661.1923076925,0.0,0.0,0.0,0.0
24,2006.0,0.0,Malaria,All,1142661.1923076925,0.0,0.0,,13.94887135430731,-0.6888563140056708,0.0,0.0,0.0,1142661.1923076925,0.0,39.943,1142661.1923076925,1142661.1923076925,0.0,1142661.1923076925,0.0,0.0,0.0,0.0
25,2006.0,0.0,Malaria,All,1142661.1923076925,0.0,0.0,,13.94887135430731,-0.6888563140056708,0.0,0.0,0.0,1142661.1923076925,0.0,39.943,1142661.1923076925,1142661.1923076925,0.0,1142661.1923076925,0.0,0.0,0.0,0.0
26,2006.0,0.0,Malaria,All,1142661.1923076925,0.0,0.0,,13.94887135430731,-0.6888563140056708,0.0,0.0,0.0,1142661.1923076925,0.0,39.943,1142661.1923076925,1142661.1923076925,0.0,1142661.1923076925,0.0,0.0,0.0,0.0
27,2006.0,0.0,Malaria,All,1142661.1923076925,0.0,0.0,,13.94887135430731,-0.6888563140056708,0.0,0.0,0.0,1142661.1923076925,0.0,39.943,1142661.1923076925,1142661.1923076925,0.0,1142661.1923076925,0.0,0.0,0.0,0.0
28,2006.0,0.0,Malaria,All,1142661.1923076925,0.0,0.0,,13.94887135430731,-0.6888563140056708,0.0,0.0,0.0,1142661.1923076925,0.0,39.943,1142661.1923076925,1142661.1923076925,0.0,1142661.1923076925,0.0,0.0,0.0,0.0
29,2006.0,0.0,Malaria,All,1142661.1923076925,0.0,0.0,,13.94887135430731,-0.6888563140056708,0.0,0.0,0.0,1142661.1923076925,0.0,39.943,1142661.1923076925,1142661.1923076925,0.0,1142661.1923076925,0.0,0.0,0.0,0.0
30,2006.0,0.0,Malaria,All,1142661.1923076925,0.0,0.0,,13.94887135430731,-0.6888563140056708,0.0,0.0,0.0,1142661.1923076925,0.0,39.943,1142661.1923076925,1142661.1923076925,0.0,1142661.1923076925,0.0,0.0,0.0,0.0
31,2006.0,0.0,Malaria,All,1142661.1923076925,0.0,0.0,,13.94887135430731,-0.6888563140056708,0.0,0.0,0.0,1142661.1923076925,0.0,39.943,1142661.1923076925,1142661.1923076925,0.0,1142661.1923076925,0.0,0.0,0.0,0.0
32,2006.0,0.0,Malaria,All,1142661.1923076925,0.0,0.0,,13.94887135430731,-0.6888563140056708,0.0,0.0,0.0,1142661.1923076925,0.0,39.943,1142661.1923076925,1142661.1923076925,0.0,1142661.1923076925,0.0,0.0,0.0,0.0
33,2006.0,0.0,Malaria,All,1142661.1923076925,0.0,0.0,,13.94887135430731,-0.6888563140056708,0.0,0.0,0.0,1142661.1923076925,0.0,39.943,1142661.1923076925,1142661.1923076925,0.0,1142661.1923076925,0.0,0.0,0.0,0.0
34,2006.0,0.0,Malaria,All,1142661.1923076925,0.0,0.0,,13.94887135430731,-0.6888563140056708,0.0,0.0,0.0,1142661.1923076925,0.0,39.943,1142661.1923076925,1142661.1923076925,0.0,1142661.1923076925,0.0,0.0,0.0,0.0
35,2006.0,0.0,Malaria,All,1142661.1923076925,0.0,0.0,,13.94887135430731,-0.6888563140056708,0.0,0.0,0.0,1142661.1923076925,0.0,39.943,1142661.1923076925,1142661.1923076925,0.0,1142661.1923076925,0.0,0.0,0.0,0.0
36,2006.0,0.0,Malaria,All,1142661.1923076925,0.0,0.0,,13.94887135430731,-0.6888563140056708,0.0,0.0,0.0,1142661.1923076925,0.0,39.943,1142661.1923076925,1142661.1923076925,0.0,1142661.1923076925,0.0,0.0,0.0,0.0
37,2006.0,0.0,Malaria,All,1142661.1923076925,0.0,0.0,,13.94887135430731,-0.6888563140056708,0.0,0.0,0.0,1142661.1923076925,0.0,39.943,1142661.1923076925,1142661.1923076925,0.0,1142661.1923076925,0.0,0.0,0.0,0.0
38,2006.0,0.0,Malaria,All,1142661.1923076925,0.0,0.0,,13.94887135430731,-0.6888563140056708,0.0,0.0,0.0,1142661.1923076925,0.0,39.943,1142661.1923076925,1142661.1923076925,0.0,1142661.1923076925,0.0,0.0,0.0,0.0
39,2006.0,0.0,Malaria,All,1142661.1923076925,0.0,0.0,,13.94887135430731,-0.6888563140056708,0.0,0.0,0.0,1142661.1923076925,0.0,39.943,1142661.1923076925,1142661.1923076925,0.0,1142661.1923076925,0.0,0.0,0.0,0.0
40,2006.0,0.0,Malaria,All,1142661.1923076925,0.0,0.0,,13.94887135430731,-0.6888563140056708,0.0,0.0,0.0,1142661.1923076925,0.0,39.943,1142661.1923076925,1142661.1923076925,0.0,1142661.1923076925,0.0,0.0,0.0,0.0
41,2006.0,0.0,Malaria,All,1142661.1923076925,0.0,0.0,,13.94887135430731,-0.6888563140056708,0.0,0.0,0.0,1142661.1923076925,0.0,39.943,1142661.1923076925,1142661.1923076925,0.0,1142661.1923076925,0.0,0.0,0.0,0.0
42,2006.0,0.0,Malaria,All,1142661.1923076925,0.0,0.0,,13.94887135430731,-0.6888563140056708,0.0,0.0,0.0,1142661.1923076925,0.0,39.943,1142661.1923076925,1142661.1923076925,0.0,1142661.1923076925,0.0,0.0,0.0,0.0
43,2006.0,0.0,Malaria,All,1142661.1923076925,0.0,0.0,,13.94887135430731,-0.6888563140056708,0.0,0.0,0.0,1142661.1923076925,0.0,39.943,1142661.1923076925,1142661.1923076925,0.0,1142661.1923076925,0.0,0.0,0.0,0.0
44,2006.0,0.0,Malaria,All,1142661.1923076925,0.0,0.0,,13.94887135430731,-0.6888563140056708,0.0,0.0,0.0,1142661.1923076925,0.0,39.943,1142661.1923076925,1142661.1923076925,0.0,1142661.1923076925,0.0,0.0,0.0,0.0
45,2006.0,0.0,Malaria,All,1142661.1923076925,0.0,0.0,,13.94887135430731,-0.6888563140056708,0.0,0.0,0.0,1142661.1923076925,0.0,39.943,1142661.1923076925,1142661.1923076925,0.0,1142661.1923076925,0.0,0.0,0.0,0.0
46,2006.0,0.0,Malaria,All,1142661.1923076925,0.0,0.0,,13.94887135430731,-0.6888563140056708,0.0,0.0,0.0,1142661.1923076925,0.0,39.943,1142661.1923076925,1142661.1923076925,0.0,1142661.1923076925,0.0,0.0,0.0,0.0
47,2006.0,0.0,Malaria,All,1142661.1923076925,0.0,0.0,,13.94887135430731,-0.6888563140056708,0.0,0.0,0.0,1142661.1923076925,0.0,39.943,1142661.1923076925,1142661.1923076925,0.0,1142661.1923076925,0.0,0.0,0.0,0.0
48,2006.0,0.0,Malaria,All,1142661.1923076925,0.0,0.0,,13.94887135430731,-0.6888563140056708,0.0,0.0,0.0,1142661.1923076925,0.0,39.943,1142661.1923076925,1142661.1923076925,0.0,1142661.1923076925,0.0,0.0,0.0,0.0
49,2006.0,0.0,Malaria,All,1142661.1923076925,0.0,0.0,,13.94887135430731,-0.6888563140056708,0.0,0.0,0.0,1142661.1923076925,0.0,39.943,1142661.1923076925,1142661.1923076925,0.0,1142661.1923076925,0.0,0.0,0.0,0.0
50,2006.0,0.0,Malaria,All,1142661.1923076925,0.0,0.0,,13.94887135430731,-0.6888563140056708,0.0,0.0,0.0,1142661.1923076925,0.0,39.943,1142661.1923076925,1142661.1923076925,0.0,1142661.1923076925,0.0,0.0,0.0,0.0
51,2006.0,0.0,Malaria,All,1142661.1923076925,0.0,0.0,,13.94887135430731,-0.6888563140056708,0.0,0.0,0.0,1142661.1923076925,0.0,39.943,1142661.1923076925,1142661.1923076925,0.0,1142661.1923076925,0.0,0.0,0.0,0.0
52,2006.0,0.0,Malaria,All,1142661.1923076925,0.0,0.0,,13.94887135430731,-0.6888563140056708,0.0,0.0,0.0,1142661.1923076925,0.0,39.943,1142661.1923076925,1142661.1923076925,0.0,1142661.1923076925,0.0,0.0,0.0,0.0
1,2007.0,0.0,Malaria,All,1180775.5576923075,0.0,0.0,,13.981682879728417,-0.6608899247569273,0.0,0.0,0.0,1180775.5576923075,0.0,40.819,1142661.1923076925,1142661.1923076925,0.0,1152189.7836538462,19057.18269230538,0.0,0.03335578878603562,0.0
2,2007.0,0.0,Malaria,All,1180775.5576923075,0.0,0.0,,13.981682879728417,-0.6608899247569273,0.0,0.0,0.0,1180775.5576923075,0.0,40.819,1180775.5576923075,1161718.375,0.0,1161718.375,22005.339114797243,0.0,0.0,0.0
3,2007.0,0.0,Malaria,All,1180775.5576923075,0.0,0.0,,13.981682879728417,-0.6608899247569273,0.0,0.0,0.0,1180775.5576923075,0.0,40.819,1180775.5576923075,1180775.5576923075,0.0,1171246.9663461538,19057.182692305054,0.0,0.0,0.0
4,2007.0,0.0,Malaria,All,1180775.5576923075,0.0,0.0,,13.981682879728417,-0.6608899247569273,0.0,0.0,0.0,1180775.5576923075,0.0,40.819,1180775.5576923075,1180775.5576923075,0.0,1180775.5576923075,0.0,0.0,0.0,0.0
5,2007.0,0.0,Malaria,All,1180775.5576923075,0.0,0.0,,13.981682879728417,-0.6608899247569273,0.0,0.0,0.0,1180775.5576923075,0.0,40.819,1180775.5576923075,1180775.5576923075,0.0,1180775.5576923075,0.0,0.0,0.0,0.0
6,2007.0,0.0,Malaria,All,1180775.5576923075,0.0,0.0,,13.981682879728417,-0.6608899247569273,0.0,0.0,0.0,1180775.5576923075,0.0,40.819,1180775.5576923075,1180775.5576923075,0.0,1180775.5576923075,0.0,0.0,0.0,0.0
7,2007.0,0.0,Malaria,All,1180775.5576923075,0.0,0.0,,13.981682879728417,-0.6608899247569273,0.0,0.0,0.0,1180775.5576923075,0.0,40.819,1180775.5576923075,1180775.5576923075,0.0,1180775.5576923075,0.0,0.0,0.0,0.0
8,2007.0,0.0,Malaria,All,1180775.5576923075,0.0,0.0,,13.981682879728417,-0.6608899247569273,0.0,0.0,0.0,1180775.5576923075,0.0,40.819,1180775.5576923075,1180775.5576923075,0.0,1180775.5576923075,0.0,0.0,0.0,0.0
9,2007.0,0.0,Malaria,All,1180775.5576923075,0.0,0.0,,13.981682879728417,-0.6608899247569273,0.0,0.0,0.0,1180775.5576923075,0.0,40.819,1180775.5576923075,1180775.5576923075,0.0,1180775.5576923075,0.0,0.0,0.0,0.0
10,2007.0,0.0,Malaria,All,1180775.5576923075,0.0,0.0,,13.981682879728417,-0.6608899247569273,0.0,0.0,0.0,1180775.5576923075,0.0,40.819,1180775.5576923075,1180775.5576923075,0.0,1180775.5576923075,0.0,0.0,0.0,0.0
11,2007.0,0.0,Malaria,All,1180775.5576923075,0.0,0.0,,13.981682879728417,-0.6608899247569273,0.0,0.0,0.0,1180775.5576923075,0.0,40.819,1180775.5576923075,1180775.5576923075,0.0,1180775.5576923075,0.0,0.0,0.0,0.0
12,2007.0,0.0,Malaria,All,1180775.5576923075,0.0,0.0,,13.981682879728417,-0.6608899247569273,0.0,0.0,0.0,1180775.5576923075,0.0,40.819,1180775.5576923075,1180775.5576923075,0.0,1180775.5576923075,0.0,0.0,0.0,0.0
13,2007.0,0.0,Malaria,All,1180775.5576923075,0.0,0.0,,13.981682879728417,-0.6608899247569273,0.0,0.0,0.0,1180775.5576923075,0.0,40.819,1180775.5576923075,1180775.5576923075,0.0,1180775.5576923075,0.0,0.0,0.0,0.0
14,2007.0,0.0,Malaria,All,1180775.5576923075,0.0,0.0,,13.981682879728417,-0.6608899247569273,0.0,0.0,0.0,1180775.5576923075,0.0,40.819,1180775.5576923075,1180775.5576923075,0.0,1180775.5576923075,0.0,0.0,0.0,0.0
15,2007.0,0.0,Malaria,All,1180775.5576923075,0.0,0.0,,13.981682879728417,-0.6608899247569273,0.0,0.0,0.0,1180775.5576923075,0.0,40.819,1180775.5576923075,1180775.5576923075,0.0,1180775.5576923075,0.0,0.0,0.0,0.0
16,2007.0,0.0,Malaria,All,1180775.5576923075,0.0,0.0,,13.981682879728417,-0.6608899247569273,0.0,0.0,0.0,1180775.5576923075,0.0,40.819,1180775.5576923075,1180775.5576923075,0.0,1180775.5576923075,0.0,0.0,0.0,0.0
17,2007.0,0.0,Malaria,All,1180775.5576923075,0.0,0.0,,13.981682879728417,-0.6608899247569273,0.0,0.0,0.0,1180775.5576923075,0.0,40.819,1180775.5576923075,1180775.5576923075,0.0,1180775.5576923075,0.0,0.0,0.0,0.0
18,2007.0,0.0,Malaria,All,1180775.5576923075,0.0,0.0,,13.981682879728417,-0.6608899247569273,0.0,0.0,0.0,1180775.5576923075,0.0,40.819,1180775.5576923075,1180775.5576923075,0.0,1180775.5576923075,0.0,0.0,0.0,0.0
19,2007.0,0.0,Malaria,All,1180775.5576923075,0.0,0.0,,13.981682879728417,-0.6608899247569273,0.0,0.0,0.0,1180775.5576923075,0.0,40.819,1180775.5576923075,1180775.5576923075,0.0,1180775.5576923075,0.0,0.0,0.0,0.0
20,2007.0,0.0,Malaria,All,1180775.5576923075,0.0,0.0,,13.981682879728417,-0.6608899247569273,0.0,0.0,0.0,1180775.5576923075,0.0,40.819,1180775.5576923075,1180775.5576923075,0.0,1180775.5576923075,0.0,0.0,0.0,0.0
21,2007.0,0.0,Malaria,All,1180775.5576923075,0.0,0.0,,13.981682879728417,-0.6608899247569273,0.0,0.0,0.0,1180775.5576923075,0.0,40.819,1180775.5576923075,1180775.5576923075,0.0,1180775.5576923075,0.0,0.0,0.0,0.0
22,2007.0,0.0,Malaria,All,1180775.5576923075,0.0,0.0,,13.981682879728417,-0.6608899247569273,0.0,0.0,0.0,1180775.5576923075,0.0,40.819,1180775.5576923075,1180775.5576923075,0.0,1180775.5576923075,0.0,0.0,0.0,0.0
23,2007.0,0.0,Malaria,All,1180775.5576923075,0.0,0.0,,13.981682879728417,-0.6608899247569273,0.0,0.0,0.0,1180775.5576923075,0.0,40.819,1180775.5576923075,1180775.5576923075,0.0,1180775.5576923075,0.0,0.0,0.0,0.0
24,2007.0,0.0,Malaria,All,1180775.5576923075,0.0,0.0,,13.981682879728417,-0.6608899247569273,0.0,0.0,0.0,1180775.5576923075,0.0,40.819,1180775.5576923075,1180775.5576923075,0.0,1180775.5576923075,0.0,0.0,0.0,0.0
25,2007.0,0.0,Malaria,All,1180775.5576923075,0.0,0.0,,13.981682879728417,-0.6608899247569273,0.0,0.0,0.0,1180775.5576923075,0.0,40.819,1180775.5576923075,1180775.5576923075,0.0,1180775.5576923075,0.0,0.0,0.0,0.0
26,2007.0,0.0,Malaria,All,1180775.5576923075,0.0,0.0,,13.981682879728417,-0.6608899247569273,0.0,0.0,0.0,1180775.5576923075,0.0,40.819,1180775.5576923075,1180775.5576923075,0.0,1180775.5576923075,0.0,0.0,0.0,0.0
27,2007.0,0.0,Malaria,All,1180775.5576923075,0.0,0.0,,13.981682879728417,-0.6608899247569273,0.0,0.0,0.0,1180775.5576923075,0.0,40.819,1180775.5576923075,1180775.5576923075,0.0,1180775.5576923075,0.0,0.0,0.0,0.0
28,2007.0,0.0,Malaria,All,1180775.5576923075,0.0,0.0,,13.981682879728417,-0.6608899247569273,0.0,0.0,0.0,1180775.5576923075,0.0,40.819,1180775.5576923075,1180775.5576923075,0.0,1180775.5576923075,0.0,0.0,0.0,0.0
29,2007.0,0.0,Malaria,All,1180775.5576923075,0.0,0.0,,13.981682879728417,-0.6608899247569273,0.0,0.0,0.0,1180775.5576923075,0.0,40.819,1180775.5576923075,1180775.5576923075,0.0,1180775.5576923075,0.0,0.0,0.0,0.0
30,2007.0,0.0,Malaria,All,1180775.5576923075,0.0,0.0,,13.981682879728417,-0.6608899247569273,0.0,0.0,0.0,1180775.5576923075,0.0,40.819,1180775.5576923075,1180775.5576923075,0.0,1180775.5576923075,0.0,0.0,0.0,0.0
31,2007.0,0.0,Malaria,All,1180775.5576923075,0.0,0.0,,13.981682879728417,-0.6608899247569273,0.0,0.0,0.0,1180775.5576923075,0.0,40.819,1180775.5576923075,1180775.5576923075,0.0,1180775.5576923075,0.0,0.0,0.0,0.0
32,2007.0,0.0,Malaria,All,1180775.5576923075,0.0,0.0,,13.981682879728417,-0.6608899247569273,0.0,0.0,0.0,1180775.5576923075,0.0,40.819,1180775.5576923075,1180775.5576923075,0.0,1180775.5576923075,0.0,0.0,0.0,0.0
33,2007.0,0.0,Malaria,All,1180775.5576923075,0.0,0.0,,13.981682879728417,-0.6608899247569273,0.0,0.0,0.0,1180775.5576923075,0.0,40.819,1180775.5576923075,1180775.5576923075,0.0,1180775.5576923075,0.0,0.0,0.0,0.0
34,2007.0,0.0,Malaria,All,1180775.5576923075,0.0,0.0,,13.981682879728417,-0.6608899247569273,0.0,0.0,0.0,1180775.5576923075,0.0,40.819,1180775.5576923075,1180775.5576923075,0.0,1180775.5576923075,0.0,0.0,0.0,0.0
35,2007.0,0.0,Malaria,All,1180775.5576923075,0.0,0.0,,13.981682879728417,-0.6608899247569273,0.0,0.0,0.0,1180775.5576923075,0.0,40.819,1180775.5576923075,1180775.5576923075,0.0,1180775.5576923075,0.0,0.0,0.0,0.0
36,2007.0,0.0,Malaria,All,1180775.5576923075,0.0,0.0,,13.981682879728417,-0.6608899247569273,0.0,0.0,0.0,1180775.5576923075,0.0,40.819,1180775.5576923075,1180775.5576923075,0.0,1180775.5576923075,0.0,0.0,0.0,0.0
37,2007.0,0.0,Malaria,All,1180775.5576923075,0.0,0.0,,13.981682879728417,-0.6608899247569273,0.0,0.0,0.0,1180775.5576923075,0.0,40.819,1180775.5576923075,1180775.5576923075,0.0,1180775.5576923075,0.0,0.0,0.0,0.0
38,2007.0,0.0,Malaria,All,1180775.5576923075,0.0,0.0,,13.981682879728417,-0.6608899247569273,0.0,0.0,0.0,1180775.5576923075,0.0,40.819,1180775.5576923075,1180775.5576923075,0.0,1180775.5576923075,0.0,0.0,0.0,0.0
39,2007.0,0.0,Malaria,All,1180775.5576923075,0.0,0.0,,13.981682879728417,-0.6608899247569273,0.0,0.0,0.0,1180775.5576923075,0.0,40.819,1180775.5576923075,1180775.5576923075,0.0,1180775.5576923075,0.0,0.0,0.0,0.0
40,2007.0,0.0,Malaria,All,1180775.5576923075,0.0,0.0,,13.981682879728417,-0.6608899247569273,0.0,0.0,0.0,1180775.5576923075,0.0,40.819,1180775.5576923075,1180775.5576923075,0.0,1180775.5576923075,0.0,0.0,0.0,0.0
41,2007.0,0.0,Malaria,All,1180775.5576923075,0.0,0.0,,13.981682879728417,-0.6608899247569273,0.0,0.0,0.0,1180775.5576923075,0.0,40.819,1180775.5576923075,1180775.5576923075,0.0,1180775.5576923075,0.0,0.0,0.0,0.0
42,2007.0,0.0,Malaria,All,1180775.5576923075,0.0,0.0,,13.981682879728417,-0.6608899247569273,0.0,0.0,0.0,1180775.5576923075,0.0,40.819,1180775.5576923075,1180775.5576923075,0.0,1180775.5576923075,0.0,0.0,0.0,0.0
43,2007.0,0.0,Malaria,All,1180775.5576923075,0.0,0.0,,13.981682879728417,-0.6608899247569273,0.0,0.0,0.0,1180775.5576923075,0.0,40.819,1180775.5576923075,1180775.5576923075,0.0,1180775.5576923075,0.0,0.0,0.0,0.0
44,2007.0,0.0,Malaria,All,1180775.5576923075,0.0,0.0,,13.981682879728417,-0.6608899247569273,0.0,0.0,0.0,1180775.5576923075,0.0,40.819,1180775.5576923075,1180775.5576923075,0.0,1180775.5576923075,0.0,0.0,0.0,0.0
45,2007.0,0.0,Malaria,All,1180775.5576923075,0.0,0.0,,13.981682879728417,-0.6608899247569273,0.0,0.0,0.0,1180775.5576923075,0.0,40.819,1180775.5576923075,1180775.5576923075,0.0,1180775.5576923075,0.0,0.0,0.0,0.0
46,2007.0,0.0,Malaria,All,1180775.5576923075,0.0,0.0,,13.981682879728417,-0.6608899247569273,0.0,0.0,0.0,1180775.5576923075,0.0,40.819,1180775.5576923075,1180775.5576923075,0.0,1180775.5576923075,0.0,0.0,0.0,0.0
47,2007.0,0.0,Malaria,All,1180775.5576923075,0.0,0.0,,13.981682879728417,-0.6608899247569273,0.0,0.0,0.0,1180775.5576923075,0.0,40.819,1180775.5576923075,1180775.5576923075,0.0,1180775.5576923075,0.0,0.0,0.0,0.0
48,2007.0,0.0,Malaria,All,1180775.5576923075,0.0,0.0,,13.981682879728417,-0.6608899247569273,0.0,0.0,0.0,1180775.5576923075,0.0,40.819,1180775.5576923075,1180775.5576923075,0.0,1180775.5576923075,0.0,0.0,0.0,0.0
49,2007.0,0.0,Malaria,All,1180775.5576923075,0.0,0.0,,13.981682879728417,-0.6608899247569273,0.0,0.0,0.0,1180775.5576923075,0.0,40.819,1180775.5576923075,1180775.5576923075,0.0,1180775.5576923075,0.0,0.0,0.0,0.0
50,2007.0,0.0,Malaria,All,1180775.5576923075,0.0,0.0,,13.981682879728417,-0.6608899247569273,0.0,0.0,0.0,1180775.5576923075,0.0,40.819,1180775.5576923075,1180775.5576923075,0.0,1180775.5576923075,0.0,0.0,0.0,0.0
51,2007.0,0.0,Malaria,All,1180775.5576923075,0.0,0.0,,13.981682879728417,-0.6608899247569273,0.0,0.0,0.0,1180775.5576923075,0.0,40.819,1180775.5576923075,1180775.5576923075,0.0,1180775.5576923075,0.0,0.0,0.0,0.0
52,2007.0,0.0,Malaria,All,1180775.5576923075,0.0,0.0,,13.981682879728417,-0.6608899247569273,0.0,0.0,0.0,1180775.5576923075,0.0,40.819,1180775.5576923075,1180775.5576923075,0.0,1180775.5576923075,0.0,0.0,0.0,0.0
1,2008.0,0.0,Malaria,All,1218375.7307692308,0.0,0.0,,14.01302998219394,-0.6333008237584409,0.0,0.0,0.0,1218375.7307692308,0.0,41.702,1180775.5576923075,1180775.5576923075,0.0,1190175.6009615383,18800.086538458872,0.0,0.03184362416038534,0.0
2,2008.0,0.0,Malaria,All,1218375.7307692308,0.0,0.0,,14.01302998219394,-0.6333008237584409,0.0,0.0,0.0,1218375.7307692308,0.0,41.702,1218375.7307692308,1199575.644230769,0.0,1199575.644230769,21708.4700475357,0.0,0.0,0.0
3,2008.0,0.0,Malaria,All,1218375.7307692308,0.0,0.0,,14.01302998219394,-0.6333008237584409,0.0,0.0,0.0,1218375.7307692308,0.0,41.702,1218375.7307692308,1218375.7307692308,0.0,1208975.6875,18800.086538458738,0.0,0.0,0.0
4,2008.0,0.0,Malaria,All,1218375.7307692308,0.0,0.0,,14.01302998219394,-0.6333008237584409,0.0,0.0,0.0,1218375.7307692308,0.0,41.702,1218375.7307692308,1218375.7307692308,0.0,1218375.7307692308,0.0,0.0,0.0,0.0
5,2008.0,0.0,Malaria,All,1218375.7307692308,0.0,0.0,,14.01302998219394,-0.6333008237584409,0.0,0.0,0.0,1218375.7307692308,0.0,41.702,1218375.7307692308,1218375.7307692308,0.0,1218375.7307692308,0.0,0.0,0.0,0.0
6,2008.0,0.0,Malaria,All,1218375.7307692308,0.0,0.0,,14.01302998219394,-0.6333008237584409,0.0,0.0,0.0,1218375.7307692308,0.0,41.702,1218375.7307692308,1218375.7307692308,0.0,1218375.7307692308,0.0,0.0,0.0,0.0
7,2008.0,0.0,Malaria,All,1218375.7307692308,0.0,0.0,,14.01302998219394,-0.6333008237584409,0.0,0.0,0.0,1218375.7307692308,0.0,41.702,1218375.7307692308,1218375.7307692308,0.0,1218375.7307692308,0.0,0.0,0.0,0.0
8,2008.0,0.0,Malaria,All,1218375.7307692308,0.0,0.0,,14.01302998219394,-0.6333008237584409,0.0,0.0,0.0,1218375.7307692308,0.0,41.702,1218375.7307692308,1218375.7307692308,0.0,1218375.7307692308,0.0,0.0,0.0,0.0
9,2008.0,0.0,Malaria,All,1218375.7307692308,0.0,0.0,,14.01302998219394,-0.6333008237584409,0.0,0.0,0.0,1218375.7307692308,0.0,41.702,1218375.7307692308,1218375.7307692308,0.0,1218375.7307692308,0.0,0.0,0.0,0.0
10,2008.0,0.0,Malaria,All,1218375.7307692308,0.0,0.0,,14.01302998219394,-0.6333008237584409,0.0,0.0,0.0,1218375.7307692308,0.0,41.702,1218375.7307692308,1218375.7307692308,0.0,1218375.7307692308,0.0,0.0,0.0,0.0
11,2008.0,0.0,Malaria,All,1218375.7307692308,0.0,0.0,,14.01302998219394,-0.6333008237584409,0.0,0.0,0.0,1218375.7307692308,0.0,41.702,1218375.7307692308,1218375.7307692308,0.0,1218375.7307692308,0.0,0.0,0.0,0.0
12,2008.0,0.0,Malaria,All,1218375.7307692308,0.0,0.0,,14.01302998219394,-0.6333008237584409,0.0,0.0,0.0,1218375.7307692308,0.0,41.702,1218375.7307692308,1218375.7307692308,0.0,1218375.7307692308,0.0,0.0,0.0,0.0
13,2008.0,0.0,Malaria,All,1218375.7307692308,0.0,0.0,,14.01302998219394,-0.6333008237584409,0.0,0.0,0.0,1218375.7307692308,0.0,41.702,1218375.7307692308,1218375.7307692308,0.0,1218375.7307692308,0.0,0.0,0.0,0.0
14,2008.0,0.0,Malaria,All,1218375.7307692308,0.0,0.0,,14.01302998219394,-0.6333008237584409,0.0,0.0,0.0,1218375.7307692308,0.0,41.702,1218375.7307692308,1218375.7307692308,0.0,1218375.7307692308,0.0,0.0,0.0,0.0
15,2008.0,0.0,Malaria,All,1218375.7307692308,0.0,0.0,,14.01302998219394,-0.6333008237584409,0.0,0.0,0.0,1218375.7307692308,0.0,41.702,1218375.7307692308,1218375.7307692308,0.0,1218375.7307692308,0.0,0.0,0.0,0.0
16,2008.0,0.0,Malaria,All,1218375.7307692308,0.0,0.0,,14.01302998219394,-0.6333008237584409,0.0,0.0,0.0,1218375.7307692308,0.0,41.702,1218375.7307692308,1218375.7307692308,0.0,1218375.7307692308,0.0,0.0,0.0,0.0
17,2008.0,0.0,Malaria,All,1218375.7307692308,0.0,0.0,,14.01302998219394,-0.6333008237584409,0.0,0.0,0.0,1218375.7307692308,0.0,41.702,1218375.7307692308,1218375.7307692308,0.0,1218375.7307692308,0.0,0.0,0.0,0.0
18,2008.0,0.0,Malaria,All,1218375.7307692308,0.0,0.0,,14.01302998219394,-0.6333008237584409,0.0,0.0,0.0,1218375.7307692308,0.0,41.702,1218375.7307692308,1218375.7307692308,0.0,1218375.7307692308,0.0,0.0,0.0,0.0
19,2008.0,0.0,Malaria,All,1218375.7307692308,0.0,0.0,,14.01302998219394,-0.6333008237584409,0.0,0.0,0.0,1218375.7307692308,0.0,41.702,1218375.7307692308,1218375.7307692308,0.0,1218375.7307692308,0.0,0.0,0.0,0.0
20,2008.0,0.0,Malaria,All,1218375.7307692308,0.0,0.0,,14.01302998219394,-0.6333008237584409,0.0,0.0,0.0,1218375.7307692308,0.0,41.702,1218375.7307692308,1218375.7307692308,0.0,1218375.7307692308,0.0,0.0,0.0,0.0
21,2008.0,0.0,Malaria,All,1218375.7307692308,0.0,0.0,,14.01302998219394,-0.6333008237584409,0.0,0.0,0.0,1218375.7307692308,0.0,41.702,1218375.7307692308,1218375.7307692308,0.0,1218375.7307692308,0.0,0.0,0.0,0.0
22,2008.0,0.0,Malaria,All,1218375.7307692308,0.0,0.0,,14.01302998219394,-0.6333008237584409,0.0,0.0,0.0,1218375.7307692308,0.0,41.702,1218375.7307692308,1218375.7307692308,0.0,1218375.7307692308,0.0,0.0,0.0,0.0
23,2008.0,0.0,Malaria,All,1218375.7307692308,0.0,0.0,,14.01302998219394,-0.6333008237584409,0.0,0.0,0.0,1218375.7307692308,0.0,41.702,1218375.7307692308,1218375.7307692308,0.0,1218375.7307692308,0.0,0.0,0.0,0.0
24,2008.0,0.0,Malaria,All,1218375.7307692308,0.0,0.0,,14.01302998219394,-0.6333008237584409,0.0,0.0,0.0,1218375.7307692308,0.0,41.702,1218375.7307692308,1218375.7307692308,0.0,1218375.7307692308,0.0,0.0,0.0,0.0
25,2008.0,0.0,Malaria,All,1218375.7307692308,0.0,0.0,,14.01302998219394,-0.6333008237584409,0.0,0.0,0.0,1218375.7307692308,0.0,41.702,1218375.7307692308,1218375.7307692308,0.0,1218375.7307692308,0.0,0.0,0.0,0.0
26,2008.0,0.0,Malaria,All,1218375.7307692308,0.0,0.0,,14.01302998219394,-0.6333008237584409,0.0,0.0,0.0,1218375.7307692308,0.0,41.702,1218375.7307692308,1218375.7307692308,0.0,1218375.7307692308,0.0,0.0,0.0,0.0
27,2008.0,0.0,Malaria,All,1218375.7307692308,0.0,0.0,,14.01302998219394,-0.6333008237584409,0.0,0.0,0.0,1218375.7307692308,0.0,41.702,1218375.7307692308,1218375.7307692308,0.0,1218375.7307692308,0.0,0.0,0.0,0.0
28,2008.0,0.0,Malaria,All,1218375.7307692308,0.0,0.0,,14.01302998219394,-0.6333008237584409,0.0,0.0,0.0,1218375.7307692308,0.0,41.702,1218375.7307692308,1218375.7307692308,0.0,1218375.7307692308,0.0,0.0,0.0,0.0
29,2008.0,0.0,Malaria,All,1218375.7307692308,0.0,0.0,,14.01302998219394,-0.6333008237584409,0.0,0.0,0.0,1218375.7307692308,0.0,41.702,1218375.7307692308,1218375.7307692308,0.0,1218375.7307692308,0.0,0.0,0.0,0.0
30,2008.0,0.0,Malaria,All,1218375.7307692308,0.0,0.0,,14.01302998219394,-0.6333008237584409,0.0,0.0,0.0,1218375.7307692308,0.0,41.702,1218375.7307692308,1218375.7307692308,0.0,1218375.7307692308,0.0,0.0,0.0,0.0
31,2008.0,0.0,Malaria,All,1218375.7307692308,0.0,0.0,,14.01302998219394,-0.6333008237584409,0.0,0.0,0.0,1218375.7307692308,0.0,41.702,1218375.7307692308,1218375.7307692308,0.0,1218375.7307692308,0.0,0.0,0.0,0.0
32,2008.0,0.0,Malaria,All,1218375.7307692308,0.0,0.0,,14.01302998219394,-0.6333008237584409,0.0,0.0,0.0,1218375.7307692308,0.0,41.702,1218375.7307692308,1218375.7307692308,0.0,1218375.7307692308,0.0,0.0,0.0,0.0
33,2008.0,0.0,Malaria,All,1218375.7307692308,0.0,0.0,,14.01302998219394,-0.6333008237584409,0.0,0.0,0.0,1218375.7307692308,0.0,41.702,1218375.7307692308,1218375.7307692308,0.0,1218375.7307692308,0.0,0.0,0.0,0.0
34,2008.0,0.0,Malaria,All,1218375.7307692308,0.0,0.0,,14.01302998219394,-0.6333008237584409,0.0,0.0,0.0,1218375.7307692308,0.0,41.702,1218375.7307692308,1218375.7307692308,0.0,1218375.7307692308,0.0,0.0,0.0,0.0
35,2008.0,0.0,Malaria,All,1218375.7307692308,0.0,0.0,,14.01302998219394,-0.6333008237584409,0.0,0.0,0.0,1218375.7307692308,0.0,41.702,1218375.7307692308,1218375.7307692308,0.0,1218375.7307692308,0.0,0.0,0.0,0.0
36,2008.0,0.0,Malaria,All,1218375.7307692308,0.0,0.0,,14.01302998219394,-0.6333008237584409,0.0,0.0,0.0,1218375.7307692308,0.0,41.702,1218375.7307692308,1218375.7307692308,0.0,1218375.7307692308,0.0,0.0,0.0,0.0
37,2008.0,0.0,Malaria,All,1218375.7307692308,0.0,0.0,,14.01302998219394,-0.6333008237584409,0.0,0.0,0.0,1218375.7307692308,0.0,41.702,1218375.7307692308,1218375.7307692308,0.0,1218375.7307692308,0.0,0.0,0.0,0.0
38,2008.0,0.0,Malaria,All,1218375.7307692308,0.0,0.0,,14.01302998219394,-0.6333008237584409,0.0,0.0,0.0,1218375.7307692308,0.0,41.702,1218375.7307692308,1218375.7307692308,0.0,1218375.7307692308,0.0,0.0,0.0,0.0
39,2008.0,0.0,Malaria,All,1218375.7307692308,0.0,0.0,,14.01302998219394,-0.6333008237584409,0.0,0.0,0.0,1218375.7307692308,0.0,41.702,1218375.7307692308,1218375.7307692308,0.0,1218375.7307692308,0.0,0.0,0.0,0.0
40,2008.0,0.0,Malaria,All,1218375.7307692308,0.0,0.0,,14.01302998219394,-0.6333008237584409,0.0,0.0,0.0,1218375.7307692308,0.0,41.702,1218375.7307692308,1218375.7307692308,0.0,1218375.7307692308,0.0,0.0,0.0,0.0
41,2008.0,0.0,Malaria,All,1218375.7307692308,0.0,0.0,,14.01302998219394,-0.6333008237584409,0.0,0.0,0.0,1218375.7307692308,0.0,41.702,1218375.7307692308,1218375.7307692308,0.0,1218375.7307692308,0.0,0.0,0.0,0.0
42,2008.0,0.0,Malaria,All,1218375.7307692308,0.0,0.0,,14.01302998219394,-0.6333008237584409,0.0,0.0,0.0,1218375.7307692308,0.0,41.702,1218375.7307692308,1218375.7307692308,0.0,1218375.7307692308,0.0,0.0,0.0,0.0
43,2008.0,0.0,Malaria,All,1218375.7307692308,0.0,0.0,,14.01302998219394,-0.6333008237584409,0.0,0.0,0.0,1218375.7307692308,0.0,41.702,1218375.7307692308,1218375.7307692308,0.0,1218375.7307692308,0.0,0.0,0.0,0.0
44,2008.0,0.0,Malaria,All,1218375.7307692308,0.0,0.0,,14.01302998219394,-0.6333008237584409,0.0,0.0,0.0,1218375.7307692308,0.0,41.702,1218375.7307692308,1218375.7307692308,0.0,1218375.7307692308,0.0,0.0,0.0,0.0
45,2008.0,0.0,Malaria,All,1218375.7307692308,0.0,0.0,,14.01302998219394,-0.6333008237584409,0.0,0.0,0.0,1218375.7307692308,0.0,41.702,1218375.7307692308,1218375.7307692308,0.0,1218375.7307692308,0.0,0.0,0.0,0.0
46,2008.0,0.0,Malaria,All,1218375.7307692308,0.0,0.0,,14.01302998219394,-0.6333008237584409,0.0,0.0,0.0,1218375.7307692308,0.0,41.702,1218375.7307692308,1218375.7307692308,0.0,1218375.7307692308,0.0,0.0,0.0,0.0
47,2008.0,0.0,Malaria,All,1218375.7307692308,0.0,0.0,,14.01302998219394,-0.6333008237584409,0.0,0.0,0.0,1218375.7307692308,0.0,41.702,1218375.7307692308,1218375.7307692308,0.0,1218375.7307692308,0.0,0.0,0.0,0.0
48,2008.0,0.0,Malaria,All,1218375.7307692308,0.0,0.0,,14.01302998219394,-0.6333008237584409,0.0,0.0,0.0,1218375.7307692308,0.0,41.702,1218375.7307692308,1218375.7307692308,0.0,1218375.7307692308,0.0,0.0,0.0,0.0
49,2008.0,0.0,Malaria,All,1218375.7307692308,0.0,0.0,,14.01302998219394,-0.6333008237584409,0.0,0.0,0.0,1218375.7307692308,0.0,41.702,1218375.7307692308,1218375.7307692308,0.0,1218375.7307692308,0.0,0.0,0.0,0.0
50,2008.0,0.0,Malaria,All,1218375.7307692308,0.0,0.0,,14.01302998219394,-0.6333008237584409,0.0,0.0,0.0,1218375.7307692308,0.0,41.702,1218375.7307692308,1218375.7307692308,0.0,1218375.7307692308,0.0,0.0,0.0,0.0
51,2008.0,0.0,Malaria,All,1218375.7307692308,0.0,0.0,,14.01302998219394,-0.6333008237584409,0.0,0.0,0.0,1218375.7307692308,0.0,41.702,1218375.7307692308,1218375.7307692308,0.0,1218375.7307692308,0.0,0.0,0.0,0.0
52,2008.0,0.0,Malaria,All,1218375.7307692308,0.0,0.0,,14.01302998219394,-0.6333008237584409,0.0,0.0,0.0,1218375.7307692308,0.0,41.702,1218375.7307692308,1218375.7307692308,0.0,1218375.7307692308,0.0,0.0,0.0,0.0
1,2009.0,0.0,Malaria,All,1215247.4807692308,0.0,0.0,,14.010459124768456,-0.6355961750330733,0.0,0.0,0.0,1215247.4807692308,0.0,42.588,1218375.7307692308,1218375.7307692308,0.0,1217593.6682692308,1564.124999965119,0.0,-0.0025675577090040654,0.0
2,2009.0,0.0,Malaria,All,1215247.4807692308,0.0,0.0,,14.010459124768456,-0.6355961750330733,0.0,0.0,0.0,1215247.4807692308,0.0,42.588,1215247.4807692308,1216811.6057692308,0.0,1216811.6057692308,1806.095979562239,0.0,0.0,0.0
3,2009.0,0.0,Malaria,All,1215247.4807692308,0.0,0.0,,14.010459124768456,-0.6355961750330733,0.0,0.0,0.0,1215247.4807692308,0.0,42.588,1215247.4807692308,1215247.4807692308,0.0,1216029.5432692308,1564.124999965119,0.0,0.0,0.0
4,2009.0,0.0,Malaria,All,1215247.4807692308,0.0,0.0,,14.010459124768456,-0.6355961750330733,0.0,0.0,0.0,1215247.4807692308,0.0,42.588,1215247.4807692308,1215247.4807692308,0.0,1215247.4807692308,0.0,0.0,0.0,0.0
5,2009.0,0.0,Malaria,All,1215247.4807692308,0.0,0.0,,14.010459124768456,-0.6355961750330733,0.0,0.0,0.0,1215247.4807692308,0.0,42.588,1215247.4807692308,1215247.4807692308,0.0,1215247.4807692308,0.0,0.0,0.0,0.0
6,2009.0,0.0,Malaria,All,1215247.4807692308,0.0,0.0,,14.010459124768456,-0.6355961750330733,0.0,0.0,0.0,1215247.4807692308,0.0,42.588,1215247.4807692308,1215247.4807692308,0.0,1215247.4807692308,0.0,0.0,0.0,0.0
7,2009.0,0.0,Malaria,All,1215247.4807692308,0.0,0.0,,14.010459124768456,-0.6355961750330733,0.0,0.0,0.0,1215247.4807692308,0.0,42.588,1215247.4807692308,1215247.4807692308,0.0,1215247.4807692308,0.0,0.0,0.0,0.0
8,2009.0,0.0,Malaria,All,1215247.4807692308,0.0,0.0,,14.010459124768456,-0.6355961750330733,0.0,0.0,0.0,1215247.4807692308,0.0,42.588,1215247.4807692308,1215247.4807692308,0.0,1215247.4807692308,0.0,0.0,0.0,0.0
9,2009.0,0.0,Malaria,All,1215247.4807692308,0.0,0.0,,14.010459124768456,-0.6355961750330733,0.0,0.0,0.0,1215247.4807692308,0.0,42.588,1215247.4807692308,1215247.4807692308,0.0,1215247.4807692308,0.0,0.0,0.0,0.0
10,2009.0,0.0,Malaria,All,1215247.4807692308,0.0,0.0,,14.010459124768456,-0.6355961750330733,0.0,0.0,0.0,1215247.4807692308,0.0,42.588,1215247.4807692308,1215247.4807692308,0.0,1215247.4807692308,0.0,0.0,0.0,0.0
11,2009.0,0.0,Malaria,All,1215247.4807692308,0.0,0.0,,14.010459124768456,-0.6355961750330733,0.0,0.0,0.0,1215247.4807692308,0.0,42.588,1215247.4807692308,1215247.4807692308,0.0,1215247.4807692308,0.0,0.0,0.0,0.0
12,2009.0,0.0,Malaria,All,1215247.4807692308,0.0,0.0,,14.010459124768456,-0.6355961750330733,0.0,0.0,0.0,1215247.4807692308,0.0,42.588,1215247.4807692308,1215247.4807692308,0.0,1215247.4807692308,0.0,0.0,0.0,0.0
13,2009.0,0.0,Malaria,All,1215247.4807692308,0.0,0.0,,14.010459124768456,-0.6355961750330733,0.0,0.0,0.0,1215247.4807692308,0.0,42.588,1215247.4807692308,1215247.4807692308,0.0,1215247.4807692308,0.0,0.0,0.0,0.0
14,2009.0,0.0,Malaria,All,1215247.4807692308,0.0,0.0,,14.010459124768456,-0.6355961750330733,0.0,0.0,0.0,1215247.4807692308,0.0,42.588,1215247.4807692308,1215247.4807692308,0.0,1215247.4807692308,0.0,0.0,0.0,0.0
15,2009.0,0.0,Malaria,All,1215247.4807692308,0.0,0.0,,14.010459124768456,-0.6355961750330733,0.0,0.0,0.0,1215247.4807692308,0.0,42.588,1215247.4807692308,1215247.4807692308,0.0,1215247.4807692308,0.0,0.0,0.0,0.0
16,2009.0,0.0,Malaria,All,1215247.4807692308,0.0,0.0,,14.010459124768456,-0.6355961750330733,0.0,0.0,0.0,1215247.4807692308,0.0,42.588,1215247.4807692308,1215247.4807692308,0.0,1215247.4807692308,0.0,0.0,0.0,0.0
17,2009.0,0.0,Malaria,All,1215247.4807692308,0.0,0.0,,14.010459124768456,-0.6355961750330733,0.0,0.0,0.0,1215247.4807692308,0.0,42.588,1215247.4807692308,1215247.4807692308,0.0,1215247.4807692308,0.0,0.0,0.0,0.0
18,2009.0,0.0,Malaria,All,1215247.4807692308,0.0,0.0,,14.010459124768456,-0.6355961750330733,0.0,0.0,0.0,1215247.4807692308,0.0,42.588,1215247.4807692308,1215247.4807692308,0.0,1215247.4807692308,0.0,0.0,0.0,0.0
19,2009.0,0.0,Malaria,All,1215247.4807692308,0.0,0.0,,14.010459124768456,-0.6355961750330733,0.0,0.0,0.0,1215247.4807692308,0.0,42.588,1215247.4807692308,1215247.4807692308,0.0,1215247.4807692308,0.0,0.0,0.0,0.0
20,2009.0,0.0,Malaria,All,1215247.4807692308,0.0,0.0,,14.010459124768456,-0.6355961750330733,0.0,0.0,0.0,1215247.4807692308,0.0,42.588,1215247.4807692308,1215247.4807692308,0.0,1215247.4807692308,0.0,0.0,0.0,0.0
21,2009.0,0.0,Malaria,All,1215247.4807692308,0.0,0.0,,14.010459124768456,-0.6355961750330733,0.0,0.0,0.0,1215247.4807692308,0.0,42.588,1215247.4807692308,1215247.4807692308,0.0,1215247.4807692308,0.0,0.0,0.0,0.0
22,2009.0,0.0,Malaria,All,1215247.4807692308,0.0,0.0,,14.010459124768456,-0.6355961750330733,0.0,0.0,0.0,1215247.4807692308,0.0,42.588,1215247.4807692308,1215247.4807692308,0.0,1215247.4807692308,0.0,0.0,0.0,0.0
23,2009.0,0.0,Malaria,All,1215247.4807692308,0.0,0.0,,14.010459124768456,-0.6355961750330733,0.0,0.0,0.0,1215247.4807692308,0.0,42.588,1215247.4807692308,1215247.4807692308,0.0,1215247.4807692308,0.0,0.0,0.0,0.0
24,2009.0,0.0,Malaria,All,1215247.4807692308,0.0,0.0,,14.010459124768456,-0.6355961750330733,0.0,0.0,0.0,1215247.4807692308,0.0,42.588,1215247.4807692308,1215247.4807692308,0.0,1215247.4807692308,0.0,0.0,0.0,0.0
25,2009.0,0.0,Malaria,All,1215247.4807692308,0.0,0.0,,14.010459124768456,-0.6355961750330733,0.0,0.0,0.0,1215247.4807692308,0.0,42.588,1215247.4807692308,1215247.4807692308,0.0,1215247.4807692308,0.0,0.0,0.0,0.0
26,2009.0,0.0,Malaria,All,1215247.4807692308,0.0,0.0,,14.010459124768456,-0.6355961750330733,0.0,0.0,0.0,1215247.4807692308,0.0,42.588,1215247.4807692308,1215247.4807692308,0.0,1215247.4807692308,0.0,0.0,0.0,0.0
27,2009.0,0.0,Malaria,All,1215247.4807692308,0.0,0.0,,14.010459124768456,-0.6355961750330733,0.0,0.0,0.0,1215247.4807692308,0.0,42.588,1215247.4807692308,1215247.4807692308,0.0,1215247.4807692308,0.0,0.0,0.0,0.0
28,2009.0,0.0,Malaria,All,1215247.4807692308,0.0,0.0,,14.010459124768456,-0.6355961750330733,0.0,0.0,0.0,1215247.4807692308,0.0,42.588,1215247.4807692308,1215247.4807692308,0.0,1215247.4807692308,0.0,0.0,0.0,0.0
29,2009.0,0.0,Malaria,All,1215247.4807692308,0.0,0.0,,14.010459124768456,-0.6355961750330733,0.0,0.0,0.0,1215247.4807692308,0.0,42.588,1215247.4807692308,1215247.4807692308,0.0,1215247.4807692308,0.0,0.0,0.0,0.0
30,2009.0,0.0,Malaria,All,1215247.4807692308,0.0,0.0,,14.010459124768456,-0.6355961750330733,0.0,0.0,0.0,1215247.4807692308,0.0,42.588,1215247.4807692308,1215247.4807692308,0.0,1215247.4807692308,0.0,0.0,0.0,0.0
31,2009.0,0.0,Malaria,All,1215247.4807692308,0.0,0.0,,14.010459124768456,-0.6355961750330733,0.0,0.0,0.0,1215247.4807692308,0.0,42.588,1215247.4807692308,1215247.4807692308,0.0,1215247.4807692308,0.0,0.0,0.0,0.0
32,2009.0,0.0,Malaria,All,1215247.4807692308,0.0,0.0,,14.010459124768456,-0.6355961750330733,0.0,0.0,0.0,1215247.4807692308,0.0,42.588,1215247.4807692308,1215247.4807692308,0.0,1215247.4807692308,0.0,0.0,0.0,0.0
33,2009.0,0.0,Malaria,All,1215247.4807692308,0.0,0.0,,14.010459124768456,-0.6355961750330733,0.0,0.0,0.0,1215247.4807692308,0.0,42.588,1215247.4807692308,1215247.4807692308,0.0,1215247.4807692308,0.0,0.0,0.0,0.0
34,2009.0,0.0,Malaria,All,1215247.4807692308,0.0,0.0,,14.010459124768456,-0.6355961750330733,0.0,0.0,0.0,1215247.4807692308,0.0,42.588,1215247.4807692308,1215247.4807692308,0.0,1215247.4807692308,0.0,0.0,0.0,0.0
35,2009.0,0.0,Malaria,All,1215247.4807692308,0.0,0.0,,14.010459124768456,-0.6355961750330733,0.0,0.0,0.0,1215247.4807692308,0.0,42.588,1215247.4807692308,1215247.4807692308,0.0,1215247.4807692308,0.0,0.0,0.0,0.0
36,2009.0,0.0,Malaria,All,1215247.4807692308,0.0,0.0,,14.010459124768456,-0.6355961750330733,0.0,0.0,0.0,1215247.4807692308,0.0,42.588,1215247.4807692308,1215247.4807692308,0.0,1215247.4807692308,0.0,0.0,0.0,0.0
37,2009.0,0.0,Malaria,All,1215247.4807692308,0.0,0.0,,14.010459124768456,-0.6355961750330733,0.0,0.0,0.0,1215247.4807692308,0.0,42.588,1215247.4807692308,1215247.4807692308,0.0,1215247.4807692308,0.0,0.0,0.0,0.0
38,2009.0,0.0,Malaria,All,1215247.4807692308,0.0,0.0,,14.010459124768456,-0.6355961750330733,0.0,0.0,0.0,1215247.4807692308,0.0,42.588,1215247.4807692308,1215247.4807692308,0.0,1215247.4807692308,0.0,0.0,0.0,0.0
39,2009.0,0.0,Malaria,All,1215247.4807692308,0.0,0.0,,14.010459124768456,-0.6355961750330733,0.0,0.0,0.0,1215247.4807692308,0.0,42.588,1215247.4807692308,1215247.4807692308,0.0,1215247.4807692308,0.0,0.0,0.0,0.0
40,2009.0,0.0,Malaria,All,1215247.4807692308,0.0,0.0,,14.010459124768456,-0.6355961750330733,0.0,0.0,0.0,1215247.4807692308,0.0,42.588,1215247.4807692308,1215247.4807692308,0.0,1215247.4807692308,0.0,0.0,0.0,0.0
41,2009.0,0.0,Malaria,All,1215247.4807692308,0.0,0.0,,14.010459124768456,-0.6355961750330733,0.0,0.0,0.0,1215247.4807692308,0.0,42.588,1215247.4807692308,1215247.4807692308,0.0,1215247.4807692308,0.0,0.0,0.0,0.0
42,2009.0,0.0,Malaria,All,1215247.4807692308,0.0,0.0,,14.010459124768456,-0.6355961750330733,0.0,0.0,0.0,1215247.4807692308,0.0,42.588,1215247.4807692308,1215247.4807692308,0.0,1215247.4807692308,0.0,0.0,0.0,0.0
43,2009.0,0.0,Malaria,All,1215247.4807692308,0.0,0.0,,14.010459124768456,-0.6355961750330733,0.0,0.0,0.0,1215247.4807692308,0.0,42.588,1215247.4807692308,1215247.4807692308,0.0,1215247.4807692308,0.0,0.0,0.0,0.0
44,2009.0,0.0,Malaria,All,1215247.4807692308,0.0,0.0,,14.010459124768456,-0.6355961750330733,0.0,0.0,0.0,1215247.4807692308,0.0,42.588,1215247.4807692308,1215247.4807692308,0.0,1215247.4807692308,0.0,0.0,0.0,0.0
45,2009.0,0.0,Malaria,All,1215247.4807692308,0.0,0.0,,14.010459124768456,-0.6355961750330733,0.0,0.0,0.0,1215247.4807692308,0.0,42.588,1215247.4807692308,1215247.4807692308,0.0,1215247.4807692308,0.0,0.0,0.0,0.0
46,2009.0,0.0,Malaria,All,1215247.4807692308,0.0,0.0,,14.010459124768456,-0.6355961750330733,0.0,0.0,0.0,1215247.4807692308,0.0,42.588,1215247.4807692308,1215247.4807692308,0.0,1215247.4807692308,0.0,0.0,0.0,0.0
47,2009.0,0.0,Malaria,All,1215247.4807692308,0.0,0.0,,14.010459124768456,-0.6355961750330733,0.0,0.0,0.0,1215247.4807692308,0.0,42.588,1215247.4807692308,1215247.4807692308,0.0,1215247.4807692308,0.0,0.0,0.0,0.0
48,2009.0,0.0,Malaria,All,1215247.4807692308,0.0,0.0,,14.010459124768456,-0.6355961750330733,0.0,0.0,0.0,1215247.4807692308,0.0,42.588,1215247.4807692308,1215247.4807692308,0.0,1215247.4807692308,0.0,0.0,0.0,0.0
49,2009.0,0.0,Malaria,All,1215247.4807692308,0.0,0.0,,14.010459124768456,-0.6355961750330733,0.0,0.0,0.0,1215247.4807692308,0.0,42.588,1215247.4807692308,1215247.4807692308,0.0,1215247.4807692308,0.0,0.0,0.0,0.0
50,2009.0,0.0,Malaria,All,1215247.4807692308,0.0,0.0,,14.010459124768456,-0.6355961750330733,0.0,0.0,0.0,1215247.4807692308,0.0,42.588,1215247.4807692308,1215247.4807692308,0.0,1215247.4807692308,0.0,0.0,0.0,0.0
51,2009.0,0.0,Malaria,All,1215247.4807692308,0.0,0.0,,14.010459124768456,-0.6355961750330733,0.0,0.0,0.0,1215247.4807692308,0.0,42.588,1215247.4807692308,1215247.4807692308,0.0,1215247.4807692308,0.0,0.0,0.0,0.0
52,2009.0,0.0,Malaria,All,1215247.4807692308,0.0,0.0,,14.010459124768456,-0.6355961750330733,0.0,0.0,0.0,1215247.4807692308,0.0,42.588,1215247.4807692308,1215247.4807692308,0.0,1215247.4807692308,0.0,0.0,0.0,0.0
1,2010.0,0.0,Malaria,All,1164443.3846153845,0.0,0.0,,13.967754608141032,-0.6728736454600784,0.0,0.0,0.0,1164443.3846153845,0.0,43.48,1215247.4807692308,1215247.4807692308,0.0,1202546.456730769,25402.048076920993,0.0,-0.0418055556236892,0.0
2,2010.0,0.0,Malaria,All,1164443.3846153845,0.0,0.0,,13.967754608141032,-0.6728736454600784,0.0,0.0,0.0,1164443.3846153845,0.0,43.48,1164443.3846153845,1189845.4326923075,0.0,1189845.4326923075,29331.7585903569,0.0,0.0,0.0
3,2010.0,0.0,Malaria,All,1164443.3846153845,0.0,0.0,,13.967754608141032,-0.6728736454600784,0.0,0.0,0.0,1164443.3846153845,0.0,43.48,1164443.3846153845,1164443.3846153845,0.0,1177144.408653846,25402.048076920884,0.0,0.0,0.0
4,2010.0,0.0,Malaria,All,1164443.3846153845,0.0,0.0,,13.967754608141032,-0.6728736454600784,0.0,0.0,0.0,1164443.3846153845,0.0,43.48,1164443.3846153845,1164443.3846153845,0.0,1164443.3846153845,0.0,0.0,0.0,0.0
5,2010.0,0.0,Malaria,All,1164443.3846153845,0.0,0.0,,13.967754608141032,-0.6728736454600784,0.0,0.0,0.0,1164443.3846153845,0.0,43.48,1164443.3846153845,1164443.3846153845,0.0,1164443.3846153845,0.0,0.0,0.0,0.0
6,2010.0,0.0,Malaria,All,1164443.3846153845,0.0,0.0,,13.967754608141032,-0.6728736454600784,0.0,0.0,0.0,1164443.3846153845,0.0,43.48,1164443.3846153845,1164443.3846153845,0.0,1164443.3846153845,0.0,0.0,0.0,0.0
7,2010.0,0.0,Malaria,All,1164443.3846153845,0.0,0.0,,13.967754608141032,-0.6728736454600784,0.0,0.0,0.0,1164443.3846153845,0.0,43.48,1164443.3846153845,1164443.3846153845,0.0,1164443.3846153845,0.0,0.0,0.0,0.0
8,2010.0,0.0,Malaria,All,1164443.3846153845,0.0,0.0,,13.967754608141032,-0.6728736454600784,0.0,0.0,0.0,1164443.3846153845,0.0,43.48,1164443.3846153845,1164443.3846153845,0.0,1164443.3846153845,0.0,0.0,0.0,0.0
9,2010.0,0.0,Malaria,All,1164443.3846153845,0.0,0.0,,13.967754608141032,-0.6728736454600784,0.0,0.0,0.0,1164443.3846153845,0.0,43.48,1164443.3846153845,1164443.3846153845,0.0,1164443.3846153845,0.0,0.0,0.0,0.0
10,2010.0,0.0,Malaria,All,1164443.3846153845,0.0,0.0,,13.967754608141032,-0.6728736454600784,0.0,0.0,0.0,1164443.3846153845,0.0,43.48,1164443.3846153845,1164443.3846153845,0.0,1164443.3846153845,0.0,0.0,0.0,0.0
11,2010.0,0.0,Malaria,All,1164443.3846153845,0.0,0.0,,13.967754608141032,-0.6728736454600784,0.0,0.0,0.0,1164443.3846153845,0.0,43.48,1164443.3846153845,1164443.3846153845,0.0,1164443.3846153845,0.0,0.0,0.0,0.0
12,2010.0,0.0,Malaria,All,1164443.3846153845,0.0,0.0,,13.967754608141032,-0.6728736454600784,0.0,0.0,0.0,1164443.3846153845,0.0,43.48,1164443.3846153845,1164443.3846153845,0.0,1164443.3846153845,0.0,0.0,0.0,0.0
13,2010.0,0.0,Malaria,All,1164443.3846153845,0.0,0.0,,13.967754608141032,-0.6728736454600784,0.0,0.0,0.0,1164443.3846153845,0.0,43.48,1164443.3846153845,1164443.3846153845,0.0,1164443.3846153845,0.0,0.0,0.0,0.0
14,2010.0,0.0,Malaria,All,1164443.3846153845,0.0,0.0,,13.967754608141032,-0.6728736454600784,0.0,0.0,0.0,1164443.3846153845,0.0,43.48,1164443.3846153845,1164443.3846153845,0.0,1164443.3846153845,0.0,0.0,0.0,0.0
15,2010.0,0.0,Malaria,All,1164443.3846153845,0.0,0.0,,13.967754608141032,-0.6728736454600784,0.0,0.0,0.0,1164443.3846153845,0.0,43.48,1164443.3846153845,1164443.3846153845,0.0,1164443.3846153845,0.0,0.0,0.0,0.0
16,2010.0,0.0,Malaria,All,1164443.3846153845,0.0,0.0,,13.967754608141032,-0.6728736454600784,0.0,0.0,0.0,1164443.3846153845,0.0,43.48,1164443.3846153845,1164443.3846153845,0.0,1164443.3846153845,0.0,0.0,0.0,0.0
17,2010.0,0.0,Malaria,All,1164443.3846153845,0.0,0.0,,13.967754608141032,-0.6728736454600784,0.0,0.0,0.0,1164443.3846153845,0.0,43.48,1164443.3846153845,1164443.3846153845,0.0,1164443.3846153845,0.0,0.0,0.0,0.0
18,2010.0,0.0,Malaria,All,1164443.3846153845,0.0,0.0,,13.967754608141032,-0.6728736454600784,0.0,0.0,0.0,1164443.3846153845,0.0,43.48,1164443.3846153845,1164443.3846153845,0.0,1164443.3846153845,0.0,0.0,0.0,0.0
19,2010.0,0.0,Malaria,All,1164443.3846153845,0.0,0.0,,13.967754608141032,-0.6728736454600784,0.0,0.0,0.0,1164443.3846153845,0.0,43.48,1164443.3846153845,1164443.3846153845,0.0,1164443.3846153845,0.0,0.0,0.0,0.0
20,2010.0,0.0,Malaria,All,1164443.3846153845,0.0,0.0,,13.967754608141032,-0.6728736454600784,0.0,0.0,0.0,1164443.3846153845,0.0,43.48,1164443.3846153845,1164443.3846153845,0.0,1164443.3846153845,0.0,0.0,0.0,0.0
21,2010.0,0.0,Malaria,All,1164443.3846153845,0.0,0.0,,13.967754608141032,-0.6728736454600784,0.0,0.0,0.0,1164443.3846153845,0.0,43.48,1164443.3846153845,1164443.3846153845,0.0,1164443.3846153845,0.0,0.0,0.0,0.0
22,2010.0,0.0,Malaria,All,1164443.3846153845,0.0,0.0,,13.967754608141032,-0.6728736454600784,0.0,0.0,0.0,1164443.3846153845,0.0,43.48,1164443.3846153845,1164443.3846153845,0.0,1164443.3846153845,0.0,0.0,0.0,0.0
23,2010.0,0.0,Malaria,All,1164443.3846153845,0.0,0.0,,13.967754608141032,-0.6728736454600784,0.0,0.0,0.0,1164443.3846153845,0.0,43.48,1164443.3846153845,1164443.3846153845,0.0,1164443.3846153845,0.0,0.0,0.0,0.0
24,2010.0,0.0,Malaria,All,1164443.3846153845,0.0,0.0,,13.967754608141032,-0.6728736454600784,0.0,0.0,0.0,1164443.3846153845,0.0,43.48,1164443.3846153845,1164443.3846153845,0.0,1164443.3846153845,0.0,0.0,0.0,0.0
25,2010.0,0.0,Malaria,All,1164443.3846153845,0.0,0.0,,13.967754608141032,-0.6728736454600784,0.0,0.0,0.0,1164443.3846153845,0.0,43.48,1164443.3846153845,1164443.3846153845,0.0,1164443.3846153845,0.0,0.0,0.0,0.0
26,2010.0,0.0,Malaria,All,1164443.3846153845,0.0,0.0,,13.967754608141032,-0.6728736454600784,0.0,0.0,0.0,1164443.3846153845,0.0,43.48,1164443.3846153845,1164443.3846153845,0.0,1164443.3846153845,0.0,0.0,0.0,0.0
27,2010.0,0.0,Malaria,All,1164443.3846153845,0.0,0.0,,13.967754608141032,-0.6728736454600784,0.0,0.0,0.0,1164443.3846153845,0.0,43.48,1164443.3846153845,1164443.3846153845,0.0,1164443.3846153845,0.0,0.0,0.0,0.0
28,2010.0,0.0,Malaria,All,1164443.3846153845,0.0,0.0,,13.967754608141032,-0.6728736454600784,0.0,0.0,0.0,1164443.3846153845,0.0,43.48,1164443.3846153845,1164443.3846153845,0.0,1164443.3846153845,0.0,0.0,0.0,0.0
29,2010.0,0.0,Malaria,All,1164443.3846153845,0.0,0.0,,13.967754608141032,-0.6728736454600784,0.0,0.0,0.0,1164443.3846153845,0.0,43.48,1164443.3846153845,1164443.3846153845,0.0,1164443.3846153845,0.0,0.0,0.0,0.0
30,2010.0,0.0,Malaria,All,1164443.3846153845,0.0,0.0,,13.967754608141032,-0.6728736454600784,0.0,0.0,0.0,1164443.3846153845,0.0,43.48,1164443.3846153845,1164443.3846153845,0.0,1164443.3846153845,0.0,0.0,0.0,0.0
31,2010.0,0.0,Malaria,All,1164443.3846153845,0.0,0.0,,13.967754608141032,-0.6728736454600784,0.0,0.0,0.0,1164443.3846153845,0.0,43.48,1164443.3846153845,1164443.3846153845,0.0,1164443.3846153845,0.0,0.0,0.0,0.0
32,2010.0,0.0,Malaria,All,1164443.3846153845,0.0,0.0,,13.967754608141032,-0.6728736454600784,0.0,0.0,0.0,1164443.3846153845,0.0,43.48,1164443.3846153845,1164443.3846153845,0.0,1164443.3846153845,0.0,0.0,0.0,0.0
33,2010.0,0.0,Malaria,All,1164443.3846153845,0.0,0.0,,13.967754608141032,-0.6728736454600784,0.0,0.0,0.0,1164443.3846153845,0.0,43.48,1164443.3846153845,1164443.3846153845,0.0,1164443.3846153845,0.0,0.0,0.0,0.0
34,2010.0,0.0,Malaria,All,1164443.3846153845,0.0,0.0,,13.967754608141032,-0.6728736454600784,0.0,0.0,0.0,1164443.3846153845,0.0,43.48,1164443.3846153845,1164443.3846153845,0.0,1164443.3846153845,0.0,0.0,0.0,0.0
35,2010.0,0.0,Malaria,All,1164443.3846153845,0.0,0.0,,13.967754608141032,-0.6728736454600784,0.0,0.0,0.0,1164443.3846153845,0.0,43.48,1164443.3846153845,1164443.3846153845,0.0,1164443.3846153845,0.0,0.0,0.0,0.0
36,2010.0,0.0,Malaria,All,1164443.3846153845,0.0,0.0,,13.967754608141032,-0.6728736454600784,0.0,0.0,0.0,1164443.3846153845,0.0,43.48,1164443.3846153845,1164443.3846153845,0.0,1164443.3846153845,0.0,0.0,0.0,0.0
37,2010.0,0.0,Malaria,All,1164443.3846153845,0.0,0.0,,13.967754608141032,-0.6728736454600784,0.0,0.0,0.0,1164443.3846153845,0.0,43.48,1164443.3846153845,1164443.3846153845,0.0,1164443.3846153845,0.0,0.0,0.0,0.0
38,2010.0,0.0,Malaria,All,1164443.3846153845,0.0,0.0,,13.967754608141032,-0.6728736454600784,0.0,0.0,0.0,1164443.3846153845,0.0,43.48,1164443.3846153845,1164443.3846153845,0.0,1164443.3846153845,0.0,0.0,0.0,0.0
39,2010.0,0.0,Malaria,All,1164443.3846153845,0.0,0.0,,13.967754608141032,-0.6728736454600784,0.0,0.0,0.0,1164443.3846153845,0.0,43.48,1164443.3846153845,1164443.3846153845,0.0,1164443.3846153845,0.0,0.0,0.0,0.0
40,2010.0,0.0,Malaria,All,1164443.3846153845,0.0,0.0,,13.967754608141032,-0.6728736454600784,0.0,0.0,0.0,1164443.3846153845,0.0,43.48,1164443.3846153845,1164443.3846153845,0.0,1164443.3846153845,0.0,0.0,0.0,0.0
41,2010.0,0.0,Malaria,All,1164443.3846153845,0.0,0.0,,13.967754608141032,-0.6728736454600784,0.0,0.0,0.0,1164443.3846153845,0.0,43.48,1164443.3846153845,1164443.3846153845,0.0,1164443.3846153845,0.0,0.0,0.0,0.0
42,2010.0,0.0,Malaria,All,1164443.3846153845,0.0,0.0,,13.967754608141032,-0.6728736454600784,0.0,0.0,0.0,1164443.3846153845,0.0,43.48,1164443.3846153845,1164443.3846153845,0.0,1164443.3846153845,0.0,0.0,0.0,0.0
43,2010.0,0.0,Malaria,All,1164443.3846153845,0.0,0.0,,13.967754608141032,-0.6728736454600784,0.0,0.0,0.0,1164443.3846153845,0.0,43.48,1164443.3846153845,1164443.3846153845,0.0,1164443.3846153845,0.0,0.0,0.0,0.0
44,2010.0,0.0,Malaria,All,1164443.3846153845,0.0,0.0,,13.967754608141032,-0.6728736454600784,0.0,0.0,0.0,1164443.3846153845,0.0,43.48,1164443.3846153845,1164443.3846153845,0.0,1164443.3846153845,0.0,0.0,0.0,0.0
45,2010.0,0.0,Malaria,All,1164443.3846153845,0.0,0.0,,13.967754608141032,-0.6728736454600784,0.0,0.0,0.0,1164443.3846153845,0.0,43.48,1164443.3846153845,1164443.3846153845,0.0,1164443.3846153845,0.0,0.0,0.0,0.0
46,2010.0,0.0,Malaria,All,1164443.3846153845,0.0,0.0,,13.967754608141032,-0.6728736454600784,0.0,0.0,0.0,1164443.3846153845,0.0,43.48,1164443.3846153845,1164443.3846153845,0.0,1164443.3846153845,0.0,0.0,0.0,0.0
47,2010.0,0.0,Malaria,All,1164443.3846153845,0.0,0.0,,13.967754608141032,-0.6728736454600784,0.0,0.0,0.0,1164443.3846153845,0.0,43.48,1164443.3846153845,1164443.3846153845,0.0,1164443.3846153845,0.0,0.0,0.0,0.0
48,2010.0,0.0,Malaria,All,1164443.3846153845,0.0,0.0,,13.967754608141032,-0.6728736454600784,0.0,0.0,0.0,1164443.3846153845,0.0,43.48,1164443.3846153845,1164443.3846153845,0.0,1164443.3846153845,0.0,0.0,0.0,0.0
49,2010.0,0.0,Malaria,All,1164443.3846153845,0.0,0.0,,13.967754608141032,-0.6728736454600784,0.0,0.0,0.0,1164443.3846153845,0.0,43.48,1164443.3846153845,1164443.3846153845,0.0,1164443.3846153845,0.0,0.0,0.0,0.0
50,2010.0,0.0,Malaria,All,1164443.3846153845,0.0,0.0,,13.967754608141032,-0.6728736454600784,0.0,0.0,0.0,1164443.3846153845,0.0,43.48,1164443.3846153845,1164443.3846153845,0.0,1164443.3846153845,0.0,0.0,0.0,0.0
51,2010.0,0.0,Malaria,All,1164443.3846153845,0.0,0.0,,13.967754608141032,-0.6728736454600784,0.0,0.0,0.0,1164443.3846153845,0.0,43.48,1164443.3846153845,1164443.3846153845,0.0,1164443.3846153845,0.0,0.0,0.0,0.0
52,2010.0,0.0,Malaria,All,1164443.3846153845,0.0,0.0,,13.967754608141032,-0.6728736454600784,0.0,0.0,0.0,1164443.3846153845,0.0,43.48,1164443.3846153845,1164443.3846153845,0.0,1164443.3846153845,0.0,0.0,0.0,0.0
1,2011.0,0.0,Malaria,All,1118932.8653846155,0.0,0.0,,13.927886884014535,-0.7062669574797472,0.0,0.0,0.0,1118932.8653846155,0.0,44.366,1164443.3846153845,1164443.3846153845,0.0,1153065.7548076923,22755.259615381987,0.0,-0.03908349674364042,0.0
2,2011.0,0.0,Malaria,All,1118932.8653846155,0.0,0.0,,13.927886884014535,-0.7062669574797472,0.0,0.0,0.0,1118932.8653846155,0.0,44.366,1118932.8653846155,1141688.125,0.0,1141688.125,26275.51052884195,0.0,0.0,0.0
3,2011.0,0.0,Malaria,All,1118932.8653846155,0.0,0.0,,13.927886884014535,-0.7062669574797472,0.0,0.0,0.0,1118932.8653846155,0.0,44.366,1118932.8653846155,1118932.8653846155,0.0,1130310.4951923077,22755.25961538199,0.0,0.0,0.0
4,2011.0,0.0,Malaria,All,1118932.8653846155,0.0,0.0,,13.927886884014535,-0.7062669574797472,0.0,0.0,0.0,1118932.8653846155,0.0,44.366,1118932.8653846155,1118932.8653846155,0.0,1118932.8653846155,0.0,0.0,0.0,0.0
5,2011.0,0.0,Malaria,All,1118932.8653846155,0.0,0.0,,13.927886884014535,-0.7062669574797472,0.0,0.0,0.0,1118932.8653846155,0.0,44.366,1118932.8653846155,1118932.8653846155,0.0,1118932.8653846155,0.0,0.0,0.0,0.0
6,2011.0,0.0,Malaria,All,1118932.8653846155,0.0,0.0,,13.927886884014535,-0.7062669574797472,0.0,0.0,0.0,1118932.8653846155,0.0,44.366,1118932.8653846155,1118932.8653846155,0.0,1118932.8653846155,0.0,0.0,0.0,0.0
7,2011.0,0.0,Malaria,All,1118932.8653846155,0.0,0.0,,13.927886884014535,-0.7062669574797472,0.0,0.0,0.0,1118932.8653846155,0.0,44.366,1118932.8653846155,1118932.8653846155,0.0,1118932.8653846155,0.0,0.0,0.0,0.0
8,2011.0,0.0,Malaria,All,1118932.8653846155,0.0,0.0,,13.927886884014535,-0.7062669574797472,0.0,0.0,0.0,1118932.8653846155,0.0,44.366,1118932.8653846155,1118932.8653846155,0.0,1118932.8653846155,0.0,0.0,0.0,0.0
9,2011.0,0.0,Malaria,All,1118932.8653846155,0.0,0.0,,13.927886884014535,-0.7062669574797472,0.0,0.0,0.0,1118932.8653846155,0.0,44.366,1118932.8653846155,1118932.8653846155,0.0,1118932.8653846155,0.0,0.0,0.0,0.0
10,2011.0,0.0,Malaria,All,1118932.8653846155,0.0,0.0,,13.927886884014535,-0.7062669574797472,0.0,0.0,0.0,1118932.8653846155,0.0,44.366,1118932.8653846155,1118932.8653846155,0.0,1118932.8653846155,0.0,0.0,0.0,0.0
11,2011.0,0.0,Malaria,All,1118932.8653846155,0.0,0.0,,13.927886884014535,-0.7062669574797472,0.0,0.0,0.0,1118932.8653846155,0.0,44.366,1118932.8653846155,1118932.8653846155,0.0,1118932.8653846155,0.0,0.0,0.0,0.0
12,2011.0,0.0,Malaria,All,1118932.8653846155,0.0,0.0,,13.927886884014535,-0.7062669574797472,0.0,0.0,0.0,1118932.8653846155,0.0,44.366,1118932.8653846155,1118932.8653846155,0.0,1118932.8653846155,0.0,0.0,0.0,0.0
13,2011.0,0.0,Malaria,All,1118932.8653846155,0.0,0.0,,13.927886884014535,-0.7062669574797472,0.0,0.0,0.0,1118932.8653846155,0.0,44.366,1118932.8653846155,1118932.8653846155,0.0,1118932.8653846155,0.0,0.0,0.0,0.0
14,2011.0,0.0,Malaria,All,1118932.8653846155,0.0,0.0,,13.927886884014535,-0.7062669574797472,0.0,0.0,0.0,1118932.8653846155,0.0,44.366,1118932.8653846155,1118932.8653846155,0.0,1118932.8653846155,0.0,0.0,0.0,0.0
15,2011.0,0.0,Malaria,All,1118932.8653846155,0.0,0.0,,13.927886884014535,-0.7062669574797472,0.0,0.0,0.0,1118932.8653846155,0.0,44.366,1118932.8653846155,1118932.8653846155,0.0,1118932.8653846155,0.0,0.0,0.0,0.0
16,2011.0,0.0,Malaria,All,1118932.8653846155,0.0,0.0,,13.927886884014535,-0.7062669574797472,0.0,0.0,0.0,1118932.8653846155,0.0,44.366,1118932.8653846155,1118932.8653846155,0.0,1118932.8653846155,0.0,0.0,0.0,0.0
17,2011.0,0.0,Malaria,All,1118932.8653846155,0.0,0.0,,13.927886884014535,-0.7062669574797472,0.0,0.0,0.0,1118932.8653846155,0.0,44.366,1118932.8653846155,1118932.8653846155,0.0,1118932.8653846155,0.0,0.0,0.0,0.0
18,2011.0,0.0,Malaria,All,1118932.8653846155,0.0,0.0,,13.927886884014535,-0.7062669574797472,0.0,0.0,0.0,1118932.8653846155,0.0,44.366,1118932.8653846155,1118932.8653846155,0.0,1118932.8653846155,0.0,0.0,0.0,0.0
19,2011.0,0.0,Malaria,All,1118932.8653846155,0.0,0.0,,13.927886884014535,-0.7062669574797472,0.0,0.0,0.0,1118932.8653846155,0.0,44.366,1118932.8653846155,1118932.8653846155,0.0,1118932.8653846155,0.0,0.0,0.0,0.0
20,2011.0,0.0,Malaria,All,1118932.8653846155,0.0,0.0,,13.927886884014535,-0.7062669574797472,0.0,0.0,0.0,1118932.8653846155,0.0,44.366,1118932.8653846155,1118932.8653846155,0.0,1118932.8653846155,0.0,0.0,0.0,0.0
21,2011.0,0.0,Malaria,All,1118932.8653846155,0.0,0.0,,13.927886884014535,-0.7062669574797472,0.0,0.0,0.0,1118932.8653846155,0.0,44.366,1118932.8653846155,1118932.8653846155,0.0,1118932.8653846155,0.0,0.0,0.0,0.0
22,2011.0,0.0,Malaria,All,1118932.8653846155,0.0,0.0,,13.927886884014535,-0.7062669574797472,0.0,0.0,0.0,1118932.8653846155,0.0,44.366,1118932.8653846155,1118932.8653846155,0.0,1118932.8653846155,0.0,0.0,0.0,0.0
23,2011.0,0.0,Malaria,All,1118932.8653846155,0.0,0.0,,13.927886884014535,-0.7062669574797472,0.0,0.0,0.0,1118932.8653846155,0.0,44.366,1118932.8653846155,1118932.8653846155,0.0,1118932.8653846155,0.0,0.0,0.0,0.0
24,2011.0,0.0,Malaria,All,1118932.8653846155,0.0,0.0,,13.927886884014535,-0.7062669574797472,0.0,0.0,0.0,1118932.8653846155,0.0,44.366,1118932.8653846155,1118932.8653846155,0.0,1118932.8653846155,0.0,0.0,0.0,0.0
25,2011.0,0.0,Malaria,All,1118932.8653846155,0.0,0.0,,13.927886884014535,-0.7062669574797472,0.0,0.0,0.0,1118932.8653846155,0.0,44.366,1118932.8653846155,1118932.8653846155,0.0,1118932.8653846155,0.0,0.0,0.0,0.0
26,2011.0,0.0,Malaria,All,1118932.8653846155,0.0,0.0,,13.927886884014535,-0.7062669574797472,0.0,0.0,0.0,1118932.8653846155,0.0,44.366,1118932.8653846155,1118932.8653846155,0.0,1118932.8653846155,0.0,0.0,0.0,0.0
27,2011.0,0.0,Malaria,All,1118932.8653846155,0.0,0.0,,13.927886884014535,-0.7062669574797472,0.0,0.0,0.0,1118932.8653846155,0.0,44.366,1118932.8653846155,1118932.8653846155,0.0,1118932.8653846155,0.0,0.0,0.0,0.0
28,2011.0,0.0,Malaria,All,1118932.8653846155,0.0,0.0,,13.927886884014535,-0.7062669574797472,0.0,0.0,0.0,1118932.8653846155,0.0,44.366,1118932.8653846155,1118932.8653846155,0.0,1118932.8653846155,0.0,0.0,0.0,0.0
29,2011.0,0.0,Malaria,All,1118932.8653846155,0.0,0.0,,13.927886884014535,-0.7062669574797472,0.0,0.0,0.0,1118932.8653846155,0.0,44.366,1118932.8653846155,1118932.8653846155,0.0,1118932.8653846155,0.0,0.0,0.0,0.0
30,2011.0,0.0,Malaria,All,1118932.8653846155,0.0,0.0,,13.927886884014535,-0.7062669574797472,0.0,0.0,0.0,1118932.8653846155,0.0,44.366,1118932.8653846155,1118932.8653846155,0.0,1118932.8653846155,0.0,0.0,0.0,0.0
31,2011.0,0.0,Malaria,All,1118932.8653846155,0.0,0.0,,13.927886884014535,-0.7062669574797472,0.0,0.0,0.0,1118932.8653846155,0.0,44.366,1118932.8653846155,1118932.8653846155,0.0,1118932.8653846155,0.0,0.0,0.0,0.0
32,2011.0,0.0,Malaria,All,1118932.8653846155,0.0,0.0,,13.927886884014535,-0.7062669574797472,0.0,0.0,0.0,1118932.8653846155,0.0,44.366,1118932.8653846155,1118932.8653846155,0.0,1118932.8653846155,0.0,0.0,0.0,0.0
33,2011.0,0.0,Malaria,All,1118932.8653846155,0.0,0.0,,13.927886884014535,-0.7062669574797472,0.0,0.0,0.0,1118932.8653846155,0.0,44.366,1118932.8653846155,1118932.8653846155,0.0,1118932.8653846155,0.0,0.0,0.0,0.0
34,2011.0,0.0,Malaria,All,1118932.8653846155,0.0,0.0,,13.927886884014535,-0.7062669574797472,0.0,0.0,0.0,1118932.8653846155,0.0,44.366,1118932.8653846155,1118932.8653846155,0.0,1118932.8653846155,0.0,0.0,0.0,0.0
35,2011.0,0.0,Malaria,All,1118932.8653846155,0.0,0.0,,13.927886884014535,-0.7062669574797472,0.0,0.0,0.0,1118932.8653846155,0.0,44.366,1118932.8653846155,1118932.8653846155,0.0,1118932.8653846155,0.0,0.0,0.0,0.0
36,2011.0,0.0,Malaria,All,1118932.8653846155,0.0,0.0,,13.927886884014535,-0.7062669574797472,0.0,0.0,0.0,1118932.8653846155,0.0,44.366,1118932.8653846155,1118932.8653846155,0.0,1118932.8653846155,0.0,0.0,0.0,0.0
37,2011.0,0.0,Malaria,All,1118932.8653846155,0.0,0.0,,13.927886884014535,-0.7062669574797472,0.0,0.0,0.0,1118932.8653846155,0.0,44.366,1118932.8653846155,1118932.8653846155,0.0,1118932.8653846155,0.0,0.0,0.0,0.0
38,2011.0,0.0,Malaria,All,1118932.8653846155,0.0,0.0,,13.927886884014535,-0.7062669574797472,0.0,0.0,0.0,1118932.8653846155,0.0,44.366,1118932.8653846155,1118932.8653846155,0.0,1118932.8653846155,0.0,0.0,0.0,0.0
39,2011.0,0.0,Malaria,All,1118932.8653846155,0.0,0.0,,13.927886884014535,-0.7062669574797472,0.0,0.0,0.0,1118932.8653846155,0.0,44.366,1118932.8653846155,1118932.8653846155,0.0,1118932.8653846155,0.0,0.0,0.0,0.0
40,2011.0,0.0,Malaria,All,1118932.8653846155,0.0,0.0,,13.927886884014535,-0.7062669574797472,0.0,0.0,0.0,1118932.8653846155,0.0,44.366,1118932.8653846155,1118932.8653846155,0.0,1118932.8653846155,0.0,0.0,0.0,0.0
41,2011.0,0.0,Malaria,All,1118932.8653846155,0.0,0.0,,13.927886884014535,-0.7062669574797472,0.0,0.0,0.0,1118932.8653846155,0.0,44.366,1118932.8653846155,1118932.8653846155,0.0,1118932.8653846155,0.0,0.0,0.0,0.0
42,2011.0,0.0,Malaria,All,1118932.8653846155,0.0,0.0,,13.927886884014535,-0.7062669574797472,0.0,0.0,0.0,1118932.8653846155,0.0,44.366,1118932.8653846155,1118932.8653846155,0.0,1118932.8653846155,0.0,0.0,0.0,0.0
43,2011.0,0.0,Malaria,All,1118932.8653846155,0.0,0.0,,13.927886884014535,-0.7062669574797472,0.0,0.0,0.0,1118932.8653846155,0.0,44.366,1118932.8653846155,1118932.8653846155,0.0,1118932.8653846155,0.0,0.0,0.0,0.0
44,2011.0,0.0,Malaria,All,1118932.8653846155,0.0,0.0,,13.927886884014535,-0.7062669574797472,0.0,0.0,0.0,1118932.8653846155,0.0,44.366,1118932.8653846155,1118932.8653846155,0.0,1118932.8653846155,0.0,0.0,0.0,0.0
45,2011.0,0.0,Malaria,All,1118932.8653846155,0.0,0.0,,13.927886884014535,-0.7062669574797472,0.0,0.0,0.0,1118932.8653846155,0.0,44.366,1118932.8653846155,1118932.8653846155,0.0,1118932.8653846155,0.0,0.0,0.0,0.0
46,2011.0,0.0,Malaria,All,1118932.8653846155,0.0,0.0,,13.927886884014535,-0.7062669574797472,0.0,0.0,0.0,1118932.8653846155,0.0,44.366,1118932.8653846155,1118932.8653846155,0.0,1118932.8653846155,0.0,0.0,0.0,0.0
47,2011.0,0.0,Malaria,All,1118932.8653846155,0.0,0.0,,13.927886884014535,-0.7062669574797472,0.0,0.0,0.0,1118932.8653846155,0.0,44.366,1118932.8653846155,1118932.8653846155,0.0,1118932.8653846155,0.0,0.0,0.0,0.0
48,2011.0,0.0,Malaria,All,1118932.8653846155,0.0,0.0,,13.927886884014535,-0.7062669574797472,0.0,0.0,0.0,1118932.8653846155,0.0,44.366,1118932.8653846155,1118932.8653846155,0.0,1118932.8653846155,0.0,0.0,0.0,0.0
49,2011.0,0.0,Malaria,All,1118932.8653846155,0.0,0.0,,13.927886884014535,-0.7062669574797472,0.0,0.0,0.0,1118932.8653846155,0.0,44.366,1118932.8653846155,1118932.8653846155,0.0,1118932.8653846155,0.0,0.0,0.0,0.0
50,2011.0,0.0,Malaria,All,1118932.8653846155,0.0,0.0,,13.927886884014535,-0.7062669574797472,0.0,0.0,0.0,1118932.8653846155,0.0,44.366,1118932.8653846155,1118932.8653846155,0.0,1118932.8653846155,0.0,0.0,0.0,0.0
51,2011.0,0.0,Malaria,All,1118932.8653846155,0.0,0.0,,13.927886884014535,-0.7062669574797472,0.0,0.0,0.0,1118932.8653846155,0.0,44.366,1118932.8653846155,1118932.8653846155,0.0,1118932.8653846155,0.0,0.0,0.0,0.0
52,2011.0,0.0,Malaria,All,1118932.8653846155,0.0,0.0,,13.927886884014535,-0.7062669574797472,0.0,0.0,0.0,1118932.8653846155,0.0,44.366,1118932.8653846155,1118932.8653846155,0.0,1118932.8653846155,0.0,0.0,0.0,0.0
1,2012.0,0.0,Malaria,All,1071504.5192307692,0.0,0.0,,13.884575244821159,-0.7410674736782411,0.0,0.0,0.0,1071504.5192307692,0.0,45.246,1118932.8653846155,1118932.8653846155,0.0,1107075.778846154,23714.173076920724,0.0,-0.04238712403674326,0.0
2,2012.0,0.0,Malaria,All,1071504.5192307692,0.0,0.0,,13.884575244821159,-0.7410674736782411,0.0,0.0,0.0,1071504.5192307692,0.0,45.246,1071504.5192307692,1095218.6923076925,0.0,1095218.6923076925,27382.768419139833,0.0,0.0,0.0
3,2012.0,0.0,Malaria,All,1071504.5192307692,0.0,0.0,,13.884575244821159,-0.7410674736782411,0.0,0.0,0.0,1071504.5192307692,0.0,45.246,1071504.5192307692,1071504.5192307692,0.0,1083361.6057692308,23714.17307692086,0.0,0.0,0.0
4,2012.0,0.0,Malaria,All,1071504.5192307692,0.0,0.0,,13.884575244821159,-0.7410674736782411,0.0,0.0,0.0,1071504.5192307692,0.0,45.246,1071504.5192307692,1071504.5192307692,0.0,1071504.5192307692,0.0,0.0,0.0,0.0
5,2012.0,0.0,Malaria,All,1071504.5192307692,0.0,0.0,,13.884575244821159,-0.7410674736782411,0.0,0.0,0.0,1071504.5192307692,0.0,45.246,1071504.5192307692,1071504.5192307692,0.0,1071504.5192307692,0.0,0.0,0.0,0.0
6,2012.0,0.0,Malaria,All,1071504.5192307692,0.0,0.0,,13.884575244821159,-0.7410674736782411,0.0,0.0,0.0,1071504.5192307692,0.0,45.246,1071504.5192307692,1071504.5192307692,0.0,1071504.5192307692,0.0,0.0,0.0,0.0
7,2012.0,0.0,Malaria,All,1071504.5192307692,0.0,0.0,,13.884575244821159,-0.7410674736782411,0.0,0.0,0.0,1071504.5192307692,0.0,45.246,1071504.5192307692,1071504.5192307692,0.0,1071504.5192307692,0.0,0.0,0.0,0.0
8,2012.0,0.0,Malaria,All,1071504.5192307692,0.0,0.0,,13.884575244821159,-0.7410674736782411,0.0,0.0,0.0,1071504.5192307692,0.0,45.246,1071504.5192307692,1071504.5192307692,0.0,1071504.5192307692,0.0,0.0,0.0,0.0
9,2012.0,0.0,Malaria,All,1071504.5192307692,0.0,0.0,,13.884575244821159,-0.7410674736782411,0.0,0.0,0.0,1071504.5192307692,0.0,45.246,1071504.5192307692,1071504.5192307692,0.0,1071504.5192307692,0.0,0.0,0.0,0.0
10,2012.0,0.0,Malaria,All,1071504.5192307692,0.0,0.0,,13.884575244821159,-0.7410674736782411,0.0,0.0,0.0,1071504.5192307692,0.0,45.246,1071504.5192307692,1071504.5192307692,0.0,1071504.5192307692,0.0,0.0,0.0,0.0
11,2012.0,0.0,Malaria,All,1071504.5192307692,0.0,0.0,,13.884575244821159,-0.7410674736782411,0.0,0.0,0.0,1071504.5192307692,0.0,45.246,1071504.5192307692,1071504.5192307692,0.0,1071504.5192307692,0.0,0.0,0.0,0.0
12,2012.0,0.0,Malaria,All,1071504.5192307692,0.0,0.0,,13.884575244821159,-0.7410674736782411,0.0,0.0,0.0,1071504.5192307692,0.0,45.246,1071504.5192307692,1071504.5192307692,0.0,1071504.5192307692,0.0,0.0,0.0,0.0
13,2012.0,0.0,Malaria,All,1071504.5192307692,0.0,0.0,,13.884575244821159,-0.7410674736782411,0.0,0.0,0.0,1071504.5192307692,0.0,45.246,1071504.5192307692,1071504.5192307692,0.0,1071504.5192307692,0.0,0.0,0.0,0.0
14,2012.0,0.0,Malaria,All,1071504.5192307692,0.0,0.0,,13.884575244821159,-0.7410674736782411,0.0,0.0,0.0,1071504.5192307692,0.0,45.246,1071504.5192307692,1071504.5192307692,0.0,1071504.5192307692,0.0,0.0,0.0,0.0
15,2012.0,0.0,Malaria,All,1071504.5192307692,0.0,0.0,,13.884575244821159,-0.7410674736782411,0.0,0.0,0.0,1071504.5192307692,0.0,45.246,1071504.5192307692,1071504.5192307692,0.0,1071504.5192307692,0.0,0.0,0.0,0.0
16,2012.0,0.0,Malaria,All,1071504.5192307692,0.0,0.0,,13.884575244821159,-0.7410674736782411,0.0,0.0,0.0,1071504.5192307692,0.0,45.246,1071504.5192307692,1071504.5192307692,0.0,1071504.5192307692,0.0,0.0,0.0,0.0
17,2012.0,0.0,Malaria,All,1071504.5192307692,0.0,0.0,,13.884575244821159,-0.7410674736782411,0.0,0.0,0.0,1071504.5192307692,0.0,45.246,1071504.5192307692,1071504.5192307692,0.0,1071504.5192307692,0.0,0.0,0.0,0.0
18,2012.0,0.0,Malaria,All,1071504.5192307692,0.0,0.0,,13.884575244821159,-0.7410674736782411,0.0,0.0,0.0,1071504.5192307692,0.0,45.246,1071504.5192307692,1071504.5192307692,0.0,1071504.5192307692,0.0,0.0,0.0,0.0
19,2012.0,0.0,Malaria,All,1071504.5192307692,0.0,0.0,,13.884575244821159,-0.7410674736782411,0.0,0.0,0.0,1071504.5192307692,0.0,45.246,1071504.5192307692,1071504.5192307692,0.0,1071504.5192307692,0.0,0.0,0.0,0.0
20,2012.0,0.0,Malaria,All,1071504.5192307692,0.0,0.0,,13.884575244821159,-0.7410674736782411,0.0,0.0,0.0,1071504.5192307692,0.0,45.246,1071504.5192307692,1071504.5192307692,0.0,1071504.5192307692,0.0,0.0,0.0,0.0
21,2012.0,0.0,Malaria,All,1071504.5192307692,0.0,0.0,,13.884575244821159,-0.7410674736782411,0.0,0.0,0.0,1071504.5192307692,0.0,45.246,1071504.5192307692,1071504.5192307692,0.0,1071504.5192307692,0.0,0.0,0.0,0.0
22,2012.0,0.0,Malaria,All,1071504.5192307692,0.0,0.0,,13.884575244821159,-0.7410674736782411,0.0,0.0,0.0,1071504.5192307692,0.0,45.246,1071504.5192307692,1071504.5192307692,0.0,1071504.5192307692,0.0,0.0,0.0,0.0
23,2012.0,0.0,Malaria,All,1071504.5192307692,0.0,0.0,,13.884575244821159,-0.7410674736782411,0.0,0.0,0.0,1071504.5192307692,0.0,45.246,1071504.5192307692,1071504.5192307692,0.0,1071504.5192307692,0.0,0.0,0.0,0.0
24,2012.0,0.0,Malaria,All,1071504.5192307692,0.0,0.0,,13.884575244821159,-0.7410674736782411,0.0,0.0,0.0,1071504.5192307692,0.0,45.246,1071504.5192307692,1071504.5192307692,0.0,1071504.5192307692,0.0,0.0,0.0,0.0
25,2012.0,0.0,Malaria,All,1071504.5192307692,0.0,0.0,,13.884575244821159,-0.7410674736782411,0.0,0.0,0.0,1071504.5192307692,0.0,45.246,1071504.5192307692,1071504.5192307692,0.0,1071504.5192307692,0.0,0.0,0.0,0.0
26,2012.0,0.0,Malaria,All,1071504.5192307692,0.0,0.0,,13.884575244821159,-0.7410674736782411,0.0,0.0,0.0,1071504.5192307692,0.0,45.246,1071504.5192307692,1071504.5192307692,0.0,1071504.5192307692,0.0,0.0,0.0,0.0
27,2012.0,0.0,Malaria,All,1071504.5192307692,0.0,0.0,,13.884575244821159,-0.7410674736782411,0.0,0.0,0.0,1071504.5192307692,0.0,45.246,1071504.5192307692,1071504.5192307692,0.0,1071504.5192307692,0.0,0.0,0.0,0.0
28,2012.0,0.0,Malaria,All,1071504.5192307692,0.0,0.0,,13.884575244821159,-0.7410674736782411,0.0,0.0,0.0,1071504.5192307692,0.0,45.246,1071504.5192307692,1071504.5192307692,0.0,1071504.5192307692,0.0,0.0,0.0,0.0
29,2012.0,0.0,Malaria,All,1071504.5192307692,0.0,0.0,,13.884575244821159,-0.7410674736782411,0.0,0.0,0.0,1071504.5192307692,0.0,45.246,1071504.5192307692,1071504.5192307692,0.0,1071504.5192307692,0.0,0.0,0.0,0.0
30,2012.0,0.0,Malaria,All,1071504.5192307692,0.0,0.0,,13.884575244821159,-0.7410674736782411,0.0,0.0,0.0,1071504.5192307692,0.0,45.246,1071504.5192307692,1071504.5192307692,0.0,1071504.5192307692,0.0,0.0,0.0,0.0
31,2012.0,0.0,Malaria,All,1071504.5192307692,0.0,0.0,,13.884575244821159,-0.7410674736782411,0.0,0.0,0.0,1071504.5192307692,0.0,45.246,1071504.5192307692,1071504.5192307692,0.0,1071504.5192307692,0.0,0.0,0.0,0.0
32,2012.0,0.0,Malaria,All,1071504.5192307692,0.0,0.0,,13.884575244821159,-0.7410674736782411,0.0,0.0,0.0,1071504.5192307692,0.0,45.246,1071504.5192307692,1071504.5192307692,0.0,1071504.5192307692,0.0,0.0,0.0,0.0
33,2012.0,0.0,Malaria,All,1071504.5192307692,0.0,0.0,,13.884575244821159,-0.7410674736782411,0.0,0.0,0.0,1071504.5192307692,0.0,45.246,1071504.5192307692,1071504.5192307692,0.0,1071504.5192307692,0.0,0.0,0.0,0.0
34,2012.0,0.0,Malaria,All,1071504.5192307692,0.0,0.0,,13.884575244821159,-0.7410674736782411,0.0,0.0,0.0,1071504.5192307692,0.0,45.246,1071504.5192307692,1071504.5192307692,0.0,1071504.5192307692,0.0,0.0,0.0,0.0
35,2012.0,0.0,Malaria,All,1071504.5192307692,0.0,0.0,,13.884575244821159,-0.7410674736782411,0.0,0.0,0.0,1071504.5192307692,0.0,45.246,1071504.5192307692,1071504.5192307692,0.0,1071504.5192307692,0.0,0.0,0.0,0.0
36,2012.0,0.0,Malaria,All,1071504.5192307692,0.0,0.0,,13.884575244821159,-0.7410674736782411,0.0,0.0,0.0,1071504.5192307692,0.0,45.246,1071504.5192307692,1071504.5192307692,0.0,1071504.5192307692,0.0,0.0,0.0,0.0
37,2012.0,0.0,Malaria,All,1071504.5192307692,0.0,0.0,,13.884575244821159,-0.7410674736782411,0.0,0.0,0.0,1071504.5192307692,0.0,45.246,1071504.5192307692,1071504.5192307692,0.0,1071504.5192307692,0.0,0.0,0.0,0.0
38,2012.0,0.0,Malaria,All,1071504.5192307692,0.0,0.0,,13.884575244821159,-0.7410674736782411,0.0,0.0,0.0,1071504.5192307692,0.0,45.246,1071504.5192307692,1071504.5192307692,0.0,1071504.5192307692,0.0,0.0,0.0,0.0
39,2012.0,0.0,Malaria,All,1071504.5192307692,0.0,0.0,,13.884575244821159,-0.7410674736782411,0.0,0.0,0.0,1071504.5192307692,0.0,45.246,1071504.5192307692,1071504.5192307692,0.0,1071504.5192307692,0.0,0.0,0.0,0.0
40,2012.0,0.0,Malaria,All,1071504.5192307692,0.0,0.0,,13.884575244821159,-0.7410674736782411,0.0,0.0,0.0,1071504.5192307692,0.0,45.246,1071504.5192307692,1071504.5192307692,0.0,1071504.5192307692,0.0,0.0,0.0,0.0
41,2012.0,0.0,Malaria,All,1071504.5192307692,0.0,0.0,,13.884575244821159,-0.7410674736782411,0.0,0.0,0.0,1071504.5192307692,0.0,45.246,1071504.5192307692,1071504.5192307692,0.0,1071504.5192307692,0.0,0.0,0.0,0.0
42,2012.0,0.0,Malaria,All,1071504.5192307692,0.0,0.0,,13.884575244821159,-0.7410674736782411,0.0,0.0,0.0,1071504.5192307692,0.0,45.246,1071504.5192307692,1071504.5192307692,0.0,1071504.5192307692,0.0,0.0,0.0,0.0
43,2012.0,0.0,Malaria,All,1071504.5192307692,0.0,0.0,,13.884575244821159,-0.7410674736782411,0.0,0.0,0.0,1071504.5192307692,0.0,45.246,1071504.5192307692,1071504.5192307692,0.0,1071504.5192307692,0.0,0.0,0.0,0.0
44,2012.0,0.0,Malaria,All,1071504.5192307692,0.0,0.0,,13.884575244821159,-0.7410674736782411,0.0,0.0,0.0,1071504.5192307692,0.0,45.246,1071504.5192307692,1071504.5192307692,0.0,1071504.5192307692,0.0,0.0,0.0,0.0
45,2012.0,0.0,Malaria,All,1071504.5192307692,0.0,0.0,,13.884575244821159,-0.7410674736782411,0.0,0.0,0.0,1071504.5192307692,0.0,45.246,1071504.5192307692,1071504.5192307692,0.0,1071504.5192307692,0.0,0.0,0.0,0.0
46,2012.0,0.0,Malaria,All,1071504.5192307692,0.0,0.0,,13.884575244821159,-0.7410674736782411,0.0,0.0,0.0,1071504.5192307692,0.0,45.246,1071504.5192307692,1071504.5192307692,0.0,1071504.5192307692,0.0,0.0,0.0,0.0
47,2012.0,0.0,Malaria,All,1071504.5192307692,0.0,0.0,,13.884575244821159,-0.7410674736782411,0.0,0.0,0.0,1071504.5192307692,0.0,45.246,1071504.5192307692,1071504.5192307692,0.0,1071504.5192307692,0.0,0.0,0.0,0.0
48,2012.0,0.0,Malaria,All,1071504.5192307692,0.0,0.0,,13.884575244821159,-0.7410674736782411,0.0,0.0,0.0,1071504.5192307692,0.0,45.246,1071504.5192307692,1071504.5192307692,0.0,1071504.5192307692,0.0,0.0,0.0,0.0
49,2012.0,0.0,Malaria,All,1071504.5192307692,0.0,0.0,,13.884575244821159,-0.7410674736782411,0.0,0.0,0.0,1071504.5192307692,0.0,45.246,1071504.5192307692,1071504.5192307692,0.0,1071504.5192307692,0.0,0.0,0.0,0.0
50,2012.0,0.0,Malaria,All,1071504.5192307692,0.0,0.0,,13.884575244821159,-0.7410674736782411,0.0,0.0,0.0,1071504.5192307692,0.0,45.246,1071504.5192307692,1071504.5192307692,0.0,1071504.5192307692,0.0,0.0,0.0,0.0
51,2012.0,0.0,Malaria,All,1071504.5192307692,0.0,0.0,,13.884575244821159,-0.7410674736782411,0.0,0.0,0.0,1071504.5192307692,0.0,45.246,1071504.5192307692,1071504.5192307692,0.0,1071504.5192307692,0.0,0.0,0.0,0.0
52,2012.0,0.0,Malaria,All,1071504.5192307692,0.0,0.0,,13.884575244821159,-0.7410674736782411,0.0,0.0,0.0,1071504.5192307692,0.0,45.246,1071504.5192307692,1071504.5192307692,0.0,1071504.5192307692,0.0,0.0,0.0,0.0
1,2013.0,0.0,Malaria,All,1036948.4807692308,0.0,0.0,,13.851793769312557,-0.7664229430073993,0.0,0.0,0.0,1036948.4807692308,0.0,46.118,1071504.5192307692,1071504.5192307692,0.0,1062865.5096153847,17278.0192307664,0.0,-0.03225001653408443,0.0
2,2013.0,0.0,Malaria,All,1036948.4807692308,0.0,0.0,,13.851793769312557,-0.7664229430073993,0.0,0.0,0.0,1036948.4807692308,0.0,46.118,1036948.4807692308,1054226.5,0.0,1054226.5,19950.938107893955,0.0,0.0,0.0
3,2013.0,0.0,Malaria,All,1036948.4807692308,0.0,0.0,,13.851793769312557,-0.7664229430073993,0.0,0.0,0.0,1036948.4807692308,0.0,46.118,1036948.4807692308,1036948.4807692308,0.0,1045587.4903846155,17278.019230766688,0.0,0.0,0.0
4,2013.0,0.0,Malaria,All,1036948.4807692308,0.0,0.0,,13.851793769312557,-0.7664229430073993,0.0,0.0,0.0,1036948.4807692308,0.0,46.118,1036948.4807692308,1036948.4807692308,0.0,1036948.4807692308,0.0,0.0,0.0,0.0
5,2013.0,0.0,Malaria,All,1036948.4807692308,0.0,0.0,,13.851793769312557,-0.7664229430073993,0.0,0.0,0.0,1036948.4807692308,0.0,46.118,1036948.4807692308,1036948.4807692308,0.0,1036948.4807692308,0.0,0.0,0.0,0.0
6,2013.0,0.0,Malaria,All,1036948.4807692308,0.0,0.0,,13.851793769312557,-0.7664229430073993,0.0,0.0,0.0,1036948.4807692308,0.0,46.118,1036948.4807692308,1036948.4807692308,0.0,1036948.4807692308,0.0,0.0,0.0,0.0
7,2013.0,0.0,Malaria,All,1036948.4807692308,0.0,0.0,,13.851793769312557,-0.7664229430073993,0.0,0.0,0.0,1036948.4807692308,0.0,46.118,1036948.4807692308,1036948.4807692308,0.0,1036948.4807692308,0.0,0.0,0.0,0.0
8,2013.0,0.0,Malaria,All,1036948.4807692308,0.0,0.0,,13.851793769312557,-0.7664229430073993,0.0,0.0,0.0,1036948.4807692308,0.0,46.118,1036948.4807692308,1036948.4807692308,0.0,1036948.4807692308,0.0,0.0,0.0,0.0
9,2013.0,0.0,Malaria,All,1036948.4807692308,0.0,0.0,,13.851793769312557,-0.7664229430073993,0.0,0.0,0.0,1036948.4807692308,0.0,46.118,1036948.4807692308,1036948.4807692308,0.0,1036948.4807692308,0.0,0.0,0.0,0.0
10,2013.0,0.0,Malaria,All,1036948.4807692308,0.0,0.0,,13.851793769312557,-0.7664229430073993,0.0,0.0,0.0,1036948.4807692308,0.0,46.118,1036948.4807692308,1036948.4807692308,0.0,1036948.4807692308,0.0,0.0,0.0,0.0
11,2013.0,0.0,Malaria,All,1036948.4807692308,0.0,0.0,,13.851793769312557,-0.7664229430073993,0.0,0.0,0.0,1036948.4807692308,0.0,46.118,1036948.4807692308,1036948.4807692308,0.0,1036948.4807692308,0.0,0.0,0.0,0.0
12,2013.0,0.0,Malaria,All,1036948.4807692308,0.0,0.0,,13.851793769312557,-0.7664229430073993,0.0,0.0,0.0,1036948.4807692308,0.0,46.118,1036948.4807692308,1036948.4807692308,0.0,1036948.4807692308,0.0,0.0,0.0,0.0
13,2013.0,0.0,Malaria,All,1036948.4807692308,0.0,0.0,,13.851793769312557,-0.7664229430073993,0.0,0.0,0.0,1036948.4807692308,0.0,46.118,1036948.4807692308,1036948.4807692308,0.0,1036948.4807692308,0.0,0.0,0.0,0.0
14,2013.0,0.0,Malaria,All,1036948.4807692308,0.0,0.0,,13.851793769312557,-0.7664229430073993,0.0,0.0,0.0,1036948.4807692308,0.0,46.118,1036948.4807692308,1036948.4807692308,0.0,1036948.4807692308,0.0,0.0,0.0,0.0
15,2013.0,0.0,Malaria,All,1036948.4807692308,0.0,0.0,,13.851793769312557,-0.7664229430073993,0.0,0.0,0.0,1036948.4807692308,0.0,46.118,1036948.4807692308,1036948.4807692308,0.0,1036948.4807692308,0.0,0.0,0.0,0.0
16,2013.0,0.0,Malaria,All,1036948.4807692308,0.0,0.0,,13.851793769312557,-0.7664229430073993,0.0,0.0,0.0,1036948.4807692308,0.0,46.118,1036948.4807692308,1036948.4807692308,0.0,1036948.4807692308,0.0,0.0,0.0,0.0
17,2013.0,0.0,Malaria,All,1036948.4807692308,0.0,0.0,,13.851793769312557,-0.7664229430073993,0.0,0.0,0.0,1036948.4807692308,0.0,46.118,1036948.4807692308,1036948.4807692308,0.0,1036948.4807692308,0.0,0.0,0.0,0.0
18,2013.0,0.0,Malaria,All,1036948.4807692308,0.0,0.0,,13.851793769312557,-0.7664229430073993,0.0,0.0,0.0,1036948.4807692308,0.0,46.118,1036948.4807692308,1036948.4807692308,0.0,1036948.4807692308,0.0,0.0,0.0,0.0
19,2013.0,0.0,Malaria,All,1036948.4807692308,0.0,0.0,,13.851793769312557,-0.7664229430073993,0.0,0.0,0.0,1036948.4807692308,0.0,46.118,1036948.4807692308,1036948.4807692308,0.0,1036948.4807692308,0.0,0.0,0.0,0.0
20,2013.0,0.0,Malaria,All,1036948.4807692308,0.0,0.0,,13.851793769312557,-0.7664229430073993,0.0,0.0,0.0,1036948.4807692308,0.0,46.118,1036948.4807692308,1036948.4807692308,0.0,1036948.4807692308,0.0,0.0,0.0,0.0
21,2013.0,0.0,Malaria,All,1036948.4807692308,0.0,0.0,,13.851793769312557,-0.7664229430073993,0.0,0.0,0.0,1036948.4807692308,0.0,46.118,1036948.4807692308,1036948.4807692308,0.0,1036948.4807692308,0.0,0.0,0.0,0.0
22,2013.0,0.0,Malaria,All,1036948.4807692308,0.0,0.0,,13.851793769312557,-0.7664229430073993,0.0,0.0,0.0,1036948.4807692308,0.0,46.118,1036948.4807692308,1036948.4807692308,0.0,1036948.4807692308,0.0,0.0,0.0,0.0
23,2013.0,0.0,Malaria,All,1036948.4807692308,0.0,0.0,,13.851793769312557,-0.7664229430073993,0.0,0.0,0.0,1036948.4807692308,0.0,46.118,1036948.4807692308,1036948.4807692308,0.0,1036948.4807692308,0.0,0.0,0.0,0.0
24,2013.0,0.0,Malaria,All,1036948.4807692308,0.0,0.0,,13.851793769312557,-0.7664229430073993,0.0,0.0,0.0,1036948.4807692308,0.0,46.118,1036948.4807692308,1036948.4807692308,0.0,1036948.4807692308,0.0,0.0,0.0,0.0
25,2013.0,0.0,Malaria,All,1036948.4807692308,0.0,0.0,,13.851793769312557,-0.7664229430073993,0.0,0.0,0.0,1036948.4807692308,0.0,46.118,1036948.4807692308,1036948.4807692308,0.0,1036948.4807692308,0.0,0.0,0.0,0.0
26,2013.0,0.0,Malaria,All,1036948.4807692308,0.0,0.0,,13.851793769312557,-0.7664229430073993,0.0,0.0,0.0,1036948.4807692308,0.0,46.118,1036948.4807692308,1036948.4807692308,0.0,1036948.4807692308,0.0,0.0,0.0,0.0
27,2013.0,0.0,Malaria,All,1036948.4807692308,0.0,0.0,,13.851793769312557,-0.7664229430073993,0.0,0.0,0.0,1036948.4807692308,0.0,46.118,1036948.4807692308,1036948.4807692308,0.0,1036948.4807692308,0.0,0.0,0.0,0.0
28,2013.0,0.0,Malaria,All,1036948.4807692308,0.0,0.0,,13.851793769312557,-0.7664229430073993,0.0,0.0,0.0,1036948.4807692308,0.0,46.118,1036948.4807692308,1036948.4807692308,0.0,1036948.4807692308,0.0,0.0,0.0,0.0
29,2013.0,0.0,Malaria,All,1036948.4807692308,0.0,0.0,,13.851793769312557,-0.7664229430073993,0.0,0.0,0.0,1036948.4807692308,0.0,46.118,1036948.4807692308,1036948.4807692308,0.0,1036948.4807692308,0.0,0.0,0.0,0.0
30,2013.0,0.0,Malaria,All,1036948.4807692308,0.0,0.0,,13.851793769312557,-0.7664229430073993,0.0,0.0,0.0,1036948.4807692308,0.0,46.118,1036948.4807692308,1036948.4807692308,0.0,1036948.4807692308,0.0,0.0,0.0,0.0
31,2013.0,0.0,Malaria,All,1036948.4807692308,0.0,0.0,,13.851793769312557,-0.7664229430073993,0.0,0.0,0.0,1036948.4807692308,0.0,46.118,1036948.4807692308,1036948.4807692308,0.0,1036948.4807692308,0.0,0.0,0.0,0.0
32,2013.0,0.0,Malaria,All,1036948.4807692308,0.0,0.0,,13.851793769312557,-0.7664229430073993,0.0,0.0,0.0,1036948.4807692308,0.0,46.118,1036948.4807692308,1036948.4807692308,0.0,1036948.4807692308,0.0,0.0,0.0,0.0
33,2013.0,0.0,Malaria,All,1036948.4807692308,0.0,0.0,,13.851793769312557,-0.7664229430073993,0.0,0.0,0.0,1036948.4807692308,0.0,46.118,1036948.4807692308,1036948.4807692308,0.0,1036948.4807692308,0.0,0.0,0.0,0.0
34,2013.0,0.0,Malaria,All,1036948.4807692308,0.0,0.0,,13.851793769312557,-0.7664229430073993,0.0,0.0,0.0,1036948.4807692308,0.0,46.118,1036948.4807692308,1036948.4807692308,0.0,1036948.4807692308,0.0,0.0,0.0,0.0
35,2013.0,0.0,Malaria,All,1036948.4807692308,0.0,0.0,,13.851793769312557,-0.7664229430073993,0.0,0.0,0.0,1036948.4807692308,0.0,46.118,1036948.4807692308,1036948.4807692308,0.0,1036948.4807692308,0.0,0.0,0.0,0.0
36,2013.0,0.0,Malaria,All,1036948.4807692308,0.0,0.0,,13.851793769312557,-0.7664229430073993,0.0,0.0,0.0,1036948.4807692308,0.0,46.118,1036948.4807692308,1036948.4807692308,0.0,1036948.4807692308,0.0,0.0,0.0,0.0
37,2013.0,0.0,Malaria,All,1036948.4807692308,0.0,0.0,,13.851793769312557,-0.7664229430073993,0.0,0.0,0.0,1036948.4807692308,0.0,46.118,1036948.4807692308,1036948.4807692308,0.0,1036948.4807692308,0.0,0.0,0.0,0.0
38,2013.0,0.0,Malaria,All,1036948.4807692308,0.0,0.0,,13.851793769312557,-0.7664229430073993,0.0,0.0,0.0,1036948.4807692308,0.0,46.118,1036948.4807692308,1036948.4807692308,0.0,1036948.4807692308,0.0,0.0,0.0,0.0
39,2013.0,0.0,Malaria,All,1036948.4807692308,0.0,0.0,,13.851793769312557,-0.7664229430073993,0.0,0.0,0.0,1036948.4807692308,0.0,46.118,1036948.4807692308,1036948.4807692308,0.0,1036948.4807692308,0.0,0.0,0.0,0.0
40,2013.0,0.0,Malaria,All,1036948.4807692308,0.0,0.0,,13.851793769312557,-0.7664229430073993,0.0,0.0,0.0,1036948.4807692308,0.0,46.118,1036948.4807692308,1036948.4807692308,0.0,1036948.4807692308,0.0,0.0,0.0,0.0
41,2013.0,0.0,Malaria,All,1036948.4807692308,0.0,0.0,,13.851793769312557,-0.7664229430073993,0.0,0.0,0.0,1036948.4807692308,0.0,46.118,1036948.4807692308,1036948.4807692308,0.0,1036948.4807692308,0.0,0.0,0.0,0.0
42,2013.0,0.0,Malaria,All,1036948.4807692308,0.0,0.0,,13.851793769312557,-0.7664229430073993,0.0,0.0,0.0,1036948.4807692308,0.0,46.118,1036948.4807692308,1036948.4807692308,0.0,1036948.4807692308,0.0,0.0,0.0,0.0
43,2013.0,0.0,Malaria,All,1036948.4807692308,0.0,0.0,,13.851793769312557,-0.7664229430073993,0.0,0.0,0.0,1036948.4807692308,0.0,46.118,1036948.4807692308,1036948.4807692308,0.0,1036948.4807692308,0.0,0.0,0.0,0.0
44,2013.0,0.0,Malaria,All,1036948.4807692308,0.0,0.0,,13.851793769312557,-0.7664229430073993,0.0,0.0,0.0,1036948.4807692308,0.0,46.118,1036948.4807692308,1036948.4807692308,0.0,1036948.4807692308,0.0,0.0,0.0,0.0
45,2013.0,0.0,Malaria,All,1036948.4807692308,0.0,0.0,,13.851793769312557,-0.7664229430073993,0.0,0.0,0.0,1036948.4807692308,0.0,46.118,1036948.4807692308,1036948.4807692308,0.0,1036948.4807692308,0.0,0.0,0.0,0.0
46,2013.0,0.0,Malaria,All,1036948.4807692308,0.0,0.0,,13.851793769312557,-0.7664229430073993,0.0,0.0,0.0,1036948.4807692308,0.0,46.118,1036948.4807692308,1036948.4807692308,0.0,1036948.4807692308,0.0,0.0,0.0,0.0
47,2013.0,0.0,Malaria,All,1036948.4807692308,0.0,0.0,,13.851793769312557,-0.7664229430073993,0.0,0.0,0.0,1036948.4807692308,0.0,46.118,1036948.4807692308,1036948.4807692308,0.0,1036948.4807692308,0.0,0.0,0.0,0.0
48,2013.0,0.0,Malaria,All,1036948.4807692308,0.0,0.0,,13.851793769312557,-0.7664229430073993,0.0,0.0,0.0,1036948.4807692308,0.0,46.118,1036948.4807692308,1036948.4807692308,0.0,1036948.4807692308,0.0,0.0,0.0,0.0
49,2013.0,0.0,Malaria,All,1036948.4807692308,0.0,0.0,,13.851793769312557,-0.7664229430073993,0.0,0.0,0.0,1036948.4807692308,0.0,46.118,1036948.4807692308,1036948.4807692308,0.0,1036948.4807692308,0.0,0.0,0.0,0.0
50,2013.0,0.0,Malaria,All,1036948.4807692308,0.0,0.0,,13.851793769312557,-0.7664229430073993,0.0,0.0,0.0,1036948.4807692308,0.0,46.118,1036948.4807692308,1036948.4807692308,0.0,1036948.4807692308,0.0,0.0,0.0,0.0
51,2013.0,0.0,Malaria,All,1036948.4807692308,0.0,0.0,,13.851793769312557,-0.7664229430073993,0.0,0.0,0.0,1036948.4807692308,0.0,46.118,1036948.4807692308,1036948.4807692308,0.0,1036948.4807692308,0.0,0.0,0.0,0.0
52,2013.0,0.0,Malaria,All,1036948.4807692308,0.0,0.0,,13.851793769312557,-0.7664229430073993,0.0,0.0,0.0,1036948.4807692308,0.0,46.118,1036948.4807692308,1036948.4807692308,0.0,1036948.4807692308,0.0,0.0,0.0,0.0
1,2014.0,0.0,Malaria,All,1028528.0384615384,0.0,0.0,,13.84364022147487,-0.7726014367287868,0.0,0.0,0.0,1028528.0384615384,0.0,46.982,1036948.4807692308,1036948.4807692308,0.0,1034843.3701923076,4210.22115383655,0.0,-0.00812040565549207,0.0
2,2014.0,0.0,Malaria,All,1028528.0384615384,0.0,0.0,,13.84364022147487,-0.7726014367287868,0.0,0.0,0.0,1028528.0384615384,0.0,46.982,1028528.0384615384,1032738.2596153845,0.0,1032738.2596153845,4861.544633033769,0.0,0.0,0.0
3,2014.0,0.0,Malaria,All,1028528.0384615384,0.0,0.0,,13.84364022147487,-0.7726014367287868,0.0,0.0,0.0,1028528.0384615384,0.0,46.982,1028528.0384615384,1028528.0384615384,0.0,1030633.1490384614,4210.221153837083,0.0,0.0,0.0
4,2014.0,0.0,Malaria,All,1028528.0384615384,0.0,0.0,,13.84364022147487,-0.7726014367287868,0.0,0.0,0.0,1028528.0384615384,0.0,46.982,1028528.0384615384,1028528.0384615384,0.0,1028528.0384615384,0.0,0.0,0.0,0.0
5,2014.0,0.0,Malaria,All,1028528.0384615384,0.0,0.0,,13.84364022147487,-0.7726014367287868,0.0,0.0,0.0,1028528.0384615384,0.0,46.982,1028528.0384615384,1028528.0384615384,0.0,1028528.0384615384,0.0,0.0,0.0,0.0
6,2014.0,0.0,Malaria,All,1028528.0384615384,0.0,0.0,,13.84364022147487,-0.7726014367287868,0.0,0.0,0.0,1028528.0384615384,0.0,46.982,1028528.0384615384,1028528.0384615384,0.0,1028528.0384615384,0.0,0.0,0.0,0.0
7,2014.0,0.0,Malaria,All,1028528.0384615384,0.0,0.0,,13.84364022147487,-0.7726014367287868,0.0,0.0,0.0,1028528.0384615384,0.0,46.982,1028528.0384615384,1028528.0384615384,0.0,1028528.0384615384,0.0,0.0,0.0,0.0
8,2014.0,0.0,Malaria,All,1028528.0384615384,0.0,0.0,,13.84364022147487,-0.7726014367287868,0.0,0.0,0.0,1028528.0384615384,0.0,46.982,1028528.0384615384,1028528.0384615384,0.0,1028528.0384615384,0.0,0.0,0.0,0.0
9,2014.0,0.0,Malaria,All,1028528.0384615384,0.0,0.0,,13.84364022147487,-0.7726014367287868,0.0,0.0,0.0,1028528.0384615384,0.0,46.982,1028528.0384615384,1028528.0384615384,0.0,1028528.0384615384,0.0,0.0,0.0,0.0
10,2014.0,0.0,Malaria,All,1028528.0384615384,0.0,0.0,,13.84364022147487,-0.7726014367287868,0.0,0.0,0.0,1028528.0384615384,0.0,46.982,1028528.0384615384,1028528.0384615384,0.0,1028528.0384615384,0.0,0.0,0.0,0.0
11,2014.0,0.0,Malaria,All,1028528.0384615384,0.0,0.0,,13.84364022147487,-0.7726014367287868,0.0,0.0,0.0,1028528.0384615384,0.0,46.982,1028528.0384615384,1028528.0384615384,0.0,1028528.0384615384,0.0,0.0,0.0,0.0
12,2014.0,0.0,Malaria,All,1028528.0384615384,0.0,0.0,,13.84364022147487,-0.7726014367287868,0.0,0.0,0.0,1028528.0384615384,0.0,46.982,1028528.0384615384,1028528.0384615384,0.0,1028528.0384615384,0.0,0.0,0.0,0.0
13,2014.0,0.0,Malaria,All,1028528.0384615384,0.0,0.0,,13.84364022147487,-0.7726014367287868,0.0,0.0,0.0,1028528.0384615384,0.0,46.982,1028528.0384615384,1028528.0384615384,0.0,1028528.0384615384,0.0,0.0,0.0,0.0
14,2014.0,0.0,Malaria,All,1028528.0384615384,0.0,0.0,,13.84364022147487,-0.7726014367287868,0.0,0.0,0.0,1028528.0384615384,0.0,46.982,1028528.0384615384,1028528.0384615384,0.0,1028528.0384615384,0.0,0.0,0.0,0.0
15,2014.0,0.0,Malaria,All,1028528.0384615384,0.0,0.0,,13.84364022147487,-0.7726014367287868,0.0,0.0,0.0,1028528.0384615384,0.0,46.982,1028528.0384615384,1028528.0384615384,0.0,1028528.0384615384,0.0,0.0,0.0,0.0
16,2014.0,0.0,Malaria,All,1028528.0384615384,0.0,0.0,,13.84364022147487,-0.7726014367287868,0.0,0.0,0.0,1028528.0384615384,0.0,46.982,1028528.0384615384,1028528.0384615384,0.0,1028528.0384615384,0.0,0.0,0.0,0.0
17,2014.0,0.0,Malaria,All,1028528.0384615384,0.0,0.0,,13.84364022147487,-0.7726014367287868,0.0,0.0,0.0,1028528.0384615384,0.0,46.982,1028528.0384615384,1028528.0384615384,0.0,1028528.0384615384,0.0,0.0,0.0,0.0
18,2014.0,0.0,Malaria,All,1028528.0384615384,0.0,0.0,,13.84364022147487,-0.7726014367287868,0.0,0.0,0.0,1028528.0384615384,0.0,46.982,1028528.0384615384,1028528.0384615384,0.0,1028528.0384615384,0.0,0.0,0.0,0.0
19,2014.0,0.0,Malaria,All,1028528.0384615384,0.0,0.0,,13.84364022147487,-0.7726014367287868,0.0,0.0,0.0,1028528.0384615384,0.0,46.982,1028528.0384615384,1028528.0384615384,0.0,1028528.0384615384,0.0,0.0,0.0,0.0
20,2014.0,0.0,Malaria,All,1028528.0384615384,0.0,0.0,,13.84364022147487,-0.7726014367287868,0.0,0.0,0.0,1028528.0384615384,0.0,46.982,1028528.0384615384,1028528.0384615384,0.0,1028528.0384615384,0.0,0.0,0.0,0.0
21,2014.0,0.0,Malaria,All,1028528.0384615384,0.0,0.0,,13.84364022147487,-0.7726014367287868,0.0,0.0,0.0,1028528.0384615384,0.0,46.982,1028528.0384615384,1028528.0384615384,0.0,1028528.0384615384,0.0,0.0,0.0,0.0
22,2014.0,0.0,Malaria,All,1028528.0384615384,0.0,0.0,,13.84364022147487,-0.7726014367287868,0.0,0.0,0.0,1028528.0384615384,0.0,46.982,1028528.0384615384,1028528.0384615384,0.0,1028528.0384615384,0.0,0.0,0.0,0.0
23,2014.0,0.0,Malaria,All,1028528.0384615384,0.0,0.0,,13.84364022147487,-0.7726014367287868,0.0,0.0,0.0,1028528.0384615384,0.0,46.982,1028528.0384615384,1028528.0384615384,0.0,1028528.0384615384,0.0,0.0,0.0,0.0
24,2014.0,0.0,Malaria,All,1028528.0384615384,0.0,0.0,,13.84364022147487,-0.7726014367287868,0.0,0.0,0.0,1028528.0384615384,0.0,46.982,1028528.0384615384,1028528.0384615384,0.0,1028528.0384615384,0.0,0.0,0.0,0.0
25,2014.0,0.0,Malaria,All,1028528.0384615384,0.0,0.0,,13.84364022147487,-0.7726014367287868,0.0,0.0,0.0,1028528.0384615384,0.0,46.982,1028528.0384615384,1028528.0384615384,0.0,1028528.0384615384,0.0,0.0,0.0,0.0
26,2014.0,0.0,Malaria,All,1028528.0384615384,0.0,0.0,,13.84364022147487,-0.7726014367287868,0.0,0.0,0.0,1028528.0384615384,0.0,46.982,1028528.0384615384,1028528.0384615384,0.0,1028528.0384615384,0.0,0.0,0.0,0.0
27,2014.0,0.0,Malaria,All,1028528.0384615384,0.0,0.0,,13.84364022147487,-0.7726014367287868,0.0,0.0,0.0,1028528.0384615384,0.0,46.982,1028528.0384615384,1028528.0384615384,0.0,1028528.0384615384,0.0,0.0,0.0,0.0
28,2014.0,0.0,Malaria,All,1028528.0384615384,0.0,0.0,,13.84364022147487,-0.7726014367287868,0.0,0.0,0.0,1028528.0384615384,0.0,46.982,1028528.0384615384,1028528.0384615384,0.0,1028528.0384615384,0.0,0.0,0.0,0.0
29,2014.0,0.0,Malaria,All,1028528.0384615384,0.0,0.0,,13.84364022147487,-0.7726014367287868,0.0,0.0,0.0,1028528.0384615384,0.0,46.982,1028528.0384615384,1028528.0384615384,0.0,1028528.0384615384,0.0,0.0,0.0,0.0
30,2014.0,0.0,Malaria,All,1028528.0384615384,0.0,0.0,,13.84364022147487,-0.7726014367287868,0.0,0.0,0.0,1028528.0384615384,0.0,46.982,1028528.0384615384,1028528.0384615384,0.0,1028528.0384615384,0.0,0.0,0.0,0.0
31,2014.0,0.0,Malaria,All,1028528.0384615384,0.0,0.0,,13.84364022147487,-0.7726014367287868,0.0,0.0,0.0,1028528.0384615384,0.0,46.982,1028528.0384615384,1028528.0384615384,0.0,1028528.0384615384,0.0,0.0,0.0,0.0
32,2014.0,0.0,Malaria,All,1028528.0384615384,0.0,0.0,,13.84364022147487,-0.7726014367287868,0.0,0.0,0.0,1028528.0384615384,0.0,46.982,1028528.0384615384,1028528.0384615384,0.0,1028528.0384615384,0.0,0.0,0.0,0.0
33,2014.0,0.0,Malaria,All,1028528.0384615384,0.0,0.0,,13.84364022147487,-0.7726014367287868,0.0,0.0,0.0,1028528.0384615384,0.0,46.982,1028528.0384615384,1028528.0384615384,0.0,1028528.0384615384,0.0,0.0,0.0,0.0
34,2014.0,0.0,Malaria,All,1028528.0384615384,0.0,0.0,,13.84364022147487,-0.7726014367287868,0.0,0.0,0.0,1028528.0384615384,0.0,46.982,1028528.0384615384,1028528.0384615384,0.0,1028528.0384615384,0.0,0.0,0.0,0.0
35,2014.0,0.0,Malaria,All,1028528.0384615384,0.0,0.0,,13.84364022147487,-0.7726014367287868,0.0,0.0,0.0,1028528.0384615384,0.0,46.982,1028528.0384615384,1028528.0384615384,0.0,1028528.0384615384,0.0,0.0,0.0,0.0
36,2014.0,0.0,Malaria,All,1028528.0384615384,0.0,0.0,,13.84364022147487,-0.7726014367287868,0.0,0.0,0.0,1028528.0384615384,0.0,46.982,1028528.0384615384,1028528.0384615384,0.0,1028528.0384615384,0.0,0.0,0.0,0.0
37,2014.0,0.0,Malaria,All,1028528.0384615384,0.0,0.0,,13.84364022147487,-0.7726014367287868,0.0,0.0,0.0,1028528.0384615384,0.0,46.982,1028528.0384615384,1028528.0384615384,0.0,1028528.0384615384,0.0,0.0,0.0,0.0
38,2014.0,0.0,Malaria,All,1028528.0384615384,0.0,0.0,,13.84364022147487,-0.7726014367287868,0.0,0.0,0.0,1028528.0384615384,0.0,46.982,1028528.0384615384,1028528.0384615384,0.0,1028528.0384615384,0.0,0.0,0.0,0.0
39,2014.0,0.0,Malaria,All,1028528.0384615384,0.0,0.0,,13.84364022147487,-0.7726014367287868,0.0,0.0,0.0,1028528.0384615384,0.0,46.982,1028528.0384615384,1028528.0384615384,0.0,1028528.0384615384,0.0,0.0,0.0,0.0
40,2014.0,0.0,Malaria,All,1028528.0384615384,0.0,0.0,,13.84364022147487,-0.7726014367287868,0.0,0.0,0.0,1028528.0384615384,0.0,46.982,1028528.0384615384,1028528.0384615384,0.0,1028528.0384615384,0.0,0.0,0.0,0.0
41,2014.0,0.0,Malaria,All,1028528.0384615384,0.0,0.0,,13.84364022147487,-0.7726014367287868,0.0,0.0,0.0,1028528.0384615384,0.0,46.982,1028528.0384615384,1028528.0384615384,0.0,1028528.0384615384,0.0,0.0,0.0,0.0
42,2014.0,0.0,Malaria,All,1028528.0384615384,0.0,0.0,,13.84364022147487,-0.7726014367287868,0.0,0.0,0.0,1028528.0384615384,0.0,46.982,1028528.0384615384,1028528.0384615384,0.0,1028528.0384615384,0.0,0.0,0.0,0.0
43,2014.0,0.0,Malaria,All,1028528.0384615384,0.0,0.0,,13.84364022147487,-0.7726014367287868,0.0,0.0,0.0,1028528.0384615384,0.0,46.982,1028528.0384615384,1028528.0384615384,0.0,1028528.0384615384,0.0,0.0,0.0,0.0
44,2014.0,0.0,Malaria,All,1028528.0384615384,0.0,0.0,,13.84364022147487,-0.7726014367287868,0.0,0.0,0.0,1028528.0384615384,0.0,46.982,1028528.0384615384,1028528.0384615384,0.0,1028528.0384615384,0.0,0.0,0.0,0.0
45,2014.0,0.0,Malaria,All,1028528.0384615384,0.0,0.0,,13.84364022147487,-0.7726014367287868,0.0,0.0,0.0,1028528.0384615384,0.0,46.982,1028528.0384615384,1028528.0384615384,0.0,1028528.0384615384,0.0,0.0,0.0,0.0
46,2014.0,0.0,Malaria,All,1028528.0384615384,0.0,0.0,,13.84364022147487,-0.7726014367287868,0.0,0.0,0.0,1028528.0384615384,0.0,46.982,1028528.0384615384,1028528.0384615384,0.0,1028528.0384615384,0.0,0.0,0.0,0.0
47,2014.0,0.0,Malaria,All,1028528.0384615384,0.0,0.0,,13.84364022147487,-0.7726014367287868,0.0,0.0,0.0,1028528.0384615384,0.0,46.982,1028528.0384615384,1028528.0384615384,0.0,1028528.0384615384,0.0,0.0,0.0,0.0
48,2014.0,0.0,Malaria,All,1028528.0384615384,0.0,0.0,,13.84364022147487,-0.7726014367287868,0.0,0.0,0.0,1028528.0384615384,0.0,46.982,1028528.0384615384,1028528.0384615384,0.0,1028528.0384615384,0.0,0.0,0.0,0.0
49,2014.0,0.0,Malaria,All,1028528.0384615384,0.0,0.0,,13.84364022147487,-0.7726014367287868,0.0,0.0,0.0,1028528.0384615384,0.0,46.982,1028528.0384615384,1028528.0384615384,0.0,1028528.0384615384,0.0,0.0,0.0,0.0
50,2014.0,0.0,Malaria,All,1028528.0384615384,0.0,0.0,,13.84364022147487,-0.7726014367287868,0.0,0.0,0.0,1028528.0384615384,0.0,46.982,1028528.0384615384,1028528.0384615384,0.0,1028528.0384615384,0.0,0.0,0.0,0.0
51,2014.0,0.0,Malaria,All,1028528.0384615384,0.0,0.0,,13.84364022147487,-0.7726014367287868,0.0,0.0,0.0,1028528.0384615384,0.0,46.982,1028528.0384615384,1028528.0384615384,0.0,1028528.0384615384,0.0,0.0,0.0,0.0
52,2014.0,0.0,Malaria,All,1028528.0384615384,0.0,0.0,,13.84364022147487,-0.7726014367287868,0.0,0.0,0.0,1028528.0384615384,0.0,46.982,1028528.0384615384,1028528.0384615384,0.0,1028528.0384615384,0.0,0.0,0.0,0.0
1,2015.0,0.0,Malaria,All,2537871.326923077,0.0,0.0,,14.746836621390315,0.3348781576220729,0.0,0.0,0.0,2537871.326923077,0.0,47.838,1028528.0384615384,1028528.0384615384,0.0,1405863.860576923,754671.6442307688,0.0,1.4674789913546729,0.0
2,2015.0,0.0,Malaria,All,2537871.326923077,0.0,0.0,,14.746836621390315,0.3348781576220729,0.0,0.0,0.0,2537871.326923077,0.0,47.838,2537871.326923077,1783199.6826923077,0.0,1783199.6826923077,871419.7538928234,0.0,0.0,0.0
3,2015.0,0.0,Malaria,All,2537871.326923077,0.0,0.0,,14.746836621390315,0.3348781576220729,0.0,0.0,0.0,2537871.326923077,0.0,47.838,2537871.326923077,2537871.326923077,0.0,2160535.504807692,754671.6442307679,0.0,0.0,0.0
4,2015.0,0.0,Malaria,All,2537871.326923077,0.0,0.0,,14.746836621390315,0.3348781576220729,0.0,0.0,0.0,2537871.326923077,0.0,47.838,2537871.326923077,2537871.326923077,0.0,2537871.326923077,0.0,0.0,0.0,0.0
5,2015.0,0.0,Malaria,All,2537871.326923077,0.0,0.0,,14.746836621390315,0.3348781576220729,0.0,0.0,0.0,2537871.326923077,0.0,47.838,2537871.326923077,2537871.326923077,0.0,2537871.326923077,0.0,0.0,0.0,0.0
6,2015.0,0.0,Malaria,All,2537871.326923077,0.0,0.0,,14.746836621390315,0.3348781576220729,0.0,0.0,0.0,2537871.326923077,0.0,47.838,2537871.326923077,2537871.326923077,0.0,2537871.326923077,0.0,0.0,0.0,0.0
7,2015.0,0.0,Malaria,All,2537871.326923077,0.0,0.0,,14.746836621390315,0.3348781576220729,0.0,0.0,0.0,2537871.326923077,0.0,47.838,2537871.326923077,2537871.326923077,0.0,2537871.326923077,0.0,0.0,0.0,0.0
8,2015.0,0.0,Malaria,All,2537871.326923077,0.0,0.0,,14.746836621390315,0.3348781576220729,0.0,0.0,0.0,2537871.326923077,0.0,47.838,2537871.326923077,2537871.326923077,0.0,2537871.326923077,0.0,0.0,0.0,0.0
9,2015.0,0.0,Malaria,All,2537871.326923077,0.0,0.0,,14.746836621390315,0.3348781576220729,0.0,0.0,0.0,2537871.326923077,0.0,47.838,2537871.326923077,2537871.326923077,0.0,2537871.326923077,0.0,0.0,0.0,0.0
10,2015.0,0.0,Malaria,All,2537871.326923077,0.0,0.0,,14.746836621390315,0.3348781576220729,0.0,0.0,0.0,2537871.326923077,0.0,47.838,2537871.326923077,2537871.326923077,0.0,2537871.326923077,0.0,0.0,0.0,0.0
11,2015.0,0.0,Malaria,All,2537871.326923077,0.0,0.0,,14.746836621390315,0.3348781576220729,0.0,0.0,0.0,2537871.326923077,0.0,47.838,2537871.326923077,2537871.326923077,0.0,2537871.326923077,0.0,0.0,0.0,0.0
12,2015.0,0.0,Malaria,All,2537871.326923077,0.0,0.0,,14.746836621390315,0.3348781576220729,0.0,0.0,0.0,2537871.326923077,0.0,47.838,2537871.326923077,2537871.326923077,0.0,2537871.326923077,0.0,0.0,0.0,0.0
13,2015.0,0.0,Malaria,All,2537871.326923077,0.0,0.0,,14.746836621390315,0.3348781576220729,0.0,0.0,0.0,2537871.326923077,0.0,47.838,2537871.326923077,2537871.326923077,0.0,2537871.326923077,0.0,0.0,0.0,0.0
14,2015.0,0.0,Malaria,All,2537871.326923077,0.0,0.0,,14.746836621390315,0.3348781576220729,0.0,0.0,0.0,2537871.326923077,0.0,47.838,2537871.326923077,2537871.326923077,0.0,2537871.326923077,0.0,0.0,0.0,0.0
15,2015.0,0.0,Malaria,All,2537871.326923077,0.0,0.0,,14.746836621390315,0.3348781576220729,0.0,0.0,0.0,2537871.326923077,0.0,47.838,2537871.326923077,2537871.326923077,0.0,2537871.326923077,0.0,0.0,0.0,0.0
16,2015.0,0.0,Malaria,All,2537871.326923077,0.0,0.0,,14.746836621390315,0.3348781576220729,0.0,0.0,0.0,2537871.326923077,0.0,47.838,2537871.326923077,2537871.326923077,0.0,2537871.326923077,0.0,0.0,0.0,0.0
17,2015.0,0.0,Malaria,All,2537871.326923077,0.0,0.0,,14.746836621390315,0.3348781576220729,0.0,0.0,0.0,2537871.326923077,0.0,47.838,2537871.326923077,2537871.326923077,0.0,2537871.326923077,0.0,0.0,0.0,0.0
18,2015.0,0.0,Malaria,All,2537871.326923077,0.0,0.0,,14.746836621390315,0.3348781576220729,0.0,0.0,0.0,2537871.326923077,0.0,47.838,2537871.326923077,2537871.326923077,0.0,2537871.326923077,0.0,0.0,0.0,0.0
19,2015.0,0.0,Malaria,All,2537871.326923077,0.0,0.0,,14.746836621390315,0.3348781576220729,0.0,0.0,0.0,2537871.326923077,0.0,47.838,2537871.326923077,2537871.326923077,0.0,2537871.326923077,0.0,0.0,0.0,0.0
20,2015.0,0.0,Malaria,All,2537871.326923077,0.0,0.0,,14.746836621390315,0.3348781576220729,0.0,0.0,0.0,2537871.326923077,0.0,47.838,2537871.326923077,2537871.326923077,0.0,2537871.326923077,0.0,0.0,0.0,0.0
21,2015.0,0.0,Malaria,All,2537871.326923077,0.0,0.0,,14.746836621390315,0.3348781576220729,0.0,0.0,0.0,2537871.326923077,0.0,47.838,2537871.326923077,2537871.326923077,0.0,2537871.326923077,0.0,0.0,0.0,0.0
22,2015.0,0.0,Malaria,All,2537871.326923077,0.0,0.0,,14.746836621390315,0.3348781576220729,0.0,0.0,0.0,2537871.326923077,0.0,47.838,2537871.326923077,2537871.326923077,0.0,2537871.326923077,0.0,0.0,0.0,0.0
23,2015.0,0.0,Malaria,All,2537871.326923077,0.0,0.0,,14.746836621390315,0.3348781576220729,0.0,0.0,0.0,2537871.326923077,0.0,47.838,2537871.326923077,2537871.326923077,0.0,2537871.326923077,0.0,0.0,0.0,0.0
24,2015.0,0.0,Malaria,All,2537871.326923077,0.0,0.0,,14.746836621390315,0.3348781576220729,0.0,0.0,0.0,2537871.326923077,0.0,47.838,2537871.326923077,2537871.326923077,0.0,2537871.326923077,0.0,0.0,0.0,0.0
25,2015.0,0.0,Malaria,All,2537871.326923077,0.0,0.0,,14.746836621390315,0.3348781576220729,0.0,0.0,0.0,2537871.326923077,0.0,47.838,2537871.326923077,2537871.326923077,0.0,2537871.326923077,0.0,0.0,0.0,0.0
26,2015.0,0.0,Malaria,All,2537871.326923077,0.0,0.0,,14.746836621390315,0.3348781576220729,0.0,0.0,0.0,2537871.326923077,0.0,47.838,2537871.326923077,2537871.326923077,0.0,2537871.326923077,0.0,0.0,0.0,0.0
27,2015.0,0.0,Malaria,All,2537871.326923077,0.0,0.0,,14.746836621390315,0.3348781576220729,0.0,0.0,0.0,2537871.326923077,0.0,47.838,2537871.326923077,2537871.326923077,0.0,2537871.326923077,0.0,0.0,0.0,0.0
28,2015.0,0.0,Malaria,All,2537871.326923077,0.0,0.0,,14.746836621390315,0.3348781576220729,0.0,0.0,0.0,2537871.326923077,0.0,47.838,2537871.326923077,2537871.326923077,0.0,2537871.326923077,0.0,0.0,0.0,0.0
29,2015.0,0.0,Malaria,All,2537871.326923077,0.0,0.0,,14.746836621390315,0.3348781576220729,0.0,0.0,0.0,2537871.326923077,0.0,47.838,2537871.326923077,2537871.326923077,0.0,2537871.326923077,0.0,0.0,0.0,0.0
30,2015.0,0.0,Malaria,All,2537871.326923077,0.0,0.0,,14.746836621390315,0.3348781576220729,0.0,0.0,0.0,2537871.326923077,0.0,47.838,2537871.326923077,2537871.326923077,0.0,2537871.326923077,0.0,0.0,0.0,0.0
31,2015.0,0.0,Malaria,All,2537871.326923077,0.0,0.0,,14.746836621390315,0.3348781576220729,0.0,0.0,0.0,2537871.326923077,0.0,47.838,2537871.326923077,2537871.326923077,0.0,2537871.326923077,0.0,0.0,0.0,0.0
32,2015.0,0.0,Malaria,All,2537871.326923077,0.0,0.0,,14.746836621390315,0.3348781576220729,0.0,0.0,0.0,2537871.326923077,0.0,47.838,2537871.326923077,2537871.326923077,0.0,2537871.326923077,0.0,0.0,0.0,0.0
33,2015.0,0.0,Malaria,All,2537871.326923077,0.0,0.0,,14.746836621390315,0.3348781576220729,0.0,0.0,0.0,2537871.326923077,0.0,47.838,2537871.326923077,2537871.326923077,0.0,2537871.326923077,0.0,0.0,0.0,0.0
34,2015.0,0.0,Malaria,All,2537871.326923077,0.0,0.0,,14.746836621390315,0.3348781576220729,0.0,0.0,0.0,2537871.326923077,0.0,47.838,2537871.326923077,2537871.326923077,0.0,2537871.326923077,0.0,0.0,0.0,0.0
35,2015.0,0.0,Malaria,All,2537871.326923077,0.0,0.0,,14.746836621390315,0.3348781576220729,0.0,0.0,0.0,2537871.326923077,0.0,47.838,2537871.326923077,2537871.326923077,0.0,2537871.326923077,0.0,0.0,0.0,0.0
36,2015.0,0.0,Malaria,All,2537871.326923077,0.0,0.0,,14.746836621390315,0.3348781576220729,0.0,0.0,0.0,2537871.326923077,0.0,47.838,2537871.326923077,2537871.326923077,0.0,2537871.326923077,0.0,0.0,0.0,0.0
37,2015.0,0.0,Malaria,All,2537871.326923077,0.0,0.0,,14.746836621390315,0.3348781576220729,0.0,0.0,0.0,2537871.326923077,0.0,47.838,2537871.326923077,2537871.326923077,0.0,2537871.326923077,0.0,0.0,0.0,0.0
38,2015.0,0.0,Malaria,All,2537871.326923077,0.0,0.0,,14.746836621390315,0.3348781576220729,0.0,0.0,0.0,2537871.326923077,0.0,47.838,2537871.326923077,2537871.326923077,0.0,2537871.326923077,0.0,0.0,0.0,0.0
39,2015.0,0.0,Malaria,All,2537871.326923077,0.0,0.0,,14.746836621390315,0.3348781576220729,0.0,0.0,0.0,2537871.326923077,0.0,47.838,2537871.326923077,2537871.326923077,0.0,2537871.326923077,0.0,0.0,0.0,0.0
40,2015.0,0.0,Malaria,All,2537871.326923077,0.0,0.0,,14.746836621390315,0.3348781576220729,0.0,0.0,0.0,2537871.326923077,0.0,47.838,2537871.326923077,2537871.326923077,0.0,2537871.326923077,0.0,0.0,0.0,0.0
41,2015.0,0.0,Malaria,All,2537871.326923077,0.0,0.0,,14.746836621390315,0.3348781576220729,0.0,0.0,0.0,2537871.326923077,0.0,47.838,2537871.326923077,2537871.326923077,0.0,2537871.326923077,0.0,0.0,0.0,0.0
42,2015.0,0.0,Malaria,All,2537871.326923077,0.0,0.0,,14.746836621390315,0.3348781576220729,0.0,0.0,0.0,2537871.326923077,0.0,47.838,2537871.326923077,2537871.326923077,0.0,2537871.326923077,0.0,0.0,0.0,0.0
43,2015.0,0.0,Malaria,All,2537871.326923077,0.0,0.0,,14.746836621390315,0.3348781576220729,0.0,0.0,0.0,2537871.326923077,0.0,47.838,2537871.326923077,2537871.326923077,0.0,2537871.326923077,0.0,0.0,0.0,0.0
44,2015.0,0.0,Malaria,All,2537871.326923077,0.0,0.0,,14.746836621390315,0.3348781576220729,0.0,0.0,0.0,2537871.326923077,0.0,47.838,2537871.326923077,2537871.326923077,0.0,2537871.326923077,0.0,0.0,0.0,0.0
45,2015.0,0.0,Malaria,All,2537871.326923077,0.0,0.0,,14.746836621390315,0.3348781576220729,0.0,0.0,0.0,2537871.326923077,0.0,47.838,2537871.326923077,2537871.326923077,0.0,2537871.326923077,0.0,0.0,0.0,0.0
46,2015.0,0.0,Malaria,All,2537871.326923077,0.0,0.0,,14.746836621390315,0.3348781576220729,0.0,0.0,0.0,2537871.326923077,0.0,47.838,2537871.326923077,2537871.326923077,0.0,2537871.326923077,0.0,0.0,0.0,0.0
47,2015.0,0.0,Malaria,All,2537871.326923077,0.0,0.0,,14.746836621390315,0.3348781576220729,0.0,0.0,0.0,2537871.326923077,0.0,47.838,2537871.326923077,2537871.326923077,0.0,2537871.326923077,0.0,0.0,0.0,0.0
48,2015.0,0.0,Malaria,All,2537871.326923077,0.0,0.0,,14.746836621390315,0.3348781576220729,0.0,0.0,0.0,2537871.326923077,0.0,47.838,2537871.326923077,2537871.326923077,0.0,2537871.326923077,0.0,0.0,0.0,0.0
49,2015.0,0.0,Malaria,All,2537871.326923077,0.0,0.0,,14.746836621390315,0.3348781576220729,0.0,0.0,0.0,2537871.326923077,0.0,47.838,2537871.326923077,2537871.326923077,0.0,2537871.326923077,0.0,0.0,0.0,0.0
50,2015.0,0.0,Malaria,All,2537871.326923077,0.0,0.0,,14.746836621390315,0.3348781576220729,0.0,0.0,0.0,2537871.326923077,0.0,47.838,2537871.326923077,2537871.326923077,0.0,2537871.326923077,0.0,0.0,0.0,0.0
51,2015.0,0.0,Malaria,All,2537871.326923077,0.0,0.0,,14.746836621390315,0.3348781576220729,0.0,0.0,0.0,2537871.326923077,0.0,47.838,2537871.326923077,2537871.326923077,0.0,2537871.326923077,0.0,0.0,0.0,0.0
52,2015.0,0.0,Malaria,All,2537871.326923077,0.0,0.0,,14.746836621390315,0.3348781576220729,0.0,0.0,0.0,2537871.326923077,0.0,47.838,2537871.326923077,2537871.326923077,0.0,2537871.326923077,0.0,0.0,0.0,0.0
1,2016.0,0.0,Malaria,All,3336323.846153846,0.0,0.0,,15.020380413665443,0.9207421415587181,0.0,0.0,0.0,3336323.846153846,0.0,48.683,2537871.326923077,2537871.326923077,0.0,2737484.456730769,399226.2596153803,0.0,0.31461505189816513,0.0
2,2016.0,0.0,Malaria,All,3336323.846153846,0.0,0.0,,15.020380413665443,0.9207421415587181,0.0,0.0,0.0,3336323.846153846,0.0,48.683,3336323.846153846,2937097.5865384615,0.0,2937097.586538462,460986.77691301494,0.0,0.0,0.0
3,2016.0,0.0,Malaria,All,3336323.846153846,0.0,0.0,,15.020380413665443,0.9207421415587181,0.0,0.0,0.0,3336323.846153846,0.0,48.683,3336323.846153846,3336323.846153846,0.0,3136710.716346154,399226.25961537845,0.0,0.0,0.0
4,2016.0,0.0,Malaria,All,3336323.846153846,0.0,0.0,,15.020380413665443,0.9207421415587181,0.0,0.0,0.0,3336323.846153846,0.0,48.683,3336323.846153846,3336323.846153846,0.0,3336323.846153846,0.0,0.0,0.0,0.0
5,2016.0,0.0,Malaria,All,3336323.846153846,0.0,0.0,,15.020380413665443,0.9207421415587181,0.0,0.0,0.0,3336323.846153846,0.0,48.683,3336323.846153846,3336323.846153846,0.0,3336323.846153846,0.0,0.0,0.0,0.0
6,2016.0,0.0,Malaria,All,3336323.846153846,0.0,0.0,,15.020380413665443,0.9207421415587181,0.0,0.0,0.0,3336323.846153846,0.0,48.683,3336323.846153846,3336323.846153846,0.0,3336323.846153846,0.0,0.0,0.0,0.0
7,2016.0,0.0,Malaria,All,3336323.846153846,0.0,0.0,,15.020380413665443,0.9207421415587181,0.0,0.0,0.0,3336323.846153846,0.0,48.683,3336323.846153846,3336323.846153846,0.0,3336323.846153846,0.0,0.0,0.0,0.0
8,2016.0,0.0,Malaria,All,3336323.846153846,0.0,0.0,,15.020380413665443,0.9207421415587181,0.0,0.0,0.0,3336323.846153846,0.0,48.683,3336323.846153846,3336323.846153846,0.0,3336323.846153846,0.0,0.0,0.0,0.0
9,2016.0,0.0,Malaria,All,3336323.846153846,0.0,0.0,,15.020380413665443,0.9207421415587181,0.0,0.0,0.0,3336323.846153846,0.0,48.683,3336323.846153846,3336323.846153846,0.0,3336323.846153846,0.0,0.0,0.0,0.0
10,2016.0,0.0,Malaria,All,3336323.846153846,0.0,0.0,,15.020380413665443,0.9207421415587181,0.0,0.0,0.0,3336323.846153846,0.0,48.683,3336323.846153846,3336323.846153846,0.0,3336323.846153846,0.0,0.0,0.0,0.0
11,2016.0,0.0,Malaria,All,3336323.846153846,0.0,0.0,,15.020380413665443,0.9207421415587181,0.0,0.0,0.0,3336323.846153846,0.0,48.683,3336323.846153846,3336323.846153846,0.0,3336323.846153846,0.0,0.0,0.0,0.0
12,2016.0,0.0,Malaria,All,3336323.846153846,0.0,0.0,,15.020380413665443,0.9207421415587181,0.0,0.0,0.0,3336323.846153846,0.0,48.683,3336323.846153846,3336323.846153846,0.0,3336323.846153846,0.0,0.0,0.0,0.0
13,2016.0,0.0,Malaria,All,3336323.846153846,0.0,0.0,,15.020380413665443,0.9207421415587181,0.0,0.0,0.0,3336323.846153846,0.0,48.683,3336323.846153846,3336323.846153846,0.0,3336323.846153846,0.0,0.0,0.0,0.0
14,2016.0,0.0,Malaria,All,3336323.846153846,0.0,0.0,,15.020380413665443,0.9207421415587181,0.0,0.0,0.0,3336323.846153846,0.0,48.683,3336323.846153846,3336323.846153846,0.0,3336323.846153846,0.0,0.0,0.0,0.0
15,2016.0,0.0,Malaria,All,3336323.846153846,0.0,0.0,,15.020380413665443,0.9207421415587181,0.0,0.0,0.0,3336323.846153846,0.0,48.683,3336323.846153846,3336323.846153846,0.0,3336323.846153846,0.0,0.0,0.0,0.0
16,2016.0,0.0,Malaria,All,3336323.846153846,0.0,0.0,,15.020380413665443,0.9207421415587181,0.0,0.0,0.0,3336323.846153846,0.0,48.683,3336323.846153846,3336323.846153846,0.0,3336323.846153846,0.0,0.0,0.0,0.0
17,2016.0,0.0,Malaria,All,3336323.846153846,0.0,0.0,,15.020380413665443,0.9207421415587181,0.0,0.0,0.0,3336323.846153846,0.0,48.683,3336323.846153846,3336323.846153846,0.0,3336323.846153846,0.0,0.0,0.0,0.0
18,2016.0,0.0,Malaria,All,3336323.846153846,0.0,0.0,,15.020380413665443,0.9207421415587181,0.0,0.0,0.0,3336323.846153846,0.0,48.683,3336323.846153846,3336323.846153846,0.0,3336323.846153846,0.0,0.0,0.0,0.0
19,2016.0,0.0,Malaria,All,3336323.846153846,0.0,0.0,,15.020380413665443,0.9207421415587181,0.0,0.0,0.0,3336323.846153846,0.0,48.683,3336323.846153846,3336323.846153846,0.0,3336323.846153846,0.0,0.0,0.0,0.0
20,2016.0,0.0,Malaria,All,3336323.846153846,0.0,0.0,,15.020380413665443,0.9207421415587181,0.0,0.0,0.0,3336323.846153846,0.0,48.683,3336323.846153846,3336323.846153846,0.0,3336323.846153846,0.0,0.0,0.0,0.0
21,2016.0,0.0,Malaria,All,3336323.846153846,0.0,0.0,,15.020380413665443,0.9207421415587181,0.0,0.0,0.0,3336323.846153846,0.0,48.683,3336323.846153846,3336323.846153846,0.0,3336323.846153846,0.0,0.0,0.0,0.0
22,2016.0,0.0,Malaria,All,3336323.846153846,0.0,0.0,,15.020380413665443,0.9207421415587181,0.0,0.0,0.0,3336323.846153846,0.0,48.683,3336323.846153846,3336323.846153846,0.0,3336323.846153846,0.0,0.0,0.0,0.0
23,2016.0,0.0,Malaria,All,3336323.846153846,0.0,0.0,,15.020380413665443,0.9207421415587181,0.0,0.0,0.0,3336323.846153846,0.0,48.683,3336323.846153846,3336323.846153846,0.0,3336323.846153846,0.0,0.0,0.0,0.0
24,2016.0,0.0,Malaria,All,3336323.846153846,0.0,0.0,,15.020380413665443,0.9207421415587181,0.0,0.0,0.0,3336323.846153846,0.0,48.683,3336323.846153846,3336323.846153846,0.0,3336323.846153846,0.0,0.0,0.0,0.0
25,2016.0,0.0,Malaria,All,3336323.846153846,0.0,0.0,,15.020380413665443,0.9207421415587181,0.0,0.0,0.0,3336323.846153846,0.0,48.683,3336323.846153846,3336323.846153846,0.0,3336323.846153846,0.0,0.0,0.0,0.0
26,2016.0,0.0,Malaria,All,3336323.846153846,0.0,0.0,,15.020380413665443,0.9207421415587181,0.0,0.0,0.0,3336323.846153846,0.0,48.683,3336323.846153846,3336323.846153846,0.0,3336323.846153846,0.0,0.0,0.0,0.0
27,2016.0,0.0,Malaria,All,3336323.846153846,0.0,0.0,,15.020380413665443,0.9207421415587181,0.0,0.0,0.0,3336323.846153846,0.0,48.683,3336323.846153846,3336323.846153846,0.0,3336323.846153846,0.0,0.0,0.0,0.0
28,2016.0,0.0,Malaria,All,3336323.846153846,0.0,0.0,,15.020380413665443,0.9207421415587181,0.0,0.0,0.0,3336323.846153846,0.0,48.683,3336323.846153846,3336323.846153846,0.0,3336323.846153846,0.0,0.0,0.0,0.0
29,2016.0,0.0,Malaria,All,3336323.846153846,0.0,0.0,,15.020380413665443,0.9207421415587181,0.0,0.0,0.0,3336323.846153846,0.0,48.683,3336323.846153846,3336323.846153846,0.0,3336323.846153846,0.0,0.0,0.0,0.0
30,2016.0,0.0,Malaria,All,3336323.846153846,0.0,0.0,,15.020380413665443,0.9207421415587181,0.0,0.0,0.0,3336323.846153846,0.0,48.683,3336323.846153846,3336323.846153846,0.0,3336323.846153846,0.0,0.0,0.0,0.0
31,2016.0,0.0,Malaria,All,3336323.846153846,0.0,0.0,,15.020380413665443,0.9207421415587181,0.0,0.0,0.0,3336323.846153846,0.0,48.683,3336323.846153846,3336323.846153846,0.0,3336323.846153846,0.0,0.0,0.0,0.0
32,2016.0,0.0,Malaria,All,3336323.846153846,0.0,0.0,,15.020380413665443,0.9207421415587181,0.0,0.0,0.0,3336323.846153846,0.0,48.683,3336323.846153846,3336323.846153846,0.0,3336323.846153846,0.0,0.0,0.0,0.0
33,2016.0,0.0,Malaria,All,3336323.846153846,0.0,0.0,,15.020380413665443,0.9207421415587181,0.0,0.0,0.0,3336323.846153846,0.0,48.683,3336323.846153846,3336323.846153846,0.0,3336323.846153846,0.0,0.0,0.0,0.0
34,2016.0,0.0,Malaria,All,3336323.846153846,0.0,0.0,,15.020380413665443,0.9207421415587181,0.0,0.0,0.0,3336323.846153846,0.0,48.683,3336323.846153846,3336323.846153846,0.0,3336323.846153846,0.0,0.0,0.0,0.0
35,2016.0,0.0,Malaria,All,3336323.846153846,0.0,0.0,,15.020380413665443,0.9207421415587181,0.0,0.0,0.0,3336323.846153846,0.0,48.683,3336323.846153846,3336323.846153846,0.0,3336323.846153846,0.0,0.0,0.0,0.0
36,2016.0,0.0,Malaria,All,3336323.846153846,0.0,0.0,,15.020380413665443,0.9207421415587181,0.0,0.0,0.0,3336323.846153846,0.0,48.683,3336323.846153846,3336323.846153846,0.0,3336323.846153846,0.0,0.0,0.0,0.0
37,2016.0,0.0,Malaria,All,3336323.846153846,0.0,0.0,,15.020380413665443,0.9207421415587181,0.0,0.0,0.0,3336323.846153846,0.0,48.683,3336323.846153846,3336323.846153846,0.0,3336323.846153846,0.0,0.0,0.0,0.0
38,2016.0,0.0,Malaria,All,3336323.846153846,0.0,0.0,,15.020380413665443,0.9207421415587181,0.0,0.0,0.0,3336323.846153846,0.0,48.683,3336323.846153846,3336323.846153846,0.0,3336323.846153846,0.0,0.0,0.0,0.0
39,2016.0,0.0,Malaria,All,3336323.846153846,0.0,0.0,,15.020380413665443,0.9207421415587181,0.0,0.0,0.0,3336323.846153846,0.0,48.683,3336323.846153846,3336323.846153846,0.0,3336323.846153846,0.0,0.0,0.0,0.0
40,2016.0,0.0,Malaria,All,3336323.846153846,0.0,0.0,,15.020380413665443,0.9207421415587181,0.0,0.0,0.0,3336323.846153846,0.0,48.683,3336323.846153846,3336323.846153846,0.0,3336323.846153846,0.0,0.0,0.0,0.0
41,2016.0,0.0,Malaria,All,3336323.846153846,0.0,0.0,,15.020380413665443,0.9207421415587181,0.0,0.0,0.0,3336323.846153846,0.0,48.683,3336323.846153846,3336323.846153846,0.0,3336323.846153846,0.0,0.0,0.0,0.0
42,2016.0,0.0,Malaria,All,3336323.846153846,0.0,0.0,,15.020380413665443,0.9207421415587181,0.0,0.0,0.0,3336323.846153846,0.0,48.683,3336323.846153846,3336323.846153846,0.0,3336323.846153846,0.0,0.0,0.0,0.0
43,2016.0,0.0,Malaria,All,3336323.846153846,0.0,0.0,,15.020380413665443,0.9207421415587181,0.0,0.0,0.0,3336323.846153846,0.0,48.683,3336323.846153846,3336323.846153846,0.0,3336323.846153846,0.0,0.0,0.0,0.0
44,2016.0,0.0,Malaria,All,3336323.846153846,0.0,0.0,,15.020380413665443,0.9207421415587181,0.0,0.0,0.0,3336323.846153846,0.0,48.683,3336323.846153846,3336323.846153846,0.0,3336323.846153846,0.0,0.0,0.0,0.0
45,2016.0,0.0,Malaria,All,3336323.846153846,0.0,0.0,,15.020380413665443,0.9207421415587181,0.0,0.0,0.0,3336323.846153846,0.0,48.683,3336323.846153846,3336323.846153846,0.0,3336323.846153846,0.0,0.0,0.0,0.0
46,2016.0,0.0,Malaria,All,3336323.846153846,0.0,0.0,,15.020380413665443,0.9207421415587181,0.0,0.0,0.0,3336323.846153846,0.0,48.683,3336323.846153846,3336323.846153846,0.0,3336323.846153846,0.0,0.0,0.0,0.0
47,2016.0,0.0,Malaria,All,3336323.846153846,0.0,0.0,,15.020380413665443,0.9207421415587181,0.0,0.0,0.0,3336323.846153846,0.0,48.683,3336323.846153846,3336323.846153846,0.0,3336323.846153846,0.0,0.0,0.0,0.0
48,2016.0,0.0,Malaria,All,3336323.846153846,0.0,0.0,,15.020380413665443,0.9207421415587181,0.0,0.0,0.0,3336323.846153846,0.0,48.683,3336323.846153846,3336323.846153846,0.0,3336323.846153846,0.0,0.0,0.0,0.0
49,2016.0,0.0,Malaria,All,3336323.846153846,0.0,0.0,,15.020380413665443,0.9207421415587181,0.0,0.0,0.0,3336323.846153846,0.0,48.683,3336323.846153846,3336323.846153846,0.0,3336323.846153846,0.0,0.0,0.0,0.0
50,2016.0,0.0,Malaria,All,3336323.846153846,0.0,0.0,,15.020380413665443,0.9207421415587181,0.0,0.0,0.0,3336323.846153846,0.0,48.683,3336323.846153846,3336323.846153846,0.0,3336323.846153846,0.0,0.0,0.0,0.0
51,2016.0,0.0,Malaria,All,3336323.846153846,0.0,0.0,,15.020380413665443,0.9207421415587181,0.0,0.0,0.0,3336323.846153846,0.0,48.683,3336323.846153846,3336323.846153846,0.0,3336323.846153846,0.0,0.0,0.0,0.0
52,2016.0,0.0,Malaria,All,3336323.846153846,0.0,0.0,,15.020380413665443,0.9207421415587181,0.0,0.0,0.0,3336323.846153846,0.0,48.683,3336323.846153846,3336323.846153846,0.0,3336323.846153846,0.0,0.0,0.0,0.0
1,2017.0,0.0,Malaria,All,3128427.9615384615,0.0,0.0,,14.95604150728676,0.7681986799610975,0.0,0.0,0.0,3128427.9615384615,0.0,49.519,3336323.846153846,3336323.846153846,0.0,3284349.8749999995,103947.9423076659,0.0,-0.06231286116155941,0.0
2,2017.0,0.0,Malaria,All,3128427.9615384615,0.0,0.0,,14.95604150728676,0.7681986799610975,0.0,0.0,0.0,3128427.9615384615,0.0,49.519,3128427.9615384615,3232375.903846154,0.0,3232375.9038461535,120028.74494608594,0.0,0.0,0.0
3,2017.0,0.0,Malaria,All,3128427.9615384615,0.0,0.0,,14.95604150728676,0.7681986799610975,0.0,0.0,0.0,3128427.9615384615,0.0,49.519,3128427.9615384615,3128427.9615384615,0.0,3180401.9326923075,103947.94230766858,0.0,0.0,0.0
4,2017.0,0.0,Malaria,All,3128427.9615384615,0.0,0.0,,14.95604150728676,0.7681986799610975,0.0,0.0,0.0,3128427.9615384615,0.0,49.519,3128427.9615384615,3128427.9615384615,0.0,3128427.9615384615,0.0,0.0,0.0,0.0
5,2017.0,0.0,Malaria,All,3128427.9615384615,0.0,0.0,,14.95604150728676,0.7681986799610975,0.0,0.0,0.0,3128427.9615384615,0.0,49.519,3128427.9615384615,3128427.9615384615,0.0,3128427.9615384615,0.0,0.0,0.0,0.0
6,2017.0,0.0,Malaria,All,3128427.9615384615,0.0,0.0,,14.95604150728676,0.7681986799610975,0.0,0.0,0.0,3128427.9615384615,0.0,49.519,3128427.9615384615,3128427.9615384615,0.0,3128427.9615384615,0.0,0.0,0.0,0.0
7,2017.0,0.0,Malaria,All,3128427.9615384615,0.0,0.0,,14.95604150728676,0.7681986799610975,0.0,0.0,0.0,3128427.9615384615,0.0,49.519,3128427.9615384615,3128427.9615384615,0.0,3128427.9615384615,0.0,0.0,0.0,0.0
8,2017.0,0.0,Malaria,All,3128427.9615384615,0.0,0.0,,14.95604150728676,0.7681986799610975,0.0,0.0,0.0,3128427.9615384615,0.0,49.519,3128427.9615384615,3128427.9615384615,0.0,3128427.9615384615,0.0,0.0,0.0,0.0
9,2017.0,0.0,Malaria,All,3128427.9615384615,0.0,0.0,,14.95604150728676,0.7681986799610975,0.0,0.0,0.0,3128427.9615384615,0.0,49.519,3128427.9615384615,3128427.9615384615,0.0,3128427.9615384615,0.0,0.0,0.0,0.0
10,2017.0,0.0,Malaria,All,3128427.9615384615,0.0,0.0,,14.95604150728676,0.7681986799610975,0.0,0.0,0.0,3128427.9615384615,0.0,49.519,3128427.9615384615,3128427.9615384615,0.0,3128427.9615384615,0.0,0.0,0.0,0.0
11,2017.0,0.0,Malaria,All,3128427.9615384615,0.0,0.0,,14.95604150728676,0.7681986799610975,0.0,0.0,0.0,3128427.9615384615,0.0,49.519,3128427.9615384615,3128427.9615384615,0.0,3128427.9615384615,0.0,0.0,0.0,0.0
12,2017.0,0.0,Malaria,All,3128427.9615384615,0.0,0.0,,14.95604150728676,0.7681986799610975,0.0,0.0,0.0,3128427.9615384615,0.0,49.519,3128427.9615384615,3128427.9615384615,0.0,3128427.9615384615,0.0,0.0,0.0,0.0
13,2017.0,0.0,Malaria,All,3128427.9615384615,0.0,0.0,,14.95604150728676,0.7681986799610975,0.0,0.0,0.0,3128427.9615384615,0.0,49.519,3128427.9615384615,3128427.9615384615,0.0,3128427.9615384615,0.0,0.0,0.0,0.0
14,2017.0,0.0,Malaria,All,3128427.9615384615,0.0,0.0,,14.95604150728676,0.7681986799610975,0.0,0.0,0.0,3128427.9615384615,0.0,49.519,3128427.9615384615,3128427.9615384615,0.0,3128427.9615384615,0.0,0.0,0.0,0.0
15,2017.0,0.0,Malaria,All,3128427.9615384615,0.0,0.0,,14.95604150728676,0.7681986799610975,0.0,0.0,0.0,3128427.9615384615,0.0,49.519,3128427.9615384615,3128427.9615384615,0.0,3128427.9615384615,0.0,0.0,0.0,0.0
16,2017.0,0.0,Malaria,All,3128427.9615384615,0.0,0.0,,14.95604150728676,0.7681986799610975,0.0,0.0,0.0,3128427.9615384615,0.0,49.519,3128427.9615384615,3128427.9615384615,0.0,3128427.9615384615,0.0,0.0,0.0,0.0
17,2017.0,0.0,Malaria,All,3128427.9615384615,0.0,0.0,,14.95604150728676,0.7681986799610975,0.0,0.0,0.0,3128427.9615384615,0.0,49.519,3128427.9615384615,3128427.9615384615,0.0,3128427.9615384615,0.0,0.0,0.0,0.0
18,2017.0,0.0,Malaria,All,3128427.9615384615,0.0,0.0,,14.95604150728676,0.7681986799610975,0.0,0.0,0.0,3128427.9615384615,0.0,49.519,3128427.9615384615,3128427.9615384615,0.0,3128427.9615384615,0.0,0.0,0.0,0.0
19,2017.0,0.0,Malaria,All,3128427.9615384615,0.0,0.0,,14.95604150728676,0.7681986799610975,0.0,0.0,0.0,3128427.9615384615,0.0,49.519,3128427.9615384615,3128427.9615384615,0.0,3128427.9615384615,0.0,0.0,0.0,0.0
20,2017.0,0.0,Malaria,All,3128427.9615384615,0.0,0.0,,14.95604150728676,0.7681986799610975,0.0,0.0,0.0,3128427.9615384615,0.0,49.519,3128427.9615384615,3128427.9615384615,0.0,3128427.9615384615,0.0,0.0,0.0,0.0
21,2017.0,0.0,Malaria,All,3128427.9615384615,0.0,0.0,,14.95604150728676,0.7681986799610975,0.0,0.0,0.0,3128427.9615384615,0.0,49.519,3128427.9615384615,3128427.9615384615,0.0,3128427.9615384615,0.0,0.0,0.0,0.0
22,2017.0,0.0,Malaria,All,3128427.9615384615,0.0,0.0,,14.95604150728676,0.7681986799610975,0.0,0.0,0.0,3128427.9615384615,0.0,49.519,3128427.9615384615,3128427.9615384615,0.0,3128427.9615384615,0.0,0.0,0.0,0.0
23,2017.0,0.0,Malaria,All,3128427.9615384615,0.0,0.0,,14.95604150728676,0.7681986799610975,0.0,0.0,0.0,3128427.9615384615,0.0,49.519,3128427.9615384615,3128427.9615384615,0.0,3128427.9615384615,0.0,0.0,0.0,0.0
24,2017.0,0.0,Malaria,All,3128427.9615384615,0.0,0.0,,14.95604150728676,0.7681986799610975,0.0,0.0,0.0,3128427.9615384615,0.0,49.519,3128427.9615384615,3128427.9615384615,0.0,3128427.9615384615,0.0,0.0,0.0,0.0
25,2017.0,0.0,Malaria,All,3128427.9615384615,0.0,0.0,,14.95604150728676,0.7681986799610975,0.0,0.0,0.0,3128427.9615384615,0.0,49.519,3128427.9615384615,3128427.9615384615,0.0,3128427.9615384615,0.0,0.0,0.0,0.0
26,2017.0,0.0,Malaria,All,3128427.9615384615,0.0,0.0,,14.95604150728676,0.7681986799610975,0.0,0.0,0.0,3128427.9615384615,0.0,49.519,3128427.9615384615,3128427.9615384615,0.0,3128427.9615384615,0.0,0.0,0.0,0.0
27,2017.0,0.0,Malaria,All,3128427.9615384615,0.0,0.0,,14.95604150728676,0.7681986799610975,0.0,0.0,0.0,3128427.9615384615,0.0,49.519,3128427.9615384615,3128427.9615384615,0.0,3128427.9615384615,0.0,0.0,0.0,0.0
28,2017.0,0.0,Malaria,All,3128427.9615384615,0.0,0.0,,14.95604150728676,0.7681986799610975,0.0,0.0,0.0,3128427.9615384615,0.0,49.519,3128427.9615384615,3128427.9615384615,0.0,3128427.9615384615,0.0,0.0,0.0,0.0
29,2017.0,0.0,Malaria,All,3128427.9615384615,0.0,0.0,,14.95604150728676,0.7681986799610975,0.0,0.0,0.0,3128427.9615384615,0.0,49.519,3128427.9615384615,3128427.9615384615,0.0,3128427.9615384615,0.0,0.0,0.0,0.0
30,2017.0,0.0,Malaria,All,3128427.9615384615,0.0,0.0,,14.95604150728676,0.7681986799610975,0.0,0.0,0.0,3128427.9615384615,0.0,49.519,3128427.9615384615,3128427.9615384615,0.0,3128427.9615384615,0.0,0.0,0.0,0.0
31,2017.0,0.0,Malaria,All,3128427.9615384615,0.0,0.0,,14.95604150728676,0.7681986799610975,0.0,0.0,0.0,3128427.9615384615,0.0,49.519,3128427.9615384615,3128427.9615384615,0.0,3128427.9615384615,0.0,0.0,0.0,0.0
32,2017.0,0.0,Malaria,All,3128427.9615384615,0.0,0.0,,14.95604150728676,0.7681986799610975,0.0,0.0,0.0,3128427.9615384615,0.0,49.519,3128427.9615384615,3128427.9615384615,0.0,3128427.9615384615,0.0,0.0,0.0,0.0
33,2017.0,0.0,Malaria,All,3128427.9615384615,0.0,0.0,,14.95604150728676,0.7681986799610975,0.0,0.0,0.0,3128427.9615384615,0.0,49.519,3128427.9615384615,3128427.9615384615,0.0,3128427.9615384615,0.0,0.0,0.0,0.0
34,2017.0,0.0,Malaria,All,3128427.9615384615,0.0,0.0,,14.95604150728676,0.7681986799610975,0.0,0.0,0.0,3128427.9615384615,0.0,49.519,3128427.9615384615,3128427.9615384615,0.0,3128427.9615384615,0.0,0.0,0.0,0.0
35,2017.0,0.0,Malaria,All,3128427.9615384615,0.0,0.0,,14.95604150728676,0.7681986799610975,0.0,0.0,0.0,3128427.9615384615,0.0,49.519,3128427.9615384615,3128427.9615384615,0.0,3128427.9615384615,0.0,0.0,0.0,0.0
36,2017.0,0.0,Malaria,All,3128427.9615384615,0.0,0.0,,14.95604150728676,0.7681986799610975,0.0,0.0,0.0,3128427.9615384615,0.0,49.519,3128427.9615384615,3128427.9615384615,0.0,3128427.9615384615,0.0,0.0,0.0,0.0
37,2017.0,0.0,Malaria,All,3128427.9615384615,0.0,0.0,,14.95604150728676,0.7681986799610975,0.0,0.0,0.0,3128427.9615384615,0.0,49.519,3128427.9615384615,3128427.9615384615,0.0,3128427.9615384615,0.0,0.0,0.0,0.0
38,2017.0,0.0,Malaria,All,3128427.9615384615,0.0,0.0,,14.95604150728676,0.7681986799610975,0.0,0.0,0.0,3128427.9615384615,0.0,49.519,3128427.9615384615,3128427.9615384615,0.0,3128427.9615384615,0.0,0.0,0.0,0.0
39,2017.0,0.0,Malaria,All,3128427.9615384615,0.0,0.0,,14.95604150728676,0.7681986799610975,0.0,0.0,0.0,3128427.9615384615,0.0,49.519,3128427.9615384615,3128427.9615384615,0.0,3128427.9615384615,0.0,0.0,0.0,0.0
40,2017.0,0.0,Malaria,All,3128427.9615384615,0.0,0.0,,14.95604150728676,0.7681986799610975,0.0,0.0,0.0,3128427.9615384615,0.0,49.519,3128427.9615384615,3128427.9615384615,0.0,3128427.9615384615,0.0,0.0,0.0,0.0
41,2017.0,0.0,Malaria,All,3128427.9615384615,0.0,0.0,,14.95604150728676,0.7681986799610975,0.0,0.0,0.0,3128427.9615384615,0.0,49.519,3128427.9615384615,3128427.9615384615,0.0,3128427.9615384615,0.0,0.0,0.0,0.0
42,2017.0,0.0,Malaria,All,3128427.9615384615,0.0,0.0,,14.95604150728676,0.7681986799610975,0.0,0.0,0.0,3128427.9615384615,0.0,49.519,3128427.9615384615,3128427.9615384615,0.0,3128427.9615384615,0.0,0.0,0.0,0.0
43,2017.0,0.0,Malaria,All,3128427.9615384615,0.0,0.0,,14.95604150728676,0.7681986799610975,0.0,0.0,0.0,3128427.9615384615,0.0,49.519,3128427.9615384615,3128427.9615384615,0.0,3128427.9615384615,0.0,0.0,0.0,0.0
44,2017.0,0.0,Malaria,All,3128427.9615384615,0.0,0.0,,14.95604150728676,0.7681986799610975,0.0,0.0,0.0,3128427.9615384615,0.0,49.519,3128427.9615384615,3128427.9615384615,0.0,3128427.9615384615,0.0,0.0,0.0,0.0
45,2017.0,0.0,Malaria,All,3128427.9615384615,0.0,0.0,,14.95604150728676,0.7681986799610975,0.0,0.0,0.0,3128427.9615384615,0.0,49.519,3128427.9615384615,3128427.9615384615,0.0,3128427.9615384615,0.0,0.0,0.0,0.0
46,2017.0,0.0,Malaria,All,3128427.9615384615,0.0,0.0,,14.95604150728676,0.7681986799610975,0.0,0.0,0.0,3128427.9615384615,0.0,49.519,3128427.9615384615,3128427.9615384615,0.0,3128427.9615384615,0.0,0.0,0.0,0.0
47,2017.0,0.0,Malaria,All,3128427.9615384615,0.0,0.0,,14.95604150728676,0.7681986799610975,0.0,0.0,0.0,3128427.9615384615,0.0,49.519,3128427.9615384615,3128427.9615384615,0.0,3128427.9615384615,0.0,0.0,0.0,0.0
48,2017.0,0.0,Malaria,All,3128427.9615384615,0.0,0.0,,14.95604150728676,0.7681986799610975,0.0,0.0,0.0,3128427.9615384615,0.0,49.519,3128427.9615384615,3128427.9615384615,0.0,3128427.9615384615,0.0,0.0,0.0,0.0
49,2017.0,0.0,Malaria,All,3128427.9615384615,0.0,0.0,,14.95604150728676,0.7681986799610975,0.0,0.0,0.0,3128427.9615384615,0.0,49.519,3128427.9615384615,3128427.9615384615,0.0,3128427.9615384615,0.0,0.0,0.0,0.0
50,2017.0,0.0,Malaria,All,3128427.9615384615,0.0,0.0,,14.95604150728676,0.7681986799610975,0.0,0.0,0.0,3128427.9615384615,0.0,49.519,3128427.9615384615,3128427.9615384615,0.0,3128427.9615384615,0.0,0.0,0.0,0.0
51,2017.0,0.0,Malaria,All,3128427.9615384615,0.0,0.0,,14.95604150728676,0.7681986799610975,0.0,0.0,0.0,3128427.9615384615,0.0,49.519,3128427.9615384615,3128427.9615384615,0.0,3128427.9615384615,0.0,0.0,0.0,0.0
52,2017.0,0.0,Malaria,All,3128427.9615384615,0.0,0.0,,14.95604150728676,0.7681986799610975,0.0,0.0,0.0,3128427.9615384615,0.0,49.519,3128427.9615384615,3128427.9615384615,0.0,3128427.9615384615,0.0,0.0,0.0,0.0
1,2018.0,0.0,Malaria,All,3262356.5192307695,0.0,0.0,,14.997960657392994,0.8664686665698149,0.0,0.0,0.0,3262356.5192307695,204938755.0,50.344,3128427.9615384615,3128427.9615384615,0.0,3161910.1009615385,66964.27884611789,0.0,0.04281017793564477,1591.869004586648
2,2018.0,0.0,Malaria,All,3262356.5192307695,0.0,0.0,,14.997960657392994,0.8664686665698149,0.0,0.0,0.0,3262356.5192307695,204938755.0,50.344,3262356.5192307695,3195392.2403846155,0.0,3195392.2403846155,77323.68883579972,0.0,0.0,1591.869004586648
3,2018.0,0.0,Malaria,All,3262356.5192307695,0.0,0.0,,14.997960657392994,0.8664686665698149,0.0,0.0,0.0,3262356.5192307695,204938755.0,50.344,3262356.5192307695,3262356.5192307695,0.0,3228874.3798076925,66964.27884611482,0.0,0.0,1591.869004586648
4,2018.0,0.0,Malaria,All,3262356.5192307695,0.0,0.0,,14.997960657392994,0.8664686665698149,0.0,0.0,0.0,3262356.5192307695,204938755.0,50.344,3262356.5192307695,3262356.5192307695,0.0,3262356.5192307695,0.0,0.0,0.0,1591.869004586648
5,2018.0,0.0,Malaria,All,3262356.5192307695,0.0,0.0,,14.997960657392994,0.8664686665698149,0.0,0.0,0.0,3262356.5192307695,204938755.0,50.344,3262356.5192307695,3262356.5192307695,0.0,3262356.5192307695,0.0,0.0,0.0,1591.869004586648
6,2018.0,0.0,Malaria,All,3262356.5192307695,0.0,0.0,,14.997960657392994,0.8664686665698149,0.0,0.0,0.0,3262356.5192307695,204938755.0,50.344,3262356.5192307695,3262356.5192307695,0.0,3262356.5192307695,0.0,0.0,0.0,1591.869004586648
7,2018.0,0.0,Malaria,All,3262356.5192307695,0.0,0.0,,14.997960657392994,0.8664686665698149,0.0,0.0,0.0,3262356.5192307695,204938755.0,50.344,3262356.5192307695,3262356.5192307695,0.0,3262356.5192307695,0.0,0.0,0.0,1591.869004586648
8,2018.0,0.0,Malaria,All,3262356.5192307695,0.0,0.0,,14.997960657392994,0.8664686665698149,0.0,0.0,0.0,3262356.5192307695,204938755.0,50.344,3262356.5192307695,3262356.5192307695,0.0,3262356.5192307695,0.0,0.0,0.0,1591.869004586648
9,2018.0,0.0,Malaria,All,3262356.5192307695,0.0,0.0,,14.997960657392994,0.8664686665698149,0.0,0.0,0.0,3262356.5192307695,204938755.0,50.344,3262356.5192307695,3262356.5192307695,0.0,3262356.5192307695,0.0,0.0,0.0,1591.869004586648
10,2018.0,0.0,Malaria,All,3262356.5192307695,0.0,0.0,,14.997960657392994,0.8664686665698149,0.0,0.0,0.0,3262356.5192307695,204938755.0,50.344,3262356.5192307695,3262356.5192307695,0.0,3262356.5192307695,0.0,0.0,0.0,1591.869004586648
11,2018.0,0.0,Malaria,All,3262356.5192307695,0.0,0.0,,14.997960657392994,0.8664686665698149,0.0,0.0,0.0,3262356.5192307695,204938755.0,50.344,3262356.5192307695,3262356.5192307695,0.0,3262356.5192307695,0.0,0.0,0.0,1591.869004586648
12,2018.0,0.0,Malaria,All,3262356.5192307695,0.0,0.0,,14.997960657392994,0.8664686665698149,0.0,0.0,0.0,3262356.5192307695,204938755.0,50.344,3262356.5192307695,3262356.5192307695,0.0,3262356.5192307695,0.0,0.0,0.0,1591.869004586648
13,2018.0,0.0,Malaria,All,3262356.5192307695,0.0,0.0,,14.997960657392994,0.8664686665698149,0.0,0.0,0.0,3262356.5192307695,204938755.0,50.344,3262356.5192307695,3262356.5192307695,0.0,3262356.5192307695,0.0,0.0,0.0,1591.869004586648
14,2018.0,0.0,Malaria,All,3262356.5192307695,0.0,0.0,,14.997960657392994,0.8664686665698149,0.0,0.0,0.0,3262356.5192307695,204938755.0,50.344,3262356.5192307695,3262356.5192307695,0.0,3262356.5192307695,0.0,0.0,0.0,1591.869004586648
15,2018.0,0.0,Malaria,All,3262356.5192307695,0.0,0.0,,14.997960657392994,0.8664686665698149,0.0,0.0,0.0,3262356.5192307695,204938755.0,50.344,3262356.5192307695,3262356.5192307695,0.0,3262356.5192307695,0.0,0.0,0.0,1591.869004586648
16,2018.0,0.0,Malaria,All,3262356.5192307695,0.0,0.0,,14.997960657392994,0.8664686665698149,0.0,0.0,0.0,3262356.5192307695,204938755.0,50.344,3262356.5192307695,3262356.5192307695,0.0,3262356.5192307695,0.0,0.0,0.0,1591.869004586648
17,2018.0,0.0,Malaria,All,3262356.5192307695,0.0,0.0,,14.997960657392994,0.8664686665698149,0.0,0.0,0.0,3262356.5192307695,204938755.0,50.344,3262356.5192307695,3262356.5192307695,0.0,3262356.5192307695,0.0,0.0,0.0,1591.869004586648
18,2018.0,0.0,Malaria,All,3262356.5192307695,0.0,0.0,,14.997960657392994,0.8664686665698149,0.0,0.0,0.0,3262356.5192307695,204938755.0,50.344,3262356.5192307695,3262356.5192307695,0.0,3262356.5192307695,0.0,0.0,0.0,1591.869004586648
19,2018.0,0.0,Malaria,All,3262356.5192307695,0.0,0.0,,14.997960657392994,0.8664686665698149,0.0,0.0,0.0,3262356.5192307695,204938755.0,50.344,3262356.5192307695,3262356.5192307695,0.0,3262356.5192307695,0.0,0.0,0.0,1591.869004586648
20,2018.0,0.0,Malaria,All,3262356.5192307695,0.0,0.0,,14.997960657392994,0.8664686665698149,0.0,0.0,0.0,3262356.5192307695,204938755.0,50.344,3262356.5192307695,3262356.5192307695,0.0,3262356.5192307695,0.0,0.0,0.0,1591.869004586648
21,2018.0,0.0,Malaria,All,3262356.5192307695,0.0,0.0,,14.997960657392994,0.8664686665698149,0.0,0.0,0.0,3262356.5192307695,204938755.0,50.344,3262356.5192307695,3262356.5192307695,0.0,3262356.5192307695,0.0,0.0,0.0,1591.869004586648
22,2018.0,0.0,Malaria,All,3262356.5192307695,0.0,0.0,,14.997960657392994,0.8664686665698149,0.0,0.0,0.0,3262356.5192307695,204938755.0,50.344,3262356.5192307695,3262356.5192307695,0.0,3262356.5192307695,0.0,0.0,0.0,1591.869004586648
23,2018.0,0.0,Malaria,All,3262356.5192307695,0.0,0.0,,14.997960657392994,0.8664686665698149,0.0,0.0,0.0,3262356.5192307695,204938755.0,50.344,3262356.5192307695,3262356.5192307695,0.0,3262356.5192307695,0.0,0.0,0.0,1591.869004586648
24,2018.0,0.0,Malaria,All,3262356.5192307695,0.0,0.0,,14.997960657392994,0.8664686665698149,0.0,0.0,0.0,3262356.5192307695,204938755.0,50.344,3262356.5192307695,3262356.5192307695,0.0,3262356.5192307695,0.0,0.0,0.0,1591.869004586648
25,2018.0,0.0,Malaria,All,3262356.5192307695,0.0,0.0,,14.997960657392994,0.8664686665698149,0.0,0.0,0.0,3262356.5192307695,204938755.0,50.344,3262356.5192307695,3262356.5192307695,0.0,3262356.5192307695,0.0,0.0,0.0,1591.869004586648
26,2018.0,0.0,Malaria,All,3262356.5192307695,0.0,0.0,,14.997960657392994,0.8664686665698149,0.0,0.0,0.0,3262356.5192307695,204938755.0,50.344,3262356.5192307695,3262356.5192307695,0.0,3262356.5192307695,0.0,0.0,0.0,1591.869004586648
27,2018.0,0.0,Malaria,All,3262356.5192307695,0.0,0.0,,14.997960657392994,0.8664686665698149,0.0,0.0,0.0,3262356.5192307695,204938755.0,50.344,3262356.5192307695,3262356.5192307695,0.0,3262356.5192307695,0.0,0.0,0.0,1591.869004586648
28,2018.0,0.0,Malaria,All,3262356.5192307695,0.0,0.0,,14.997960657392994,0.8664686665698149,0.0,0.0,0.0,3262356.5192307695,204938755.0,50.344,3262356.5192307695,3262356.5192307695,0.0,3262356.5192307695,0.0,0.0,0.0,1591.869004586648
29,2018.0,0.0,Malaria,All,3262356.5192307695,0.0,0.0,,14.997960657392994,0.8664686665698149,0.0,0.0,0.0,3262356.5192307695,204938755.0,50.344,3262356.5192307695,3262356.5192307695,0.0,3262356.5192307695,0.0,0.0,0.0,1591.869004586648
30,2018.0,0.0,Malaria,All,3262356.5192307695,0.0,0.0,,14.997960657392994,0.8664686665698149,0.0,0.0,0.0,3262356.5192307695,204938755.0,50.344,3262356.5192307695,3262356.5192307695,0.0,3262356.5192307695,0.0,0.0,0.0,1591.869004586648
31,2018.0,0.0,Malaria,All,3262356.5192307695,0.0,0.0,,14.997960657392994,0.8664686665698149,0.0,0.0,0.0,3262356.5192307695,204938755.0,50.344,3262356.5192307695,3262356.5192307695,0.0,3262356.5192307695,0.0,0.0,0.0,1591.869004586648
32,2018.0,0.0,Malaria,All,3262356.5192307695,0.0,0.0,,14.997960657392994,0.8664686665698149,0.0,0.0,0.0,3262356.5192307695,204938755.0,50.344,3262356.5192307695,3262356.5192307695,0.0,3262356.5192307695,0.0,0.0,0.0,1591.869004586648
33,2018.0,0.0,Malaria,All,3262356.5192307695,0.0,0.0,,14.997960657392994,0.8664686665698149,0.0,0.0,0.0,3262356.5192307695,204938755.0,50.344,3262356.5192307695,3262356.5192307695,0.0,3262356.5192307695,0.0,0.0,0.0,1591.869004586648
34,2018.0,0.0,Malaria,All,3262356.5192307695,0.0,0.0,,14.997960657392994,0.8664686665698149,0.0,0.0,0.0,3262356.5192307695,204938755.0,50.344,3262356.5192307695,3262356.5192307695,0.0,3262356.5192307695,0.0,0.0,0.0,1591.869004586648
35,2018.0,0.0,Malaria,All,3262356.5192307695,0.0,0.0,,14.997960657392994,0.8664686665698149,0.0,0.0,0.0,3262356.5192307695,204938755.0,50.344,3262356.5192307695,3262356.5192307695,0.0,3262356.5192307695,0.0,0.0,0.0,1591.869004586648
36,2018.0,0.0,Malaria,All,3262356.5192307695,0.0,0.0,,14.997960657392994,0.8664686665698149,0.0,0.0,0.0,3262356.5192307695,204938755.0,50.344,3262356.5192307695,3262356.5192307695,0.0,3262356.5192307695,0.0,0.0,0.0,1591.869004586648
37,2018.0,0.0,Malaria,All,3262356.5192307695,0.0,0.0,,14.997960657392994,0.8664686665698149,0.0,0.0,0.0,3262356.5192307695,204938755.0,50.344,3262356.5192307695,3262356.5192307695,0.0,3262356.5192307695,0.0,0.0,0.0,1591.869004586648
38,2018.0,0.0,Malaria,All,3262356.5192307695,0.0,0.0,,14.997960657392994,0.8664686665698149,0.0,0.0,0.0,3262356.5192307695,204938755.0,50.344,3262356.5192307695,3262356.5192307695,0.0,3262356.5192307695,0.0,0.0,0.0,1591.869004586648
39,2018.0,0.0,Malaria,All,3262356.5192307695,0.0,0.0,,14.997960657392994,0.8664686665698149,0.0,0.0,0.0,3262356.5192307695,204938755.0,50.344,3262356.5192307695,3262356.5192307695,0.0,3262356.5192307695,0.0,0.0,0.0,1591.869004586648
40,2018.0,0.0,Malaria,All,3262356.5192307695,0.0,0.0,,14.997960657392994,0.8664686665698149,0.0,0.0,0.0,3262356.5192307695,204938755.0,50.344,3262356.5192307695,3262356.5192307695,0.0,3262356.5192307695,0.0,0.0,0.0,1591.869004586648
41,2018.0,0.0,Malaria,All,3262356.5192307695,0.0,0.0,,14.997960657392994,0.8664686665698149,0.0,0.0,0.0,3262356.5192307695,204938755.0,50.344,3262356.5192307695,3262356.5192307695,0.0,3262356.5192307695,0.0,0.0,0.0,1591.869004586648
42,2018.0,0.0,Malaria,All,3262356.5192307695,0.0,0.0,,14.997960657392994,0.8664686665698149,0.0,0.0,0.0,3262356.5192307695,204938755.0,50.344,3262356.5192307695,3262356.5192307695,0.0,3262356.5192307695,0.0,0.0,0.0,1591.869004586648
43,2018.0,0.0,Malaria,All,3262356.5192307695,0.0,0.0,,14.997960657392994,0.8664686665698149,0.0,0.0,0.0,3262356.5192307695,204938755.0,50.344,3262356.5192307695,3262356.5192307695,0.0,3262356.5192307695,0.0,0.0,0.0,1591.869004586648
44,2018.0,0.0,Malaria,All,3262356.5192307695,0.0,0.0,,14.997960657392994,0.8664686665698149,0.0,0.0,0.0,3262356.5192307695,204938755.0,50.344,3262356.5192307695,3262356.5192307695,0.0,3262356.5192307695,0.0,0.0,0.0,1591.869004586648
45,2018.0,0.0,Malaria,All,3262356.5192307695,0.0,0.0,,14.997960657392994,0.8664686665698149,0.0,0.0,0.0,3262356.5192307695,204938755.0,50.344,3262356.5192307695,3262356.5192307695,0.0,3262356.5192307695,0.0,0.0,0.0,1591.869004586648
46,2018.0,0.0,Malaria,All,3262356.5192307695,0.0,0.0,,14.997960657392994,0.8664686665698149,0.0,0.0,0.0,3262356.5192307695,204938755.0,50.344,3262356.5192307695,3262356.5192307695,0.0,3262356.5192307695,0.0,0.0,0.0,1591.869004586648
47,2018.0,0.0,Malaria,All,3262356.5192307695,0.0,0.0,,14.997960657392994,0.8664686665698149,0.0,0.0,0.0,3262356.5192307695,204938755.0,50.344,3262356.5192307695,3262356.5192307695,0.0,3262356.5192307695,0.0,0.0,0.0,1591.869004586648
48,2018.0,0.0,Malaria,All,3262356.5192307695,0.0,0.0,,14.997960657392994,0.8664686665698149,0.0,0.0,0.0,3262356.5192307695,204938755.0,50.344,3262356.5192307695,3262356.5192307695,0.0,3262356.5192307695,0.0,0.0,0.0,1591.869004586648
49,2018.0,0.0,Malaria,All,3262356.5192307695,0.0,0.0,,14.997960657392994,0.8664686665698149,0.0,0.0,0.0,3262356.5192307695,204938755.0,50.344,3262356.5192307695,3262356.5192307695,0.0,3262356.5192307695,0.0,0.0,0.0,1591.869004586648
50,2018.0,0.0,Malaria,All,3262356.5192307695,0.0,0.0,,14.997960657392994,0.8664686665698149,0.0,0.0,0.0,3262356.5192307695,204938755.0,50.344,3262356.5192307695,3262356.5192307695,0.0,3262356.5192307695,0.0,0.0,0.0,1591.869004586648
51,2018.0,0.0,Malaria,All,3262356.5192307695,0.0,0.0,,14.997960657392994,0.8664686665698149,0.0,0.0,0.0,3262356.5192307695,204938755.0,50.344,3262356.5192307695,3262356.5192307695,0.0,3262356.5192307695,0.0,0.0,0.0,1591.869004586648
52,2018.0,0.0,Malaria,All,3262356.5192307695,0.0,0.0,,14.997960657392994,0.8664686665698149,0.0,0.0,0.0,3262356.5192307695,204938755.0,50.344,3262356.5192307695,3262356.5192307695,0.0,3262356.5192307695,0.0,0.0,0.0,1591.869004586648
1,2019.0,0.0,Malaria,All,3789285.7500000005,0.0,0.0,,15.14768836673602,1.2531026253286204,0.0,0.0,0.0,3789285.7500000005,209485641.0,51.157,3262356.5192307695,3262356.5192307695,0.0,3394088.8269230775,263464.61538460344,0.0,0.1615179786951904,1808.8522592343218
2,2019.0,0.0,Malaria,All,3789285.7500000005,0.0,0.0,,15.14768836673602,1.2531026253286204,0.0,0.0,0.0,3789285.7500000005,209485641.0,51.157,3789285.7500000005,3525821.134615385,0.0,3525821.134615385,304222.7332284861,0.0,0.0,1808.8522592343218
3,2019.0,0.0,Malaria,All,3789285.7500000005,0.0,0.0,,15.14768836673602,1.2531026253286204,0.0,0.0,0.0,3789285.7500000005,209485641.0,51.157,3789285.7500000005,3789285.7500000005,0.0,3657553.4423076925,263464.6153846002,0.0,0.0,1808.8522592343218
4,2019.0,0.0,Malaria,All,3789285.7500000005,0.0,0.0,,15.14768836673602,1.2531026253286204,0.0,0.0,0.0,3789285.7500000005,209485641.0,51.157,3789285.7500000005,3789285.7500000005,0.0,3789285.7500000005,0.0,0.0,0.0,1808.8522592343218
5,2019.0,0.0,Malaria,All,3789285.7500000005,0.0,0.0,,15.14768836673602,1.2531026253286204,0.0,0.0,0.0,3789285.7500000005,209485641.0,51.157,3789285.7500000005,3789285.7500000005,0.0,3789285.7500000005,0.0,0.0,0.0,1808.8522592343218
6,2019.0,0.0,Malaria,All,3789285.7500000005,0.0,0.0,,15.14768836673602,1.2531026253286204,0.0,0.0,0.0,3789285.7500000005,209485641.0,51.157,3789285.7500000005,3789285.7500000005,0.0,3789285.7500000005,0.0,0.0,0.0,1808.8522592343218
7,2019.0,0.0,Malaria,All,3789285.7500000005,0.0,0.0,,15.14768836673602,1.2531026253286204,0.0,0.0,0.0,3789285.7500000005,209485641.0,51.157,3789285.7500000005,3789285.7500000005,0.0,3789285.7500000005,0.0,0.0,0.0,1808.8522592343218
8,2019.0,0.0,Malaria,All,3789285.7500000005,0.0,0.0,,15.14768836673602,1.2531026253286204,0.0,0.0,0.0,3789285.7500000005,209485641.0,51.157,3789285.7500000005,3789285.7500000005,0.0,3789285.7500000005,0.0,0.0,0.0,1808.8522592343218
9,2019.0,0.0,Malaria,All,3789285.7500000005,0.0,0.0,,15.14768836673602,1.2531026253286204,0.0,0.0,0.0,3789285.7500000005,209485641.0,51.157,3789285.7500000005,3789285.7500000005,0.0,3789285.7500000005,0.0,0.0,0.0,1808.8522592343218
10,2019.0,0.0,Malaria,All,3789285.7500000005,0.0,0.0,,15.14768836673602,1.2531026253286204,0.0,0.0,0.0,3789285.7500000005,209485641.0,51.157,3789285.7500000005,3789285.7500000005,0.0,3789285.7500000005,0.0,0.0,0.0,1808.8522592343218
11,2019.0,0.0,Malaria,All,3789285.7500000005,0.0,0.0,,15.14768836673602,1.2531026253286204,0.0,0.0,0.0,3789285.7500000005,209485641.0,51.157,3789285.7500000005,3789285.7500000005,0.0,3789285.7500000005,0.0,0.0,0.0,1808.8522592343218
12,2019.0,0.0,Malaria,All,3789285.7500000005,0.0,0.0,,15.14768836673602,1.2531026253286204,0.0,0.0,0.0,3789285.7500000005,209485641.0,51.157,3789285.7500000005,3789285.7500000005,0.0,3789285.7500000005,0.0,0.0,0.0,1808.8522592343218
13,2019.0,0.0,Malaria,All,3789285.7500000005,0.0,0.0,,15.14768836673602,1.2531026253286204,0.0,0.0,0.0,3789285.7500000005,209485641.0,51.157,3789285.7500000005,3789285.7500000005,0.0,3789285.7500000005,0.0,0.0,0.0,1808.8522592343218
14,2019.0,0.0,Malaria,All,3789285.7500000005,0.0,0.0,,15.14768836673602,1.2531026253286204,0.0,0.0,0.0,3789285.7500000005,209485641.0,51.157,3789285.7500000005,3789285.7500000005,0.0,3789285.7500000005,0.0,0.0,0.0,1808.8522592343218
15,2019.0,0.0,Malaria,All,3789285.7500000005,0.0,0.0,,15.14768836673602,1.2531026253286204,0.0,0.0,0.0,3789285.7500000005,209485641.0,51.157,3789285.7500000005,3789285.7500000005,0.0,3789285.7500000005,0.0,0.0,0.0,1808.8522592343218
16,2019.0,0.0,Malaria,All,3789285.7500000005,0.0,0.0,,15.14768836673602,1.2531026253286204,0.0,0.0,0.0,3789285.7500000005,209485641.0,51.157,3789285.7500000005,3789285.7500000005,0.0,3789285.7500000005,0.0,0.0,0.0,1808.8522592343218
17,2019.0,0.0,Malaria,All,3789285.7500000005,0.0,0.0,,15.14768836673602,1.2531026253286204,0.0,0.0,0.0,3789285.7500000005,209485641.0,51.157,3789285.7500000005,3789285.7500000005,0.0,3789285.7500000005,0.0,0.0,0.0,1808.8522592343218
18,2019.0,0.0,Malaria,All,3789285.7500000005,0.0,0.0,,15.14768836673602,1.2531026253286204,0.0,0.0,0.0,3789285.7500000005,209485641.0,51.157,3789285.7500000005,3789285.7500000005,0.0,3789285.7500000005,0.0,0.0,0.0,1808.8522592343218
19,2019.0,0.0,Malaria,All,3789285.7500000005,0.0,0.0,,15.14768836673602,1.2531026253286204,0.0,0.0,0.0,3789285.7500000005,209485641.0,51.157,3789285.7500000005,3789285.7500000005,0.0,3789285.7500000005,0.0,0.0,0.0,1808.8522592343218
20,2019.0,0.0,Malaria,All,3789285.7500000005,0.0,0.0,,15.14768836673602,1.2531026253286204,0.0,0.0,0.0,3789285.7500000005,209485641.0,51.157,3789285.7500000005,3789285.7500000005,0.0,3789285.7500000005,0.0,0.0,0.0,1808.8522592343218
21,2019.0,0.0,Malaria,All,3789285.7500000005,0.0,0.0,,15.14768836673602,1.2531026253286204,0.0,0.0,0.0,3789285.7500000005,209485641.0,51.157,3789285.7500000005,3789285.7500000005,0.0,3789285.7500000005,0.0,0.0,0.0,1808.8522592343218
22,2019.0,0.0,Malaria,All,3789285.7500000005,0.0,0.0,,15.14768836673602,1.2531026253286204,0.0,0.0,0.0,3789285.7500000005,209485641.0,51.157,3789285.7500000005,3789285.7500000005,0.0,3789285.7500000005,0.0,0.0,0.0,1808.8522592343218
23,2019.0,0.0,Malaria,All,3789285.7500000005,0.0,0.0,,15.14768836673602,1.2531026253286204,0.0,0.0,0.0,3789285.7500000005,209485641.0,51.157,3789285.7500000005,3789285.7500000005,0.0,3789285.7500000005,0.0,0.0,0.0,1808.8522592343218
24,2019.0,0.0,Malaria,All,3789285.7500000005,0.0,0.0,,15.14768836673602,1.2531026253286204,0.0,0.0,0.0,3789285.7500000005,209485641.0,51.157,3789285.7500000005,3789285.7500000005,0.0,3789285.7500000005,0.0,0.0,0.0,1808.8522592343218
25,2019.0,0.0,Malaria,All,3789285.7500000005,0.0,0.0,,15.14768836673602,1.2531026253286204,0.0,0.0,0.0,3789285.7500000005,209485641.0,51.157,3789285.7500000005,3789285.7500000005,0.0,3789285.7500000005,0.0,0.0,0.0,1808.8522592343218
26,2019.0,0.0,Malaria,All,3789285.7500000005,0.0,0.0,,15.14768836673602,1.2531026253286204,0.0,0.0,0.0,3789285.7500000005,209485641.0,51.157,3789285.7500000005,3789285.7500000005,0.0,3789285.7500000005,0.0,0.0,0.0,1808.8522592343218
27,2019.0,0.0,Malaria,All,3789285.7500000005,0.0,0.0,,15.14768836673602,1.2531026253286204,0.0,0.0,0.0,3789285.7500000005,209485641.0,51.157,3789285.7500000005,3789285.7500000005,0.0,3789285.7500000005,0.0,0.0,0.0,1808.8522592343218
28,2019.0,0.0,Malaria,All,3789285.7500000005,0.0,0.0,,15.14768836673602,1.2531026253286204,0.0,0.0,0.0,3789285.7500000005,209485641.0,51.157,3789285.7500000005,3789285.7500000005,0.0,3789285.7500000005,0.0,0.0,0.0,1808.8522592343218
29,2019.0,0.0,Malaria,All,3789285.7500000005,0.0,0.0,,15.14768836673602,1.2531026253286204,0.0,0.0,0.0,3789285.7500000005,209485641.0,51.157,3789285.7500000005,3789285.7500000005,0.0,3789285.7500000005,0.0,0.0,0.0,1808.8522592343218
30,2019.0,0.0,Malaria,All,3789285.7500000005,0.0,0.0,,15.14768836673602,1.2531026253286204,0.0,0.0,0.0,3789285.7500000005,209485641.0,51.157,3789285.7500000005,3789285.7500000005,0.0,3789285.7500000005,0.0,0.0,0.0,1808.8522592343218
31,2019.0,0.0,Malaria,All,3789285.7500000005,0.0,0.0,,15.14768836673602,1.2531026253286204,0.0,0.0,0.0,3789285.7500000005,209485641.0,51.157,3789285.7500000005,3789285.7500000005,0.0,3789285.7500000005,0.0,0.0,0.0,1808.8522592343218
32,2019.0,0.0,Malaria,All,3789285.7500000005,0.0,0.0,,15.14768836673602,1.2531026253286204,0.0,0.0,0.0,3789285.7500000005,209485641.0,51.157,3789285.7500000005,3789285.7500000005,0.0,3789285.7500000005,0.0,0.0,0.0,1808.8522592343218
33,2019.0,0.0,Malaria,All,3789285.7500000005,0.0,0.0,,15.14768836673602,1.2531026253286204,0.0,0.0,0.0,3789285.7500000005,209485641.0,51.157,3789285.7500000005,3789285.7500000005,0.0,3789285.7500000005,0.0,0.0,0.0,1808.8522592343218
34,2019.0,0.0,Malaria,All,3789285.7500000005,0.0,0.0,,15.14768836673602,1.2531026253286204,0.0,0.0,0.0,3789285.7500000005,209485641.0,51.157,3789285.7500000005,3789285.7500000005,0.0,3789285.7500000005,0.0,0.0,0.0,1808.8522592343218
35,2019.0,0.0,Malaria,All,3789285.7500000005,0.0,0.0,,15.14768836673602,1.2531026253286204,0.0,0.0,0.0,3789285.7500000005,209485641.0,51.157,3789285.7500000005,3789285.7500000005,0.0,3789285.7500000005,0.0,0.0,0.0,1808.8522592343218
36,2019.0,0.0,Malaria,All,3789285.7500000005,0.0,0.0,,15.14768836673602,1.2531026253286204,0.0,0.0,0.0,3789285.7500000005,209485641.0,51.157,3789285.7500000005,3789285.7500000005,0.0,3789285.7500000005,0.0,0.0,0.0,1808.8522592343218
37,2019.0,0.0,Malaria,All,3789285.7500000005,0.0,0.0,,15.14768836673602,1.2531026253286204,0.0,0.0,0.0,3789285.7500000005,209485641.0,51.157,3789285.7500000005,3789285.7500000005,0.0,3789285.7500000005,0.0,0.0,0.0,1808.8522592343218
38,2019.0,0.0,Malaria,All,3789285.7500000005,0.0,0.0,,15.14768836673602,1.2531026253286204,0.0,0.0,0.0,3789285.7500000005,209485641.0,51.157,3789285.7500000005,3789285.7500000005,0.0,3789285.7500000005,0.0,0.0,0.0,1808.8522592343218
39,2019.0,0.0,Malaria,All,3789285.7500000005,0.0,0.0,,15.14768836673602,1.2531026253286204,0.0,0.0,0.0,3789285.7500000005,209485641.0,51.157,3789285.7500000005,3789285.7500000005,0.0,3789285.7500000005,0.0,0.0,0.0,1808.8522592343218
40,2019.0,0.0,Malaria,All,3789285.7500000005,0.0,0.0,,15.14768836673602,1.2531026253286204,0.0,0.0,0.0,3789285.7500000005,209485641.0,51.157,3789285.7500000005,3789285.7500000005,0.0,3789285.7500000005,0.0,0.0,0.0,1808.8522592343218
41,2019.0,0.0,Malaria,All,3789285.7500000005,0.0,0.0,,15.14768836673602,1.2531026253286204,0.0,0.0,0.0,3789285.7500000005,209485641.0,51.157,3789285.7500000005,3789285.7500000005,0.0,3789285.7500000005,0.0,0.0,0.0,1808.8522592343218
42,2019.0,0.0,Malaria,All,3789285.7500000005,0.0,0.0,,15.14768836673602,1.2531026253286204,0.0,0.0,0.0,3789285.7500000005,209485641.0,51.157,3789285.7500000005,3789285.7500000005,0.0,3789285.7500000005,0.0,0.0,0.0,1808.8522592343218
43,2019.0,0.0,Malaria,All,3789285.7500000005,0.0,0.0,,15.14768836673602,1.2531026253286204,0.0,0.0,0.0,3789285.7500000005,209485641.0,51.157,3789285.7500000005,3789285.7500000005,0.0,3789285.7500000005,0.0,0.0,0.0,1808.8522592343218
44,2019.0,0.0,Malaria,All,3789285.7500000005,0.0,0.0,,15.14768836673602,1.2531026253286204,0.0,0.0,0.0,3789285.7500000005,209485641.0,51.157,3789285.7500000005,3789285.7500000005,0.0,3789285.7500000005,0.0,0.0,0.0,1808.8522592343218
45,2019.0,0.0,Malaria,All,3789285.7500000005,0.0,0.0,,15.14768836673602,1.2531026253286204,0.0,0.0,0.0,3789285.7500000005,209485641.0,51.157,3789285.7500000005,3789285.7500000005,0.0,3789285.7500000005,0.0,0.0,0.0,1808.8522592343218
46,2019.0,0.0,Malaria,All,3789285.7500000005,0.0,0.0,,15.14768836673602,1.2531026253286204,0.0,0.0,0.0,3789285.7500000005,209485641.0,51.157,3789285.7500000005,3789285.7500000005,0.0,3789285.7500000005,0.0,0.0,0.0,1808.8522592343218
47,2019.0,0.0,Malaria,All,3789285.7500000005,0.0,0.0,,15.14768836673602,1.2531026253286204,0.0,0.0,0.0,3789285.7500000005,209485641.0,51.157,3789285.7500000005,3789285.7500000005,0.0,3789285.7500000005,0.0,0.0,0.0,1808.8522592343218
48,2019.0,0.0,Malaria,All,3789285.7500000005,0.0,0.0,,15.14768836673602,1.2531026253286204,0.0,0.0,0.0,3789285.7500000005,209485641.0,51.157,3789285.7500000005,3789285.7500000005,0.0,3789285.7500000005,0.0,0.0,0.0,1808.8522592343218
49,2019.0,0.0,Malaria,All,3789285.7500000005,0.0,0.0,,15.14768836673602,1.2531026253286204,0.0,0.0,0.0,3789285.7500000005,209485641.0,51.157,3789285.7500000005,3789285.7500000005,0.0,3789285.7500000005,0.0,0.0,0.0,1808.8522592343218
50,2019.0,0.0,Malaria,All,3789285.7500000005,0.0,0.0,,15.14768836673602,1.2531026253286204,0.0,0.0,0.0,3789285.7500000005,209485641.0,51.157,3789285.7500000005,3789285.7500000005,0.0,3789285.7500000005,0.0,0.0,0.0,1808.8522592343218
51,2019.0,0.0,Malaria,All,3789285.7500000005,0.0,0.0,,15.14768836673602,1.2531026253286204,0.0,0.0,0.0,3789285.7500000005,209485641.0,51.157,3789285.7500000005,3789285.7500000005,0.0,3789285.7500000005,0.0,0.0,0.0,1808.8522592343218
52,2019.0,0.0,Malaria,All,3789285.7500000005,0.0,0.0,,15.14768836673602,1.2531026253286204,0.0,0.0,0.0,3789285.7500000005,209485641.0,51.157,3789285.7500000005,3789285.7500000005,0.0,3789285.7500000005,0.0,0.0,0.0,1808.8522592343218
1,2020.0,0.0,Malaria,All,3666163.9230769235,0.0,0.0,,15.114656693570364,1.162762069950068,0.0,0.0,0.0,3666163.9230769235,213996181.0,51.958,3789285.7500000005,3789285.7500000005,0.0,3758505.293269231,61560.913461467535,0.0,-0.03249209350946335,1713.1912849776152
2,2020.0,0.0,Malaria,All,3666163.9230769235,0.0,0.0,,15.114656693570364,1.162762069950068,0.0,0.0,0.0,3666163.9230769235,213996181.0,51.958,3666163.9230769235,3727724.836538462,0.0,3727724.836538462,71084.41991709697,0.0,0.0,1713.1912849776152
3,2020.0,0.0,Malaria,All,3666163.9230769235,0.0,0.0,,15.114656693570364,1.162762069950068,0.0,0.0,0.0,3666163.9230769235,213996181.0,51.958,3666163.9230769235,3666163.9230769235,0.0,3696944.379807693,61560.91346147077,0.0,0.0,1713.1912849776152
4,2020.0,0.0,Malaria,All,3666163.9230769235,0.0,0.0,,15.114656693570364,1.162762069950068,0.0,0.0,0.0,3666163.9230769235,213996181.0,51.958,3666163.9230769235,3666163.9230769235,0.0,3666163.9230769235,0.0,0.0,0.0,1713.1912849776152
5,2020.0,0.0,Malaria,All,3666163.9230769235,0.0,0.0,,15.114656693570364,1.162762069950068,0.0,0.0,0.0,3666163.9230769235,213996181.0,51.958,3666163.9230769235,3666163.9230769235,0.0,3666163.9230769235,0.0,0.0,0.0,1713.1912849776152
6,2020.0,0.0,Malaria,All,3666163.9230769235,0.0,0.0,,15.114656693570364,1.162762069950068,0.0,0.0,0.0,3666163.9230769235,213996181.0,51.958,3666163.9230769235,3666163.9230769235,0.0,3666163.9230769235,0.0,0.0,0.0,1713.1912849776152
7,2020.0,0.0,Malaria,All,3666163.9230769235,0.0,0.0,,15.114656693570364,1.162762069950068,0.0,0.0,0.0,3666163.9230769235,213996181.0,51.958,3666163.9230769235,3666163.9230769235,0.0,3666163.9230769235,0.0,0.0,0.0,1713.1912849776152
8,2020.0,0.0,Malaria,All,3666163.9230769235,0.0,0.0,,15.114656693570364,1.162762069950068,0.0,0.0,0.0,3666163.9230769235,213996181.0,51.958,3666163.9230769235,3666163.9230769235,0.0,3666163.9230769235,0.0,0.0,0.0,1713.1912849776152
9,2020.0,0.0,Malaria,All,3666163.9230769235,0.0,0.0,,15.114656693570364,1.162762069950068,0.0,0.0,0.0,3666163.9230769235,213996181.0,51.958,3666163.9230769235,3666163.9230769235,0.0,3666163.9230769235,0.0,0.0,0.0,1713.1912849776152
10,2020.0,0.0,Malaria,All,3666163.9230769235,0.0,0.0,,15.114656693570364,1.162762069950068,0.0,0.0,0.0,3666163.9230769235,213996181.0,51.958,3666163.9230769235,3666163.9230769235,0.0,3666163.9230769235,0.0,0.0,0.0,1713.1912849776152
11,2020.0,0.0,Malaria,All,3666163.9230769235,0.0,0.0,,15.114656693570364,1.162762069950068,0.0,0.0,0.0,3666163.9230769235,213996181.0,51.958,3666163.9230769235,3666163.9230769235,0.0,3666163.9230769235,0.0,0.0,0.0,1713.1912849776152
12,2020.0,0.0,Malaria,All,3666163.9230769235,0.0,0.0,,15.114656693570364,1.162762069950068,0.0,0.0,0.0,3666163.9230769235,213996181.0,51.958,3666163.9230769235,3666163.9230769235,0.0,3666163.9230769235,0.0,0.0,0.0,1713.1912849776152
13,2020.0,0.0,Malaria,All,3666163.9230769235,0.0,0.0,,15.114656693570364,1.162762069950068,0.0,0.0,0.0,3666163.9230769235,213996181.0,51.958,3666163.9230769235,3666163.9230769235,0.0,3666163.9230769235,0.0,0.0,0.0,1713.1912849776152
14,2020.0,0.0,Malaria,All,3666163.9230769235,0.0,0.0,,15.114656693570364,1.162762069950068,0.0,0.0,0.0,3666163.9230769235,213996181.0,51.958,3666163.9230769235,3666163.9230769235,0.0,3666163.9230769235,0.0,0.0,0.0,1713.1912849776152
15,2020.0,0.0,Malaria,All,3666163.9230769235,0.0,0.0,,15.114656693570364,1.162762069950068,0.0,0.0,0.0,3666163.9230769235,213996181.0,51.958,3666163.9230769235,3666163.9230769235,0.0,3666163.9230769235,0.0,0.0,0.0,1713.1912849776152
16,2020.0,0.0,Malaria,All,3666163.9230769235,0.0,0.0,,15.114656693570364,1.162762069950068,0.0,0.0,0.0,3666163.9230769235,213996181.0,51.958,3666163.9230769235,3666163.9230769235,0.0,3666163.9230769235,0.0,0.0,0.0,1713.1912849776152
17,2020.0,0.0,Malaria,All,3666163.9230769235,0.0,0.0,,15.114656693570364,1.162762069950068,0.0,0.0,0.0,3666163.9230769235,213996181.0,51.958,3666163.9230769235,3666163.9230769235,0.0,3666163.9230769235,0.0,0.0,0.0,1713.1912849776152
18,2020.0,0.0,Malaria,All,3666163.9230769235,0.0,0.0,,15.114656693570364,1.162762069950068,0.0,0.0,0.0,3666163.9230769235,213996181.0,51.958,3666163.9230769235,3666163.9230769235,0.0,3666163.9230769235,0.0,0.0,0.0,1713.1912849776152
19,2020.0,0.0,Malaria,All,3666163.9230769235,0.0,0.0,,15.114656693570364,1.162762069950068,0.0,0.0,0.0,3666163.9230769235,213996181.0,51.958,3666163.9230769235,3666163.9230769235,0.0,3666163.9230769235,0.0,0.0,0.0,1713.1912849776152
20,2020.0,0.0,Malaria,All,3666163.9230769235,0.0,0.0,,15.114656693570364,1.162762069950068,0.0,0.0,0.0,3666163.9230769235,213996181.0,51.958,3666163.9230769235,3666163.9230769235,0.0,3666163.9230769235,0.0,0.0,0.0,1713.1912849776152
21,2020.0,0.0,Malaria,All,3666163.9230769235,0.0,0.0,,15.114656693570364,1.162762069950068,0.0,0.0,0.0,3666163.9230769235,213996181.0,51.958,3666163.9230769235,3666163.9230769235,0.0,3666163.9230769235,0.0,0.0,0.0,1713.1912849776152
22,2020.0,0.0,Malaria,All,3666163.9230769235,0.0,0.0,,15.114656693570364,1.162762069950068,0.0,0.0,0.0,3666163.9230769235,213996181.0,51.958,3666163.9230769235,3666163.9230769235,0.0,3666163.9230769235,0.0,0.0,0.0,1713.1912849776152
23,2020.0,0.0,Malaria,All,3666163.9230769235,0.0,0.0,,15.114656693570364,1.162762069950068,0.0,0.0,0.0,3666163.9230769235,213996181.0,51.958,3666163.9230769235,3666163.9230769235,0.0,3666163.9230769235,0.0,0.0,0.0,1713.1912849776152
24,2020.0,0.0,Malaria,All,3666163.9230769235,0.0,0.0,,15.114656693570364,1.162762069950068,0.0,0.0,0.0,3666163.9230769235,213996181.0,51.958,3666163.9230769235,3666163.9230769235,0.0,3666163.9230769235,0.0,0.0,0.0,1713.1912849776152
25,2020.0,0.0,Malaria,All,3666163.9230769235,0.0,0.0,,15.114656693570364,1.162762069950068,0.0,0.0,0.0,3666163.9230769235,213996181.0,51.958,3666163.9230769235,3666163.9230769235,0.0,3666163.9230769235,0.0,0.0,0.0,1713.1912849776152
26,2020.0,0.0,Malaria,All,3666163.9230769235,0.0,0.0,,15.114656693570364,1.162762069950068,0.0,0.0,0.0,3666163.9230769235,213996181.0,51.958,3666163.9230769235,3666163.9230769235,0.0,3666163.9230769235,0.0,0.0,0.0,1713.1912849776152
27,2020.0,0.0,Malaria,All,3666163.9230769235,0.0,0.0,,15.114656693570364,1.162762069950068,0.0,0.0,0.0,3666163.9230769235,213996181.0,51.958,3666163.9230769235,3666163.9230769235,0.0,3666163.9230769235,0.0,0.0,0.0,1713.1912849776152
28,2020.0,0.0,Malaria,All,3666163.9230769235,0.0,0.0,,15.114656693570364,1.162762069950068,0.0,0.0,0.0,3666163.9230769235,213996181.0,51.958,3666163.9230769235,3666163.9230769235,0.0,3666163.9230769235,0.0,0.0,0.0,1713.1912849776152
29,2020.0,0.0,Malaria,All,3666163.9230769235,0.0,0.0,,15.114656693570364,1.162762069950068,0.0,0.0,0.0,3666163.9230769235,213996181.0,51.958,3666163.9230769235,3666163.9230769235,0.0,3666163.9230769235,0.0,0.0,0.0,1713.1912849776152
30,2020.0,0.0,Malaria,All,3666163.9230769235,0.0,0.0,,15.114656693570364,1.162762069950068,0.0,0.0,0.0,3666163.9230769235,213996181.0,51.958,3666163.9230769235,3666163.9230769235,0.0,3666163.9230769235,0.0,0.0,0.0,1713.1912849776152
31,2020.0,0.0,Malaria,All,3666163.9230769235,0.0,0.0,,15.114656693570364,1.162762069950068,0.0,0.0,0.0,3666163.9230769235,213996181.0,51.958,3666163.9230769235,3666163.9230769235,0.0,3666163.9230769235,0.0,0.0,0.0,1713.1912849776152
32,2020.0,0.0,Malaria,All,3666163.9230769235,0.0,0.0,,15.114656693570364,1.162762069950068,0.0,0.0,0.0,3666163.9230769235,213996181.0,51.958,3666163.9230769235,3666163.9230769235,0.0,3666163.9230769235,0.0,0.0,0.0,1713.1912849776152
33,2020.0,0.0,Malaria,All,3666163.9230769235,0.0,0.0,,15.114656693570364,1.162762069950068,0.0,0.0,0.0,3666163.9230769235,213996181.0,51.958,3666163.9230769235,3666163.9230769235,0.0,3666163.9230769235,0.0,0.0,0.0,1713.1912849776152
34,2020.0,0.0,Malaria,All,3666163.9230769235,0.0,0.0,,15.114656693570364,1.162762069950068,0.0,0.0,0.0,3666163.9230769235,213996181.0,51.958,3666163.9230769235,3666163.9230769235,0.0,3666163.9230769235,0.0,0.0,0.0,1713.1912849776152
35,2020.0,0.0,Malaria,All,3666163.9230769235,0.0,0.0,,15.114656693570364,1.162762069950068,0.0,0.0,0.0,3666163.9230769235,213996181.0,51.958,3666163.9230769235,3666163.9230769235,0.0,3666163.9230769235,0.0,0.0,0.0,1713.1912849776152
36,2020.0,0.0,Malaria,All,3666163.9230769235,0.0,0.0,,15.114656693570364,1.162762069950068,0.0,0.0,0.0,3666163.9230769235,213996181.0,51.958,3666163.9230769235,3666163.9230769235,0.0,3666163.9230769235,0.0,0.0,0.0,1713.1912849776152
37,2020.0,0.0,Malaria,All,3666163.9230769235,0.0,0.0,,15.114656693570364,1.162762069950068,0.0,0.0,0.0,3666163.9230769235,213996181.0,51.958,3666163.9230769235,3666163.9230769235,0.0,3666163.9230769235,0.0,0.0,0.0,1713.1912849776152
38,2020.0,0.0,Malaria,All,3666163.9230769235,0.0,0.0,,15.114656693570364,1.162762069950068,0.0,0.0,0.0,3666163.9230769235,213996181.0,51.958,3666163.9230769235,3666163.9230769235,0.0,3666163.9230769235,0.0,0.0,0.0,1713.1912849776152
39,2020.0,0.0,Malaria,All,3666163.9230769235,0.0,0.0,,15.114656693570364,1.162762069950068,0.0,0.0,0.0,3666163.9230769235,213996181.0,51.958,3666163.9230769235,3666163.9230769235,0.0,3666163.9230769235,0.0,0.0,0.0,1713.1912849776152
40,2020.0,0.0,Malaria,All,3666163.9230769235,0.0,0.0,,15.114656693570364,1.162762069950068,0.0,0.0,0.0,3666163.9230769235,213996181.0,51.958,3666163.9230769235,3666163.9230769235,0.0,3666163.9230769235,0.0,0.0,0.0,1713.1912849776152
41,2020.0,0.0,Malaria,All,3666163.9230769235,0.0,0.0,,15.114656693570364,1.162762069950068,0.0,0.0,0.0,3666163.9230769235,213996181.0,51.958,3666163.9230769235,3666163.9230769235,0.0,3666163.9230769235,0.0,0.0,0.0,1713.1912849776152
42,2020.0,0.0,Malaria,All,3666163.9230769235,0.0,0.0,,15.114656693570364,1.162762069950068,0.0,0.0,0.0,3666163.9230769235,213996181.0,51.958,3666163.9230769235,3666163.9230769235,0.0,3666163.9230769235,0.0,0.0,0.0,1713.1912849776152
43,2020.0,0.0,Malaria,All,3666163.9230769235,0.0,0.0,,15.114656693570364,1.162762069950068,0.0,0.0,0.0,3666163.9230769235,213996181.0,51.958,3666163.9230769235,3666163.9230769235,0.0,3666163.9230769235,0.0,0.0,0.0,1713.1912849776152
44,2020.0,0.0,Malaria,All,3666163.9230769235,0.0,0.0,,15.114656693570364,1.162762069950068,0.0,0.0,0.0,3666163.9230769235,213996181.0,51.958,3666163.9230769235,3666163.9230769235,0.0,3666163.9230769235,0.0,0.0,0.0,1713.1912849776152
45,2020.0,0.0,Malaria,All,3666163.9230769235,0.0,0.0,,15.114656693570364,1.162762069950068,0.0,0.0,0.0,3666163.9230769235,213996181.0,51.958,3666163.9230769235,3666163.9230769235,0.0,3666163.9230769235,0.0,0.0,0.0,1713.1912849776152
46,2020.0,0.0,Malaria,All,3666163.9230769235,0.0,0.0,,15.114656693570364,1.162762069950068,0.0,0.0,0.0,3666163.9230769235,213996181.0,51.958,3666163.9230769235,3666163.9230769235,0.0,3666163.9230769235,0.0,0.0,0.0,1713.1912849776152
47,2020.0,0.0,Malaria,All,3666163.9230769235,0.0,0.0,,15.114656693570364,1.162762069950068,0.0,0.0,0.0,3666163.9230769235,213996181.0,51.958,3666163.9230769235,3666163.9230769235,0.0,3666163.9230769235,0.0,0.0,0.0,1713.1912849776152
48,2020.0,0.0,Malaria,All,3666163.9230769235,0.0,0.0,,15.114656693570364,1.162762069950068,0.0,0.0,0.0,3666163.9230769235,213996181.0,51.958,3666163.9230769235,3666163.9230769235,0.0,3666163.9230769235,0.0,0.0,0.0,1713.1912849776152
49,2020.0,0.0,Malaria,All,3666163.9230769235,0.0,0.0,,15.114656693570364,1.162762069950068,0.0,0.0,0.0,3666163.9230769235,213996181.0,51.958,3666163.9230769235,3666163.9230769235,0.0,3666163.9230769235,0.0,0.0,0.0,1713.1912849776152
50,2020.0,0.0,Malaria,All,3666163.9230769235,0.0,0.0,,15.114656693570364,1.162762069950068,0.0,0.0,0.0,3666163.9230769235,213996181.0,51.958,3666163.9230769235,3666163.9230769235,0.0,3666163.9230769235,0.0,0.0,0.0,1713.1912849776152
51,2020.0,0.0,Malaria,All,3666163.9230769235,0.0,0.0,,15.114656693570364,1.162762069950068,0.0,0.0,0.0,3666163.9230769235,213996181.0,51.958,3666163.9230769235,3666163.9230769235,0.0,3666163.9230769235,0.0,0.0,0.0,1713.1912849776152
52,2020.0,0.0,Malaria,All,3666163.9230769235,0.0,0.0,,15.114656693570364,1.162762069950068,0.0,0.0,0.0,3666163.9230769235,213996181.0,51.958,3666163.9230769235,3666163.9230769235,0.0,3666163.9230769235,0.0,0.0,0.0,1713.1912849776152
1,2021.0,0.0,Malaria,All,4412106.211538462,0.0,0.0,,15.299862959046342,1.710096708365289,0.0,0.0,0.0,4412106.211538462,218529286.0,52.746,3666163.9230769235,3666163.9230769235,0.0,3852649.495192308,372971.1442307566,0.0,0.20346670364796102,2018.9999666856834
2,2021.0,0.0,Malaria,All,4412106.211538462,0.0,0.0,,15.299862959046342,1.710096708365289,0.0,0.0,0.0,4412106.211538462,218529286.0,52.746,4412106.211538462,4039135.067307693,0.0,4039135.067307693,430669.98104318214,0.0,0.0,2018.9999666856834
3,2021.0,0.0,Malaria,All,4412106.211538462,0.0,0.0,,15.299862959046342,1.710096708365289,0.0,0.0,0.0,4412106.211538462,218529286.0,52.746,4412106.211538462,4412106.211538462,0.0,4225620.639423077,372971.1442307526,0.0,0.0,2018.9999666856834
4,2021.0,0.0,Malaria,All,4412106.211538462,0.0,0.0,,15.299862959046342,1.710096708365289,0.0,0.0,0.0,4412106.211538462,218529286.0,52.746,4412106.211538462,4412106.211538462,0.0,4412106.211538462,0.0,0.0,0.0,2018.9999666856834
5,2021.0,0.0,Malaria,All,4412106.211538462,0.0,0.0,,15.299862959046342,1.710096708365289,0.0,0.0,0.0,4412106.211538462,218529286.0,52.746,4412106.211538462,4412106.211538462,0.0,4412106.211538462,0.0,0.0,0.0,2018.9999666856834
6,2021.0,0.0,Malaria,All,4412106.211538462,0.0,0.0,,15.299862959046342,1.710096708365289,0.0,0.0,0.0,4412106.211538462,218529286.0,52.746,4412106.211538462,4412106.211538462,0.0,4412106.211538462,0.0,0.0,0.0,2018.9999666856834
7,2021.0,0.0,Malaria,All,4412106.211538462,0.0,0.0,,15.299862959046342,1.710096708365289,0.0,0.0,0.0,4412106.211538462,218529286.0,52.746,4412106.211538462,4412106.211538462,0.0,4412106.211538462,0.0,0.0,0.0,2018.9999666856834
8,2021.0,0.0,Malaria,All,4412106.211538462,0.0,0.0,,15.299862959046342,1.710096708365289,0.0,0.0,0.0,4412106.211538462,218529286.0,52.746,4412106.211538462,4412106.211538462,0.0,4412106.211538462,0.0,0.0,0.0,2018.9999666856834
9,2021.0,0.0,Malaria,All,4412106.211538462,0.0,0.0,,15.299862959046342,1.710096708365289,0.0,0.0,0.0,4412106.211538462,218529286.0,52.746,4412106.211538462,4412106.211538462,0.0,4412106.211538462,0.0,0.0,0.0,2018.9999666856834
10,2021.0,0.0,Malaria,All,4412106.211538462,0.0,0.0,,15.299862959046342,1.710096708365289,0.0,0.0,0.0,4412106.211538462,218529286.0,52.746,4412106.211538462,4412106.211538462,0.0,4412106.211538462,0.0,0.0,0.0,2018.9999666856834
11,2021.0,0.0,Malaria,All,4412106.211538462,0.0,0.0,,15.299862959046342,1.710096708365289,0.0,0.0,0.0,4412106.211538462,218529286.0,52.746,4412106.211538462,4412106.211538462,0.0,4412106.211538462,0.0,0.0,0.0,2018.9999666856834
12,2021.0,0.0,Malaria,All,4412106.211538462,0.0,0.0,,15.299862959046342,1.710096708365289,0.0,0.0,0.0,4412106.211538462,218529286.0,52.746,4412106.211538462,4412106.211538462,0.0,4412106.211538462,0.0,0.0,0.0,2018.9999666856834
13,2021.0,0.0,Malaria,All,4412106.211538462,0.0,0.0,,15.299862959046342,1.710096708365289,0.0,0.0,0.0,4412106.211538462,218529286.0,52.746,4412106.211538462,4412106.211538462,0.0,4412106.211538462,0.0,0.0,0.0,2018.9999666856834
14,2021.0,0.0,Malaria,All,4412106.211538462,0.0,0.0,,15.299862959046342,1.710096708365289,0.0,0.0,0.0,4412106.211538462,218529286.0,52.746,4412106.211538462,4412106.211538462,0.0,4412106.211538462,0.0,0.0,0.0,2018.9999666856834
15,2021.0,0.0,Malaria,All,4412106.211538462,0.0,0.0,,15.299862959046342,1.710096708365289,0.0,0.0,0.0,4412106.211538462,218529286.0,52.746,4412106.211538462,4412106.211538462,0.0,4412106.211538462,0.0,0.0,0.0,2018.9999666856834
16,2021.0,0.0,Malaria,All,4412106.211538462,0.0,0.0,,15.299862959046342,1.710096708365289,0.0,0.0,0.0,4412106.211538462,218529286.0,52.746,4412106.211538462,4412106.211538462,0.0,4412106.211538462,0.0,0.0,0.0,2018.9999666856834
17,2021.0,0.0,Malaria,All,4412106.211538462,0.0,0.0,,15.299862959046342,1.710096708365289,0.0,0.0,0.0,4412106.211538462,218529286.0,52.746,4412106.211538462,4412106.211538462,0.0,4412106.211538462,0.0,0.0,0.0,2018.9999666856834
18,2021.0,0.0,Malaria,All,4412106.211538462,0.0,0.0,,15.299862959046342,1.710096708365289,0.0,0.0,0.0,4412106.211538462,218529286.0,52.746,4412106.211538462,4412106.211538462,0.0,4412106.211538462,0.0,0.0,0.0,2018.9999666856834
19,2021.0,0.0,Malaria,All,4412106.211538462,0.0,0.0,,15.299862959046342,1.710096708365289,0.0,0.0,0.0,4412106.211538462,218529286.0,52.746,4412106.211538462,4412106.211538462,0.0,4412106.211538462,0.0,0.0,0.0,2018.9999666856834
20,2021.0,0.0,Malaria,All,4412106.211538462,0.0,0.0,,15.299862959046342,1.710096708365289,0.0,0.0,0.0,4412106.211538462,218529286.0,52.746,4412106.211538462,4412106.211538462,0.0,4412106.211538462,0.0,0.0,0.0,2018.9999666856834
21,2021.0,0.0,Malaria,All,4412106.211538462,0.0,0.0,,15.299862959046342,1.710096708365289,0.0,0.0,0.0,4412106.211538462,218529286.0,52.746,4412106.211538462,4412106.211538462,0.0,4412106.211538462,0.0,0.0,0.0,2018.9999666856834
22,2021.0,0.0,Malaria,All,4412106.211538462,0.0,0.0,,15.299862959046342,1.710096708365289,0.0,0.0,0.0,4412106.211538462,218529286.0,52.746,4412106.211538462,4412106.211538462,0.0,4412106.211538462,0.0,0.0,0.0,2018.9999666856834
23,2021.0,0.0,Malaria,All,4412106.211538462,0.0,0.0,,15.299862959046342,1.710096708365289,0.0,0.0,0.0,4412106.211538462,218529286.0,52.746,4412106.211538462,4412106.211538462,0.0,4412106.211538462,0.0,0.0,0.0,2018.9999666856834
24,2021.0,0.0,Malaria,All,4412106.211538462,0.0,0.0,,15.299862959046342,1.710096708365289,0.0,0.0,0.0,4412106.211538462,218529286.0,52.746,4412106.211538462,4412106.211538462,0.0,4412106.211538462,0.0,0.0,0.0,2018.9999666856834
25,2021.0,0.0,Malaria,All,4412106.211538462,0.0,0.0,,15.299862959046342,1.710096708365289,0.0,0.0,0.0,4412106.211538462,218529286.0,52.746,4412106.211538462,4412106.211538462,0.0,4412106.211538462,0.0,0.0,0.0,2018.9999666856834
26,2021.0,0.0,Malaria,All,4412106.211538462,0.0,0.0,,15.299862959046342,1.710096708365289,0.0,0.0,0.0,4412106.211538462,218529286.0,52.746,4412106.211538462,4412106.211538462,0.0,4412106.211538462,0.0,0.0,0.0,2018.9999666856834
27,2021.0,0.0,Malaria,All,4412106.211538462,0.0,0.0,,15.299862959046342,1.710096708365289,0.0,0.0,0.0,4412106.211538462,218529286.0,52.746,4412106.211538462,4412106.211538462,0.0,4412106.211538462,0.0,0.0,0.0,2018.9999666856834
28,2021.0,0.0,Malaria,All,4412106.211538462,0.0,0.0,,15.299862959046342,1.710096708365289,0.0,0.0,0.0,4412106.211538462,218529286.0,52.746,4412106.211538462,4412106.211538462,0.0,4412106.211538462,0.0,0.0,0.0,2018.9999666856834
29,2021.0,0.0,Malaria,All,4412106.211538462,0.0,0.0,,15.299862959046342,1.710096708365289,0.0,0.0,0.0,4412106.211538462,218529286.0,52.746,4412106.211538462,4412106.211538462,0.0,4412106.211538462,0.0,0.0,0.0,2018.9999666856834
30,2021.0,0.0,Malaria,All,4412106.211538462,0.0,0.0,,15.299862959046342,1.710096708365289,0.0,0.0,0.0,4412106.211538462,218529286.0,52.746,4412106.211538462,4412106.211538462,0.0,4412106.211538462,0.0,0.0,0.0,2018.9999666856834
31,2021.0,0.0,Malaria,All,4412106.211538462,0.0,0.0,,15.299862959046342,1.710096708365289,0.0,0.0,0.0,4412106.211538462,218529286.0,52.746,4412106.211538462,4412106.211538462,0.0,4412106.211538462,0.0,0.0,0.0,2018.9999666856834
32,2021.0,0.0,Malaria,All,4412106.211538462,0.0,0.0,,15.299862959046342,1.710096708365289,0.0,0.0,0.0,4412106.211538462,218529286.0,52.746,4412106.211538462,4412106.211538462,0.0,4412106.211538462,0.0,0.0,0.0,2018.9999666856834
33,2021.0,0.0,Malaria,All,4412106.211538462,0.0,0.0,,15.299862959046342,1.710096708365289,0.0,0.0,0.0,4412106.211538462,218529286.0,52.746,4412106.211538462,4412106.211538462,0.0,4412106.211538462,0.0,0.0,0.0,2018.9999666856834
34,2021.0,0.0,Malaria,All,4412106.211538462,0.0,0.0,,15.299862959046342,1.710096708365289,0.0,0.0,0.0,4412106.211538462,218529286.0,52.746,4412106.211538462,4412106.211538462,0.0,4412106.211538462,0.0,0.0,0.0,2018.9999666856834
35,2021.0,0.0,Malaria,All,4412106.211538462,0.0,0.0,,15.299862959046342,1.710096708365289,0.0,0.0,0.0,4412106.211538462,218529286.0,52.746,4412106.211538462,4412106.211538462,0.0,4412106.211538462,0.0,0.0,0.0,2018.9999666856834
36,2021.0,0.0,Malaria,All,4412106.211538462,0.0,0.0,,15.299862959046342,1.710096708365289,0.0,0.0,0.0,4412106.211538462,218529286.0,52.746,4412106.211538462,4412106.211538462,0.0,4412106.211538462,0.0,0.0,0.0,2018.9999666856834
37,2021.0,0.0,Malaria,All,4412106.211538462,0.0,0.0,,15.299862959046342,1.710096708365289,0.0,0.0,0.0,4412106.211538462,218529286.0,52.746,4412106.211538462,4412106.211538462,0.0,4412106.211538462,0.0,0.0,0.0,2018.9999666856834
38,2021.0,0.0,Malaria,All,4412106.211538462,0.0,0.0,,15.299862959046342,1.710096708365289,0.0,0.0,0.0,4412106.211538462,218529286.0,52.746,4412106.211538462,4412106.211538462,0.0,4412106.211538462,0.0,0.0,0.0,2018.9999666856834
39,2021.0,0.0,Malaria,All,4412106.211538462,0.0,0.0,,15.299862959046342,1.710096708365289,0.0,0.0,0.0,4412106.211538462,218529286.0,52.746,4412106.211538462,4412106.211538462,0.0,4412106.211538462,0.0,0.0,0.0,2018.9999666856834
40,2021.0,0.0,Malaria,All,4412106.211538462,0.0,0.0,,15.299862959046342,1.710096708365289,0.0,0.0,0.0,4412106.211538462,218529286.0,52.746,4412106.211538462,4412106.211538462,0.0,4412106.211538462,0.0,0.0,0.0,2018.9999666856834
41,2021.0,0.0,Malaria,All,4412106.211538462,0.0,0.0,,15.299862959046342,1.710096708365289,0.0,0.0,0.0,4412106.211538462,218529286.0,52.746,4412106.211538462,4412106.211538462,0.0,4412106.211538462,0.0,0.0,0.0,2018.9999666856834
42,2021.0,0.0,Malaria,All,4412106.211538462,0.0,0.0,,15.299862959046342,1.710096708365289,0.0,0.0,0.0,4412106.211538462,218529286.0,52.746,4412106.211538462,4412106.211538462,0.0,4412106.211538462,0.0,0.0,0.0,2018.9999666856834
43,2021.0,0.0,Malaria,All,4412106.211538462,0.0,0.0,,15.299862959046342,1.710096708365289,0.0,0.0,0.0,4412106.211538462,218529286.0,52.746,4412106.211538462,4412106.211538462,0.0,4412106.211538462,0.0,0.0,0.0,2018.9999666856834
44,2021.0,0.0,Malaria,All,4412106.211538462,0.0,0.0,,15.299862959046342,1.710096708365289,0.0,0.0,0.0,4412106.211538462,218529286.0,52.746,4412106.211538462,4412106.211538462,0.0,4412106.211538462,0.0,0.0,0.0,2018.9999666856834
45,2021.0,0.0,Malaria,All,4412106.211538462,0.0,0.0,,15.299862959046342,1.710096708365289,0.0,0.0,0.0,4412106.211538462,218529286.0,52.746,4412106.211538462,4412106.211538462,0.0,4412106.211538462,0.0,0.0,0.0,2018.9999666856834
46,2021.0,0.0,Malaria,All,4412106.211538462,0.0,0.0,,15.299862959046342,1.710096708365289,0.0,0.0,0.0,4412106.211538462,218529286.0,52.746,4412106.211538462,4412106.211538462,0.0,4412106.211538462,0.0,0.0,0.0,2018.9999666856834
47,2021.0,0.0,Malaria,All,4412106.211538462,0.0,0.0,,15.299862959046342,1.710096708365289,0.0,0.0,0.0,4412106.211538462,218529286.0,52.746,4412106.211538462,4412106.211538462,0.0,4412106.211538462,0.0,0.0,0.0,2018.9999666856834
48,2021.0,0.0,Malaria,All,4412106.211538462,0.0,0.0,,15.299862959046342,1.710096708365289,0.0,0.0,0.0,4412106.211538462,218529286.0,52.746,4412106.211538462,4412106.211538462,0.0,4412106.211538462,0.0,0.0,0.0,2018.9999666856834
49,2021.0,0.0,Malaria,All,4412106.211538462,0.0,0.0,,15.299862959046342,1.710096708365289,0.0,0.0,0.0,4412106.211538462,218529286.0,52.746,4412106.211538462,4412106.211538462,0.0,4412106.211538462,0.0,0.0,0.0,2018.9999666856834
50,2021.0,0.0,Malaria,All,4412106.211538462,0.0,0.0,,15.299862959046342,1.710096708365289,0.0,0.0,0.0,4412106.211538462,218529286.0,52.746,4412106.211538462,4412106.211538462,0.0,4412106.211538462,0.0,0.0,0.0,2018.9999666856834
51,2021.0,0.0,Malaria,All,4412106.211538462,0.0,0.0,,15.299862959046342,1.710096708365289,0.0,0.0,0.0,4412106.211538462,218529286.0,52.746,4412106.211538462,4412106.211538462,0.0,4412106.211538462,0.0,0.0,0.0,2018.9999666856834
52,2021.0,0.0,Malaria,All,4412106.211538462,0.0,0.0,,15.299862959046342,1.710096708365289,0.0,0.0,0.0,4412106.211538462,218529286.0,52.746,4412106.211538462,4412106.211538462,0.0,4412106.211538462,0.0,0.0,0.0,2018.9999666856834
1,2022.0,0.0,Malaria,All,4663422.061923077,0.0,0.0,,15.355260299087172,1.8944995398255804,0.0,0.0,0.0,4663422.061923077,223150896.0,53.521,4412106.211538462,4412106.211538462,0.0,4474935.174134616,125657.9251922491,0.0,0.056960516890409076,2089.806559379926
2,2022.0,0.0,Malaria,All,4663422.061923077,0.0,0.0,,15.355260299087172,1.8944995398255804,0.0,0.0,0.0,4663422.061923077,223150896.0,53.521,4663422.061923077,4537764.13673077,0.0,4537764.13673077,145097.27387112458,0.0,0.0,2089.806559379926
3,2022.0,0.0,Malaria,All,4663422.061923077,0.0,0.0,,15.355260299087172,1.8944995398255804,0.0,0.0,0.0,4663422.061923077,223150896.0,53.521,4663422.061923077,4663422.061923077,0.0,4600593.0993269235,125657.92519224428,0.0,0.0,2089.806559379926
4,2022.0,0.0,Malaria,All,4663422.061923077,0.0,0.0,,15.355260299087172,1.8944995398255804,0.0,0.0,0.0,4663422.061923077,223150896.0,53.521,4663422.061923077,4663422.061923077,0.0,4663422.061923077,0.0,0.0,0.0,2089.806559379926
5,2022.0,0.0,Malaria,All,4663422.061923077,0.0,0.0,,15.355260299087172,1.8944995398255804,0.0,0.0,0.0,4663422.061923077,223150896.0,53.521,4663422.061923077,4663422.061923077,0.0,4663422.061923077,0.0,0.0,0.0,2089.806559379926
6,2022.0,0.0,Malaria,All,4663422.061923077,0.0,0.0,,15.355260299087172,1.8944995398255804,0.0,0.0,0.0,4663422.061923077,223150896.0,53.521,4663422.061923077,4663422.061923077,0.0,4663422.061923077,0.0,0.0,0.0,2089.806559379926
7,2022.0,0.0,Malaria,All,4663422.061923077,0.0,0.0,,15.355260299087172,1.8944995398255804,0.0,0.0,0.0,4663422.061923077,223150896.0,53.521,4663422.061923077,4663422.061923077,0.0,4663422.061923077,0.0,0.0,0.0,2089.806559379926
8,2022.0,0.0,Malaria,All,4663422.061923077,0.0,0.0,,15.355260299087172,1.8944995398255804,0.0,0.0,0.0,4663422.061923077,223150896.0,53.521,4663422.061923077,4663422.061923077,0.0,4663422.061923077,0.0,0.0,0.0,2089.806559379926
9,2022.0,0.0,Malaria,All,4663422.061923077,0.0,0.0,,15.355260299087172,1.8944995398255804,0.0,0.0,0.0,4663422.061923077,223150896.0,53.521,4663422.061923077,4663422.061923077,0.0,4663422.061923077,0.0,0.0,0.0,2089.806559379926
10,2022.0,0.0,Malaria,All,4663422.061923077,0.0,0.0,,15.355260299087172,1.8944995398255804,0.0,0.0,0.0,4663422.061923077,223150896.0,53.521,4663422.061923077,4663422.061923077,0.0,4663422.061923077,0.0,0.0,0.0,2089.806559379926
11,2022.0,0.0,Malaria,All,4663422.061923077,0.0,0.0,,15.355260299087172,1.8944995398255804,0.0,0.0,0.0,4663422.061923077,223150896.0,53.521,4663422.061923077,4663422.061923077,0.0,4663422.061923077,0.0,0.0,0.0,2089.806559379926
12,2022.0,0.0,Malaria,All,4663422.061923077,0.0,0.0,,15.355260299087172,1.8944995398255804,0.0,0.0,0.0,4663422.061923077,223150896.0,53.521,4663422.061923077,4663422.061923077,0.0,4663422.061923077,0.0,0.0,0.0,2089.806559379926
13,2022.0,0.0,Malaria,All,4663422.061923077,0.0,0.0,,15.355260299087172,1.8944995398255804,0.0,0.0,0.0,4663422.061923077,223150896.0,53.521,4663422.061923077,4663422.061923077,0.0,4663422.061923077,0.0,0.0,0.0,2089.806559379926
14,2022.0,0.0,Malaria,All,4663422.061923077,0.0,0.0,,15.355260299087172,1.8944995398255804,0.0,0.0,0.0,4663422.061923077,223150896.0,53.521,4663422.061923077,4663422.061923077,0.0,4663422.061923077,0.0,0.0,0.0,2089.806559379926
15,2022.0,0.0,Malaria,All,4663422.061923077,0.0,0.0,,15.355260299087172,1.8944995398255804,0.0,0.0,0.0,4663422.061923077,223150896.0,53.521,4663422.061923077,4663422.061923077,0.0,4663422.061923077,0.0,0.0,0.0,2089.806559379926
16,2022.0,0.0,Malaria,All,4663422.061923077,0.0,0.0,,15.355260299087172,1.8944995398255804,0.0,0.0,0.0,4663422.061923077,223150896.0,53.521,4663422.061923077,4663422.061923077,0.0,4663422.061923077,0.0,0.0,0.0,2089.806559379926
17,2022.0,0.0,Malaria,All,4663422.061923077,0.0,0.0,,15.355260299087172,1.8944995398255804,0.0,0.0,0.0,4663422.061923077,223150896.0,53.521,4663422.061923077,4663422.061923077,0.0,4663422.061923077,0.0,0.0,0.0,2089.806559379926
18,2022.0,0.0,Malaria,All,4663422.061923077,0.0,0.0,,15.355260299087172,1.8944995398255804,0.0,0.0,0.0,4663422.061923077,223150896.0,53.521,4663422.061923077,4663422.061923077,0.0,4663422.061923077,0.0,0.0,0.0,2089.806559379926
19,2022.0,0.0,Malaria,All,4663422.061923077,0.0,0.0,,15.355260299087172,1.8944995398255804,0.0,0.0,0.0,4663422.061923077,223150896.0,53.521,4663422.061923077,4663422.061923077,0.0,4663422.061923077,0.0,0.0,0.0,2089.806559379926
20,2022.0,0.0,Malaria,All,4663422.061923077,0.0,0.0,,15.355260299087172,1.8944995398255804,0.0,0.0,0.0,4663422.061923077,223150896.0,53.521,4663422.061923077,4663422.061923077,0.0,4663422.061923077,0.0,0.0,0.0,2089.806559379926
21,2022.0,0.0,Malaria,All,4663422.061923077,0.0,0.0,,15.355260299087172,1.8944995398255804,0.0,0.0,0.0,4663422.061923077,223150896.0,53.521,4663422.061923077,4663422.061923077,0.0,4663422.061923077,0.0,0.0,0.0,2089.806559379926
22,2022.0,0.0,Malaria,All,4663422.061923077,0.0,0.0,,15.355260299087172,1.8944995398255804,0.0,0.0,0.0,4663422.061923077,223150896.0,53.521,4663422.061923077,4663422.061923077,0.0,4663422.061923077,0.0,0.0,0.0,2089.806559379926
23,2022.0,0.0,Malaria,All,4663422.061923077,0.0,0.0,,15.355260299087172,1.8944995398255804,0.0,0.0,0.0,4663422.061923077,223150896.0,53.521,4663422.061923077,4663422.061923077,0.0,4663422.061923077,0.0,0.0,0.0,2089.806559379926
24,2022.0,0.0,Malaria,All,4663422.061923077,0.0,0.0,,15.355260299087172,1.8944995398255804,0.0,0.0,0.0,4663422.061923077,223150896.0,53.521,4663422.061923077,4663422.061923077,0.0,4663422.061923077,0.0,0.0,0.0,2089.806559379926
25,2022.0,0.0,Malaria,All,4663422.061923077,0.0,0.0,,15.355260299087172,1.8944995398255804,0.0,0.0,0.0,4663422.061923077,223150896.0,53.521,4663422.061923077,4663422.061923077,0.0,4663422.061923077,0.0,0.0,0.0,2089.806559379926
26,2022.0,0.0,Malaria,All,4663422.061923077,0.0,0.0,,15.355260299087172,1.8944995398255804,0.0,0.0,0.0,4663422.061923077,223150896.0,53.521,4663422.061923077,4663422.061923077,0.0,4663422.061923077,0.0,0.0,0.0,2089.806559379926
27,2022.0,0.0,Malaria,All,4663422.061923077,0.0,0.0,,15.355260299087172,1.8944995398255804,0.0,0.0,0.0,4663422.061923077,223150896.0,53.521,4663422.061923077,4663422.061923077,0.0,4663422.061923077,0.0,0.0,0.0,2089.806559379926
28,2022.0,0.0,Malaria,All,4663422.061923077,0.0,0.0,,15.355260299087172,1.8944995398255804,0.0,0.0,0.0,4663422.061923077,223150896.0,53.521,4663422.061923077,4663422.061923077,0.0,4663422.061923077,0.0,0.0,0.0,2089.806559379926
29,2022.0,0.0,Malaria,All,4663422.061923077,0.0,0.0,,15.355260299087172,1.8944995398255804,0.0,0.0,0.0,4663422.061923077,223150896.0,53.521,4663422.061923077,4663422.061923077,0.0,4663422.061923077,0.0,0.0,0.0,2089.806559379926
30,2022.0,0.0,Malaria,All,4663422.061923077,0.0,0.0,,15.355260299087172,1.8944995398255804,0.0,0.0,0.0,4663422.061923077,223150896.0,53.521,4663422.061923077,4663422.061923077,0.0,4663422.061923077,0.0,0.0,0.0,2089.806559379926
31,2022.0,0.0,Malaria,All,4663422.061923077,0.0,0.0,,15.355260299087172,1.8944995398255804,0.0,0.0,0.0,4663422.061923077,223150896.0,53.521,4663422.061923077,4663422.061923077,0.0,4663422.061923077,0.0,0.0,0.0,2089.806559379926
32,2022.0,0.0,Malaria,All,4663422.061923077,0.0,0.0,,15.355260299087172,1.8944995398255804,0.0,0.0,0.0,4663422.061923077,223150896.0,53.521,4663422.061923077,4663422.061923077,0.0,4663422.061923077,0.0,0.0,0.0,2089.806559379926
33,2022.0,0.0,Malaria,All,4663422.061923077,0.0,0.0,,15.355260299087172,1.8944995398255804,0.0,0.0,0.0,4663422.061923077,223150896.0,53.521,4663422.061923077,4663422.061923077,0.0,4663422.061923077,0.0,0.0,0.0,2089.806559379926
34,2022.0,0.0,Malaria,All,4663422.061923077,0.0,0.0,,15.355260299087172,1.8944995398255804,0.0,0.0,0.0,4663422.061923077,223150896.0,53.521,4663422.061923077,4663422.061923077,0.0,4663422.061923077,0.0,0.0,0.0,2089.806559379926
35,2022.0,0.0,Malaria,All,4663422.061923077,0.0,0.0,,15.355260299087172,1.8944995398255804,0.0,0.0,0.0,4663422.061923077,223150896.0,53.521,4663422.061923077,4663422.061923077,0.0,4663422.061923077,0.0,0.0,0.0,2089.806559379926
36,2022.0,0.0,Malaria,All,4663422.061923077,0.0,0.0,,15.355260299087172,1.8944995398255804,0.0,0.0,0.0,4663422.061923077,223150896.0,53.521,4663422.061923077,4663422.061923077,0.0,4663422.061923077,0.0,0.0,0.0,2089.806559379926
37,2022.0,0.0,Malaria,All,4663422.061923077,0.0,0.0,,15.355260299087172,1.8944995398255804,0.0,0.0,0.0,4663422.061923077,223150896.0,53.521,4663422.061923077,4663422.061923077,0.0,4663422.061923077,0.0,0.0,0.0,2089.806559379926
38,2022.0,0.0,Malaria,All,4663422.061923077,0.0,0.0,,15.355260299087172,1.8944995398255804,0.0,0.0,0.0,4663422.061923077,223150896.0,53.521,4663422.061923077,4663422.061923077,0.0,4663422.061923077,0.0,0.0,0.0,2089.806559379926
39,2022.0,0.0,Malaria,All,4663422.061923077,0.0,0.0,,15.355260299087172,1.8944995398255804,0.0,0.0,0.0,4663422.061923077,223150896.0,53.521,4663422.061923077,4663422.061923077,0.0,4663422.061923077,0.0,0.0,0.0,2089.806559379926
40,2022.0,0.0,Malaria,All,4663422.061923077,0.0,0.0,,15.355260299087172,1.8944995398255804,0.0,0.0,0.0,4663422.061923077,223150896.0,53.521,4663422.061923077,4663422.061923077,0.0,4663422.061923077,0.0,0.0,0.0,2089.806559379926
41,2022.0,0.0,Malaria,All,4663422.061923077,0.0,0.0,,15.355260299087172,1.8944995398255804,0.0,0.0,0.0,4663422.061923077,223150896.0,53.521,4663422.061923077,4663422.061923077,0.0,4663422.061923077,0.0,0.0,0.0,2089.806559379926
42,2022.0,0.0,Malaria,All,4663422.061923077,0.0,0.0,,15.355260299087172,1.8944995398255804,0.0,0.0,0.0,4663422.061923077,223150896.0,53.521,4663422.061923077,4663422.061923077,0.0,4663422.061923077,0.0,0.0,0.0,2089.806559379926
43,2022.0,0.0,Malaria,All,4663422.061923077,0.0,0.0,,15.355260299087172,1.8944995398255804,0.0,0.0,0.0,4663422.061923077,223150896.0,53.521,4663422.061923077,4663422.061923077,0.0,4663422.061923077,0.0,0.0,0.0,2089.806559379926
44,2022.0,0.0,Malaria,All,4663422.061923077,0.0,0.0,,15.355260299087172,1.8944995398255804,0.0,0.0,0.0,4663422.061923077,223150896.0,53.521,4663422.061923077,4663422.061923077,0.0,4663422.061923077,0.0,0.0,0.0,2089.806559379926
45,2022.0,0.0,Malaria,All,4663422.061923077,0.0,0.0,,15.355260299087172,1.8944995398255804,0.0,0.0,0.0,4663422.061923077,223150896.0,53.521,4663422.061923077,4663422.061923077,0.0,4663422.061923077,0.0,0.0,0.0,2089.806559379926
46,2022.0,0.0,Malaria,All,4663422.061923077,0.0,0.0,,15.355260299087172,1.8944995398255804,0.0,0.0,0.0,4663422.061923077,223150896.0,53.521,4663422.061923077,4663422.061923077,0.0,4663422.061923077,0.0,0.0,0.0,2089.806559379926
47,2022.0,0.0,Malaria,All,4663422.061923077,0.0,0.0,,15.355260299087172,1.8944995398255804,0.0,0.0,0.0,4663422.061923077,223150896.0,53.521,4663422.061923077,4663422.061923077,0.0,4663422.061923077,0.0,0.0,0.0,2089.806559379926
48,2022.0,0.0,Malaria,All,4663422.061923077,0.0,0.0,,15.355260299087172,1.8944995398255804,0.0,0.0,0.0,4663422.061923077,223150896.0,53.521,4663422.061923077,4663422.061923077,0.0,4663422.061923077,0.0,0.0,0.0,2089.806559379926
49,2022.0,0.0,Malaria,All,4663422.061923077,0.0,0.0,,15.355260299087172,1.8944995398255804,0.0,0.0,0.0,4663422.061923077,223150896.0,53.521,4663422.061923077,4663422.061923077,0.0,4663422.061923077,0.0,0.0,0.0,2089.806559379926
50,2022.0,0.0,Malaria,All,4663422.061923077,0.0,0.0,,15.355260299087172,1.8944995398255804,0.0,0.0,0.0,4663422.061923077,223150896.0,53.521,4663422.061923077,4663422.061923077,0.0,4663422.061923077,0.0,0.0,0.0,2089.806559379926
51,2022.0,0.0,Malaria,All,4663422.061923077,0.0,0.0,,15.355260299087172,1.8944995398255804,0.0,0.0,0.0,4663422.061923077,223150896.0,53.521,4663422.061923077,4663422.061923077,0.0,4663422.061923077,0.0,0.0,0.0,2089.806559379926
52,2022.0,0.0,Malaria,All,4663422.061923077,0.0,0.0,,15.355260299087172,1.8944995398255804,0.0,0.0,0.0,4663422.061923077,223150896.0,53.521,4663422.061923077,4663422.061923077,0.0,4663422.061923077,0.0,0.0,0.0,2089.806559379926
1,2023.0,0.0,Malaria,All,4870075.262884615,0.0,0.0,,15.39862015466606,2.0461311831513807,0.0,0.0,0.0,4870075.262884615,227882945.0,54.283,4663422.061923077,4663422.061923077,0.0,4715085.362163462,103326.6004806864,0.0,0.04431363882949061,2137.095105070112
2,2023.0,0.0,Malaria,All,4870075.262884615,0.0,0.0,,15.39862015466606,2.0461311831513807,0.0,0.0,0.0,4870075.262884615,227882945.0,54.283,4870075.262884615,4766748.662403846,0.0,4766748.662403846,119311.28120396798,0.0,0.0,2137.095105070112
3,2023.0,0.0,Malaria,All,4870075.262884615,0.0,0.0,,15.39862015466606,2.0461311831513807,0.0,0.0,0.0,4870075.262884615,227882945.0,54.283,4870075.262884615,4870075.262884615,0.0,4818411.962644231,103326.60048068134,0.0,0.0,2137.095105070112
4,2023.0,0.0,Malaria,All,4870075.262884615,0.0,0.0,,15.39862015466606,2.0461311831513807,0.0,0.0,0.0,4870075.262884615,227882945.0,54.283,4870075.262884615,4870075.262884615,0.0,4870075.262884615,0.0,0.0,0.0,2137.095105070112
5,2023.0,0.0,Malaria,All,4870075.262884615,0.0,0.0,,15.39862015466606,2.0461311831513807,0.0,0.0,0.0,4870075.262884615,227882945.0,54.283,4870075.262884615,4870075.262884615,0.0,4870075.262884615,0.0,0.0,0.0,2137.095105070112
6,2023.0,0.0,Malaria,All,4870075.262884615,0.0,0.0,,15.39862015466606,2.0461311831513807,0.0,0.0,0.0,4870075.262884615,227882945.0,54.283,4870075.262884615,4870075.262884615,0.0,4870075.262884615,0.0,0.0,0.0,2137.095105070112
7,2023.0,0.0,Malaria,All,4870075.262884615,0.0,0.0,,15.39862015466606,2.0461311831513807,0.0,0.0,0.0,4870075.262884615,227882945.0,54.283,4870075.262884615,4870075.262884615,0.0,4870075.262884615,0.0,0.0,0.0,2137.095105070112
8,2023.0,0.0,Malaria,All,4870075.262884615,0.0,0.0,,15.39862015466606,2.0461311831513807,0.0,0.0,0.0,4870075.262884615,227882945.0,54.283,4870075.262884615,4870075.262884615,0.0,4870075.262884615,0.0,0.0,0.0,2137.095105070112
9,2023.0,0.0,Malaria,All,4870075.262884615,0.0,0.0,,15.39862015466606,2.0461311831513807,0.0,0.0,0.0,4870075.262884615,227882945.0,54.283,4870075.262884615,4870075.262884615,0.0,4870075.262884615,0.0,0.0,0.0,2137.095105070112
10,2023.0,0.0,Malaria,All,4870075.262884615,0.0,0.0,,15.39862015466606,2.0461311831513807,0.0,0.0,0.0,4870075.262884615,227882945.0,54.283,4870075.262884615,4870075.262884615,0.0,4870075.262884615,0.0,0.0,0.0,2137.095105070112
11,2023.0,0.0,Malaria,All,4870075.262884615,0.0,0.0,,15.39862015466606,2.0461311831513807,0.0,0.0,0.0,4870075.262884615,227882945.0,54.283,4870075.262884615,4870075.262884615,0.0,4870075.262884615,0.0,0.0,0.0,2137.095105070112
12,2023.0,0.0,Malaria,All,4870075.262884615,0.0,0.0,,15.39862015466606,2.0461311831513807,0.0,0.0,0.0,4870075.262884615,227882945.0,54.283,4870075.262884615,4870075.262884615,0.0,4870075.262884615,0.0,0.0,0.0,2137.095105070112
13,2023.0,0.0,Malaria,All,4870075.262884615,0.0,0.0,,15.39862015466606,2.0461311831513807,0.0,0.0,0.0,4870075.262884615,227882945.0,54.283,4870075.262884615,4870075.262884615,0.0,4870075.262884615,0.0,0.0,0.0,2137.095105070112
14,2023.0,0.0,Malaria,All,4870075.262884615,0.0,0.0,,15.39862015466606,2.0461311831513807,0.0,0.0,0.0,4870075.262884615,227882945.0,54.283,4870075.262884615,4870075.262884615,0.0,4870075.262884615,0.0,0.0,0.0,2137.095105070112
15,2023.0,0.0,Malaria,All,4870075.262884615,0.0,0.0,,15.39862015466606,2.0461311831513807,0.0,0.0,0.0,4870075.262884615,227882945.0,54.283,4870075.262884615,4870075.262884615,0.0,4870075.262884615,0.0,0.0,0.0,2137.095105070112
16,2023.0,0.0,Malaria,All,4870075.262884615,0.0,0.0,,15.39862015466606,2.0461311831513807,0.0,0.0,0.0,4870075.262884615,227882945.0,54.283,4870075.262884615,4870075.262884615,0.0,4870075.262884615,0.0,0.0,0.0,2137.095105070112
17,2023.0,0.0,Malaria,All,4870075.262884615,0.0,0.0,,15.39862015466606,2.0461311831513807,0.0,0.0,0.0,4870075.262884615,227882945.0,54.283,4870075.262884615,4870075.262884615,0.0,4870075.262884615,0.0,0.0,0.0,2137.095105070112
18,2023.0,0.0,Malaria,All,4870075.262884615,0.0,0.0,,15.39862015466606,2.0461311831513807,0.0,0.0,0.0,4870075.262884615,227882945.0,54.283,4870075.262884615,4870075.262884615,0.0,4870075.262884615,0.0,0.0,0.0,2137.095105070112
19,2023.0,0.0,Malaria,All,4870075.262884615,0.0,0.0,,15.39862015466606,2.0461311831513807,0.0,0.0,0.0,4870075.262884615,227882945.0,54.283,4870075.262884615,4870075.262884615,0.0,4870075.262884615,0.0,0.0,0.0,2137.095105070112
20,2023.0,0.0,Malaria,All,4870075.262884615,0.0,0.0,,15.39862015466606,2.0461311831513807,0.0,0.0,0.0,4870075.262884615,227882945.0,54.283,4870075.262884615,4870075.262884615,0.0,4870075.262884615,0.0,0.0,0.0,2137.095105070112
21,2023.0,0.0,Malaria,All,4870075.262884615,0.0,0.0,,15.39862015466606,2.0461311831513807,0.0,0.0,0.0,4870075.262884615,227882945.0,54.283,4870075.262884615,4870075.262884615,0.0,4870075.262884615,0.0,0.0,0.0,2137.095105070112
22,2023.0,0.0,Malaria,All,4870075.262884615,0.0,0.0,,15.39862015466606,2.0461311831513807,0.0,0.0,0.0,4870075.262884615,227882945.0,54.283,4870075.262884615,4870075.262884615,0.0,4870075.262884615,0.0,0.0,0.0,2137.095105070112
23,2023.0,0.0,Malaria,All,4870075.262884615,0.0,0.0,,15.39862015466606,2.0461311831513807,0.0,0.0,0.0,4870075.262884615,227882945.0,54.283,4870075.262884615,4870075.262884615,0.0,4870075.262884615,0.0,0.0,0.0,2137.095105070112
24,2023.0,0.0,Malaria,All,4870075.262884615,0.0,0.0,,15.39862015466606,2.0461311831513807,0.0,0.0,0.0,4870075.262884615,227882945.0,54.283,4870075.262884615,4870075.262884615,0.0,4870075.262884615,0.0,0.0,0.0,2137.095105070112
25,2023.0,0.0,Malaria,All,4870075.262884615,0.0,0.0,,15.39862015466606,2.0461311831513807,0.0,0.0,0.0,4870075.262884615,227882945.0,54.283,4870075.262884615,4870075.262884615,0.0,4870075.262884615,0.0,0.0,0.0,2137.095105070112
26,2023.0,0.0,Malaria,All,4870075.262884615,0.0,0.0,,15.39862015466606,2.0461311831513807,0.0,0.0,0.0,4870075.262884615,227882945.0,54.283,4870075.262884615,4870075.262884615,0.0,4870075.262884615,0.0,0.0,0.0,2137.095105070112
27,2023.0,0.0,Malaria,All,4870075.262884615,0.0,0.0,,15.39862015466606,2.0461311831513807,0.0,0.0,0.0,4870075.262884615,227882945.0,54.283,4870075.262884615,4870075.262884615,0.0,4870075.262884615,0.0,0.0,0.0,2137.095105070112
28,2023.0,0.0,Malaria,All,4870075.262884615,0.0,0.0,,15.39862015466606,2.0461311831513807,0.0,0.0,0.0,4870075.262884615,227882945.0,54.283,4870075.262884615,4870075.262884615,0.0,4870075.262884615,0.0,0.0,0.0,2137.095105070112
29,2023.0,0.0,Malaria,All,4870075.262884615,0.0,0.0,,15.39862015466606,2.0461311831513807,0.0,0.0,0.0,4870075.262884615,227882945.0,54.283,4870075.262884615,4870075.262884615,0.0,4870075.262884615,0.0,0.0,0.0,2137.095105070112
30,2023.0,0.0,Malaria,All,4870075.262884615,0.0,0.0,,15.39862015466606,2.0461311831513807,0.0,0.0,0.0,4870075.262884615,227882945.0,54.283,4870075.262884615,4870075.262884615,0.0,4870075.262884615,0.0,0.0,0.0,2137.095105070112
31,2023.0,0.0,Malaria,All,4870075.262884615,0.0,0.0,,15.39862015466606,2.0461311831513807,0.0,0.0,0.0,4870075.262884615,227882945.0,54.283,4870075.262884615,4870075.262884615,0.0,4870075.262884615,0.0,0.0,0.0,2137.095105070112
32,2023.0,0.0,Malaria,All,4870075.262884615,0.0,0.0,,15.39862015466606,2.0461311831513807,0.0,0.0,0.0,4870075.262884615,227882945.0,54.283,4870075.262884615,4870075.262884615,0.0,4870075.262884615,0.0,0.0,0.0,2137.095105070112
33,2023.0,0.0,Malaria,All,4870075.262884615,0.0,0.0,,15.39862015466606,2.0461311831513807,0.0,0.0,0.0,4870075.262884615,227882945.0,54.283,4870075.262884615,4870075.262884615,0.0,4870075.262884615,0.0,0.0,0.0,2137.095105070112
34,2023.0,0.0,Malaria,All,4870075.262884615,0.0,0.0,,15.39862015466606,2.0461311831513807,0.0,0.0,0.0,4870075.262884615,227882945.0,54.283,4870075.262884615,4870075.262884615,0.0,4870075.262884615,0.0,0.0,0.0,2137.095105070112
35,2023.0,0.0,Malaria,All,4870075.262884615,0.0,0.0,,15.39862015466606,2.0461311831513807,0.0,0.0,0.0,4870075.262884615,227882945.0,54.283,4870075.262884615,4870075.262884615,0.0,4870075.262884615,0.0,0.0,0.0,2137.095105070112
36,2023.0,0.0,Malaria,All,4870075.262884615,0.0,0.0,,15.39862015466606,2.0461311831513807,0.0,0.0,0.0,4870075.262884615,227882945.0,54.283,4870075.262884615,4870075.262884615,0.0,4870075.262884615,0.0,0.0,0.0,2137.095105070112
37,2023.0,0.0,Malaria,All,4870075.262884615,0.0,0.0,,15.39862015466606,2.0461311831513807,0.0,0.0,0.0,4870075.262884615,227882945.0,54.283,4870075.262884615,4870075.262884615,0.0,4870075.262884615,0.0,0.0,0.0,2137.095105070112
38,2023.0,0.0,Malaria,All,4870075.262884615,0.0,0.0,,15.39862015466606,2.0461311831513807,0.0,0.0,0.0,4870075.262884615,227882945.0,54.283,4870075.262884615,4870075.262884615,0.0,4870075.262884615,0.0,0.0,0.0,2137.095105070112
39,2023.0,0.0,Malaria,All,4870075.262884615,0.0,0.0,,15.39862015466606,2.0461311831513807,0.0,0.0,0.0,4870075.262884615,227882945.0,54.283,4870075.262884615,4870075.262884615,0.0,4870075.262884615,0.0,0.0,0.0,2137.095105070112
40,2023.0,0.0,Malaria,All,4870075.262884615,0.0,0.0,,15.39862015466606,2.0461311831513807,0.0,0.0,0.0,4870075.262884615,227882945.0,54.283,4870075.262884615,4870075.262884615,0.0,4870075.262884615,0.0,0.0,0.0,2137.095105070112
41,2023.0,0.0,Malaria,All,4870075.262884615,0.0,0.0,,15.39862015466606,2.0461311831513807,0.0,0.0,0.0,4870075.262884615,227882945.0,54.283,4870075.262884615,4870075.262884615,0.0,4870075.262884615,0.0,0.0,0.0,2137.095105070112
42,2023.0,0.0,Malaria,All,4870075.262884615,0.0,0.0,,15.39862015466606,2.0461311831513807,0.0,0.0,0.0,4870075.262884615,227882945.0,54.283,4870075.262884615,4870075.262884615,0.0,4870075.262884615,0.0,0.0,0.0,2137.095105070112
43,2023.0,0.0,Malaria,All,4870075.262884615,0.0,0.0,,15.39862015466606,2.0461311831513807,0.0,0.0,0.0,4870075.262884615,227882945.0,54.283,4870075.262884615,4870075.262884615,0.0,4870075.262884615,0.0,0.0,0.0,2137.095105070112
44,2023.0,0.0,Malaria,All,4870075.262884615,0.0,0.0,,15.39862015466606,2.0461311831513807,0.0,0.0,0.0,4870075.262884615,227882945.0,54.283,4870075.262884615,4870075.262884615,0.0,4870075.262884615,0.0,0.0,0.0,2137.095105070112
45,2023.0,0.0,Malaria,All,4870075.262884615,0.0,0.0,,15.39862015466606,2.0461311831513807,0.0,0.0,0.0,4870075.262884615,227882945.0,54.283,4870075.262884615,4870075.262884615,0.0,4870075.262884615,0.0,0.0,0.0,2137.095105070112
46,2023.0,0.0,Malaria,All,4870075.262884615,0.0,0.0,,15.39862015466606,2.0461311831513807,0.0,0.0,0.0,4870075.262884615,227882945.0,54.283,4870075.262884615,4870075.262884615,0.0,4870075.262884615,0.0,0.0,0.0,2137.095105070112
47,2023.0,0.0,Malaria,All,4870075.262884615,0.0,0.0,,15.39862015466606,2.0461311831513807,0.0,0.0,0.0,4870075.262884615,227882945.0,54.283,4870075.262884615,4870075.262884615,0.0,4870075.262884615,0.0,0.0,0.0,2137.095105070112
48,2023.0,0.0,Malaria,All,4870075.262884615,0.0,0.0,,15.39862015466606,2.0461311831513807,0.0,0.0,0.0,4870075.262884615,227882945.0,54.283,4870075.262884615,4870075.262884615,0.0,4870075.262884615,0.0,0.0,0.0,2137.095105070112
49,2023.0,0.0,Malaria,All,4870075.262884615,0.0,0.0,,15.39862015466606,2.0461311831513807,0.0,0.0,0.0,4870075.262884615,227882945.0,54.283,4870075.262884615,4870075.262884615,0.0,4870075.262884615,0.0,0.0,0.0,2137.095105070112
50,2023.0,0.0,Malaria,All,4870075.262884615,0.0,0.0,,15.39862015466606,2.0461311831513807,0.0,0.0,0.0,4870075.262884615,227882945.0,54.283,4870075.262884615,4870075.262884615,0.0,4870075.262884615,0.0,0.0,0.0,2137.095105070112
51,2023.0,0.0,Malaria,All,4870075.262884615,0.0,0.0,,15.39862015466606,2.0461311831513807,0.0,0.0,0.0,4870075.262884615,227882945.0,54.283,4870075.262884615,4870075.262884615,0.0,4870075.262884615,0.0,0.0,0.0,2137.095105070112
52,2023.0,0.0,Malaria,All,4870075.262884615,0.0,0.0,,15.39862015466606,2.0461311831513807,0.0,0.0,0.0,4870075.262884615,227882945.0,54.283,4870075.262884615,4870075.262884615,0.0,4870075.262884615,0.0,0.0,0.0,2137.095105070112
44,2018.0,1.0,Measles,Adamawa,38.0,0.0,0.0,2018-12-31,3.6635616461296463,-0.5247451352036774,30.985714285714288,50.42857142857143,0.1,135.82692307692307,204938755.0,50.344,0.0,0.0,0.0,38.0,0.0,0.0,0.0,0.018542124938740846
44,2018.0,1.0,Measles,Adamawa,38.0,0.0,0.0,2018-12-31,3.6635616461296463,-0.5247451352036774,30.985714285714288,50.42857142857143,0.1,135.82692307692307,204938755.0,50.344,38.0,0.0,0.0,38.0,0.0,0.0,0.0,0.018542124938740846
44,2018.0,1.0,Measles,Adamawa,38.0,0.0,0.0,2018-12-31,3.6635616461296463,-0.5247451352036774,30.985714285714288,50.42857142857143,0.1,135.82692307692307,204938755.0,50.344,38.0,38.0,0.0,38.0,0.0,0.0,0.0,0.018542124938740846
44,2018.0,1.0,Measles,Adamawa,38.0,0.0,0.0,2018-12-31,3.6635616461296463,-0.5247451352036774,30.985714285714288,50.42857142857143,0.1,135.82692307692307,204938755.0,50.344,38.0,38.0,0.0,38.0,0.0,0.0,0.0,0.018542124938740846
46,2018.0,1.0,Measles,Adamawa,83.0,2.0,2.41,2018-12-31,4.430816798843313,-0.10803576313016891,30.67142857142857,32.285714285714285,0.0,135.82692307692307,204938755.0,50.344,38.0,38.0,0.0,49.25,22.5,0.5,1.1842105263157894,0.04049990447146026
46,2018.0,1.0,Measles,Adamawa,83.0,2.0,2.41,2018-12-31,4.430816798843313,-0.10803576313016891,30.67142857142857,32.285714285714285,0.0,135.82692307692307,204938755.0,50.344,83.0,60.5,2.0,60.5,25.98076211353316,1.0,0.0,0.04049990447146026
46,2018.0,1.0,Measles,Adamawa,83.0,2.0,2.41,2018-12-31,4.430816798843313,-0.10803576313016891,30.67142857142857,32.285714285714285,0.0,135.82692307692307,204938755.0,50.344,83.0,83.0,2.0,71.75,22.5,1.5,0.0,0.04049990447146026
46,2018.0,1.0,Measles,Adamawa,83.0,2.0,2.41,2018-12-31,4.430816798843313,-0.10803576313016891,30.67142857142857,32.285714285714285,0.0,135.82692307692307,204938755.0,50.344,83.0,83.0,2.0,83.0,0.0,2.0,0.0,0.04049990447146026
0,2019.0,1.0,Measles,Adamawa,16.0,0.0,0.0,2019-12-30,2.833213344056216,-0.7284697171062815,0.0,0.0,0.0,0.0,0.0,51.157,83.0,83.0,2.0,66.25,33.5,1.5,-0.8072289156626506,0.0
0,2019.0,1.0,Measles,Akwa Ibom,18.0,0.0,0.0,2019-12-30,2.9444389791664403,-0.7099493005696812,0.0,0.0,0.0,0.0,0.0,51.157,0.0,0.0,0.0,18.0,0.0,0.0,0.0,0.0
2,2018.0,1.0,Measles,Anambra,48.0,0.0,0.0,2018-12-31,3.8918202981106265,-0.43214305252067553,28.357142857142858,66.42857142857143,2.1,135.82692307692307,204938755.0,50.344,0.0,0.0,0.0,48.0,0.0,0.0,0.0,0.023421631501567383
2,2018.0,1.0,Measles,Anambra,48.0,0.0,0.0,2018-12-31,3.8918202981106265,-0.43214305252067553,28.357142857142858,66.42857142857143,2.1,135.82692307692307,204938755.0,50.344,48.0,0.0,0.0,48.0,0.0,0.0,0.0,0.023421631501567383
2,2018.0,1.0,Measles,Anambra,48.0,0.0,0.0,2018-12-31,3.8918202981106265,-0.43214305252067553,28.357142857142858,66.42857142857143,2.1,135.82692307692307,204938755.0,50.344,48.0,48.0,0.0,48.0,0.0,0.0,0.0,0.023421631501567383
2,2018.0,1.0,Measles,Anambra,48.0,0.0,0.0,2018-12-31,3.8918202981106265,-0.43214305252067553,28.357142857142858,66.42857142857143,2.1,135.82692307692307,204938755.0,50.344,48.0,48.0,0.0,48.0,0.0,0.0,0.0,0.023421631501567383
11,2018.0,1.0,Measles,Borno,248.0,1.0,0.4,2018-12-31,5.517452896464707,1.4198986011393622,29.642857142857142,11.571428571428571,0.0,135.82692307692307,204938755.0,50.344,0.0,0.0,0.0,248.0,0.0,1.0,0.0,0.12101176275809815
11,2018.0,1.0,Measles,Borno,248.0,1.0,0.4,2018-12-31,5.517452896464707,1.4198986011393622,29.642857142857142,11.571428571428571,0.0,135.82692307692307,204938755.0,50.344,248.0,0.0,1.0,248.0,0.0,1.0,0.0,0.12101176275809815
11,2018.0,1.0,Measles,Borno,248.0,1.0,0.4,2018-12-31,5.517452896464707,1.4198986011393622,29.642857142857142,11.571428571428571,0.0,135.82692307692307,204938755.0,50.344,248.0,248.0,1.0,248.0,0.0,1.0,0.0,0.12101176275809815
11,2018.0,1.0,Measles,Borno,248.0,1.0,0.4,2018-12-31,5.517452896464707,1.4198986011393622,29.642857142857142,11.571428571428571,0.0,135.82692307692307,204938755.0,50.344,248.0,248.0,1.0,248.0,0.0,1.0,0.0,0.12101176275809815
0,2019.0,1.0,Measles,Borno,165.0,0.0,0.0,2019-12-30,5.111987788356544,0.6513013148704465,0.0,0.0,0.0,0.0,0.0,51.157,248.0,248.0,1.0,227.25,41.5,0.75,-0.3346774193548387,0.0
0,2019.0,1.0,Measles,Cross River,3.0,0.0,0.0,2019-12-30,1.3862943611198906,-0.848852424594184,0.0,0.0,0.0,0.0,0.0,51.157,0.0,0.0,0.0,3.0,0.0,0.0,0.0,0.0
2,2018.0,1.0,Measles,Enugu,22.0,0.0,0.0,2018-12-31,3.1354942159291497,-0.6729084674964804,27.957142857142856,55.142857142857146,1.1,135.82692307692307,204938755.0,50.344,0.0,0.0,0.0,22.0,0.0,0.0,0.0,0.010734914438218383
2,2018.0,1.0,Measles,Enugu,22.0,0.0,0.0,2018-12-31,3.1354942159291497,-0.6729084674964804,27.957142857142856,55.142857142857146,1.1,135.82692307692307,204938755.0,50.344,22.0,0.0,0.0,22.0,0.0,0.0,0.0,0.010734914438218383
2,2018.0,1.0,Measles,Enugu,22.0,0.0,0.0,2018-12-31,3.1354942159291497,-0.6729084674964804,27.957142857142856,55.142857142857146,1.1,135.82692307692307,204938755.0,50.344,22.0,22.0,0.0,22.0,0.0,0.0,0.0,0.010734914438218383
2,2018.0,1.0,Measles,Enugu,22.0,0.0,0.0,2018-12-31,3.1354942159291497,-0.6729084674964804,27.957142857142856,55.142857142857146,1.1,135.82692307692307,204938755.0,50.344,22.0,22.0,0.0,22.0,0.0,0.0,0.0,0.010734914438218383
4,2018.0,1.0,Measles,Gombe,17.0,0.0,0.0,2018-12-31,2.8903717578961645,-0.7192095088379814,22.61428571428572,18.714285714285715,0.0,135.82692307692307,204938755.0,50.344,0.0,0.0,0.0,17.0,0.0,0.0,0.0,0.008295161156805115
4,2018.0,1.0,Measles,Gombe,17.0,0.0,0.0,2018-12-31,2.8903717578961645,-0.7192095088379814,22.61428571428572,18.714285714285715,0.0,135.82692307692307,204938755.0,50.344,17.0,0.0,0.0,17.0,0.0,0.0,0.0,0.008295161156805115
4,2018.0,1.0,Measles,Gombe,17.0,0.0,0.0,2018-12-31,2.8903717578961645,-0.7192095088379814,22.61428571428572,18.714285714285715,0.0,135.82692307692307,204938755.0,50.344,17.0,17.0,0.0,17.0,0.0,0.0,0.0,0.008295161156805115
4,2018.0,1.0,Measles,Gombe,17.0,0.0,0.0,2018-12-31,2.8903717578961645,-0.7192095088379814,22.61428571428572,18.714285714285715,0.0,135.82692307692307,204938755.0,50.344,17.0,17.0,0.0,17.0,0.0,0.0,0.0,0.008295161156805115
4,2018.0,1.0,Measles,Imo,0.0,0.0,0.0,2018-12-31,0.0,-0.8766330493990846,28.24285714285714,61.42857142857143,0.7,135.82692307692307,204938755.0,50.344,0.0,0.0,0.0,0.0,0.0,0.0,0.0,0.0
4,2018.0,1.0,Measles,Imo,0.0,0.0,0.0,2018-12-31,0.0,-0.8766330493990846,28.24285714285714,61.42857142857143,0.7,135.82692307692307,204938755.0,50.344,0.0,0.0,0.0,0.0,0.0,0.0,0.0,0.0
4,2018.0,1.0,Measles,Imo,0.0,0.0,0.0,2018-12-31,0.0,-0.8766330493990846,28.24285714285714,61.42857142857143,0.7,135.82692307692307,204938755.0,50.344,0.0,0.0,0.0,0.0,0.0,0.0,0.0,0.0
4,2018.0,1.0,Measles,Imo,0.0,0.0,0.0,2018-12-31,0.0,-0.8766330493990846,28.24285714285714,61.42857142857143,0.7,135.82692307692307,204938755.0,50.344,0.0,0.0,0.0,0.0,0.0,0.0,0.0,0.0
10,2018.0,1.0,Measles,Kaduna,39.0,0.0,0.0,2018-12-31,3.6888794541139363,-0.5154849269353772,28.571428571428573,32.714285714285715,0.0,135.82692307692307,204938755.0,50.344,0.0,0.0,0.0,39.0,0.0,0.0,0.0,0.0190300755950235
10,2018.0,1.0,Measles,Kaduna,39.0,0.0,0.0,2018-12-31,3.6888794541139363,-0.5154849269353772,28.571428571428573,32.714285714285715,0.0,135.82692307692307,204938755.0,50.344,39.0,0.0,0.0,39.0,0.0,0.0,0.0,0.0190300755950235
10,2018.0,1.0,Measles,Kaduna,39.0,0.0,0.0,2018-12-31,3.6888794541139363,-0.5154849269353772,28.571428571428573,32.714285714285715,0.0,135.82692307692307,204938755.0,50.344,39.0,39.0,0.0,39.0,0.0,0.0,0.0,0.0190300755950235
10,2018.0,1.0,Measles,Kaduna,39.0,0.0,0.0,2018-12-31,3.6888794541139363,-0.5154849269353772,28.571428571428573,32.714285714285715,0.0,135.82692307692307,204938755.0,50.344,39.0,39.0,0.0,39.0,0.0,0.0,0.0,0.0190300755950235
14,2018.0,1.0,Measles,Kaduna,237.0,4.0,1.69,2018-12-31,5.472270673671475,1.31803631018806,29.37142857142857,35.714285714285715,0.0,135.82692307692307,204938755.0,50.344,39.0,39.0,0.0,88.5,99.0,1.0,5.076923076923077,0.11564430553898895
14,2018.0,1.0,Measles,Kaduna,237.0,4.0,1.69,2018-12-31,5.472270673671475,1.31803631018806,29.37142857142857,35.714285714285715,0.0,135.82692307692307,204938755.0,50.344,237.0,138.0,4.0,138.0,114.3153532995459,2.0,0.0,0.11564430553898895
14,2018.0,1.0,Measles,Kaduna,237.0,4.0,1.69,2018-12-31,5.472270673671475,1.31803631018806,29.37142857142857,35.714285714285715,0.0,135.82692307692307,204938755.0,50.344,237.0,237.0,4.0,187.5,99.0,3.0,0.0,0.11564430553898895
14,2018.0,1.0,Measles,Kaduna,237.0,4.0,1.69,2018-12-31,5.472270673671475,1.31803631018806,29.37142857142857,35.714285714285715,0.0,135.82692307692307,204938755.0,50.344,237.0,237.0,4.0,237.0,0.0,4.0,0.0,0.11564430553898895
0,2019.0,1.0,Measles,Kaduna,52.0,0.0,0.0,2019-12-30,3.970291913552122,-0.39510221944747476,0.0,0.0,0.0,0.0,0.0,51.157,237.0,237.0,4.0,190.75,92.5,3.0,-0.7805907172995781,0.0
21,2018.0,1.0,Measles,Kano,44.0,0.0,0.0,2018-12-31,3.8066624897703196,-0.46918388559387625,30.97142857142857,49.71428571428572,1.3,135.82692307692307,204938755.0,50.344,0.0,0.0,0.0,44.0,0.0,0.0,0.0,0.021469828876436767
21,2018.0,1.0,Measles,Kano,44.0,0.0,0.0,2018-12-31,3.8066624897703196,-0.46918388559387625,30.97142857142857,49.71428571428572,1.3,135.82692307692307,204938755.0,50.344,44.0,0.0,0.0,44.0,0.0,0.0,0.0,0.021469828876436767
21,2018.0,1.0,Measles,Kano,44.0,0.0,0.0,2018-12-31,3.8066624897703196,-0.46918388559387625,30.97142857142857,49.71428571428572,1.3,135.82692307692307,204938755.0,50.344,44.0,44.0,0.0,44.0,0.0,0.0,0.0,0.021469828876436767
21,2018.0,1.0,Measles,Kano,44.0,0.0,0.0,2018-12-31,3.8066624897703196,-0.46918388559387625,30.97142857142857,49.71428571428572,1.3,135.82692307692307,204938755.0,50.344,44.0,44.0,0.0,44.0,0.0,0.0,0.0,0.021469828876436767
27,2018.0,1.0,Measles,Kano,3.0,0.0,0.0,2018-12-31,1.3862943611198906,-0.848852424594184,26.014285714285712,77.0,32.0,135.82692307692307,204938755.0,50.344,44.0,44.0,0.0,33.75,20.5,0.0,-0.9318181818181818,0.0014638519688479614
27,2018.0,1.0,Measles,Kano,3.0,0.0,0.0,2018-12-31,1.3862943611198906,-0.848852424594184,26.014285714285712,77.0,32.0,135.82692307692307,204938755.0,50.344,3.0,23.5,0.0,23.5,23.671361036774655,0.0,0.0,0.0014638519688479614
27,2018.0,1.0,Measles,Kano,3.0,0.0,0.0,2018-12-31,1.3862943611198906,-0.848852424594184,26.014285714285712,77.0,32.0,135.82692307692307,204938755.0,50.344,3.0,3.0,0.0,13.25,20.5,0.0,0.0,0.0014638519688479614
27,2018.0,1.0,Measles,Kano,3.0,0.0,0.0,2018-12-31,1.3862943611198906,-0.848852424594184,26.014285714285712,77.0,32.0,135.82692307692307,204938755.0,50.344,3.0,3.0,0.0,3.0,0.0,0.0,0.0,0.0014638519688479614
0,2019.0,1.0,Measles,Kano,7.0,0.0,0.0,2019-12-30,2.0794415416798357,-0.8118115915209833,0.0,0.0,0.0,0.0,0.0,51.157,3.0,3.0,0.0,4.0,2.0,0.0,1.3333333333333333,0.0
53,2018.0,1.0,Measles,Katsina,252.0,0.0,0.0,2018-12-31,5.53338948872752,1.4569394342125628,0.0,0.0,0.0,0.0,0.0,50.344,0.0,0.0,0.0,252.0,0.0,0.0,0.0,0.0
62,2018.0,1.0,Measles,Katsina,267.0,0.0,0.0,2018-12-31,5.5909869805108565,1.5958425582370657,0.0,0.0,0.0,0.0,0.0,50.344,252.0,0.0,0.0,259.5,10.606601717798213,0.0,0.05952380952380952,0.0
0,2019.0,1.0,Measles,Katsina,356.0,0.0,0.0,2019-12-30,5.877735781779639,2.4200010941157823,0.0,0.0,0.0,0.0,0.0,51.157,267.0,259.5,0.0,291.6666666666667,56.21684207898317,0.0,0.3333333333333333,0.0
1,2018.0,1.0,Measles,Kebbi,31.0,0.0,0.0,2018-12-31,3.4657359027997265,-0.5895665930817787,23.3,17.428571428571427,0.0,135.82692307692307,204938755.0,50.344,0.0,0.0,0.0,31.0,0.0,0.0,0.0,0.015126470344762269
1,2018.0,1.0,Measles,Kebbi,31.0,0.0,0.0,2018-12-31,3.4657359027997265,-0.5895665930817787,23.3,17.428571428571427,0.0,135.82692307692307,204938755.0,50.344,31.0,0.0,0.0,31.0,0.0,0.0,0.0,0.015126470344762269
1,2018.0,1.0,Measles,Kebbi,31.0,0.0,0.0,2018-12-31,3.4657359027997265,-0.5895665930817787,23.3,17.428571428571427,0.0,135.82692307692307,204938755.0,50.344,31.0,31.0,0.0,31.0,0.0,0.0,0.0,0.015126470344762269
1,2018.0,1.0,Measles,Kebbi,31.0,0.0,0.0,2018-12-31,3.4657359027997265,-0.5895665930817787,23.3,17.428571428571427,0.0,135.82692307692307,204938755.0,50.344,31.0,31.0,0.0,31.0,0.0,0.0,0.0,0.015126470344762269
4,2018.0,1.0,Measles,Kebbi,64.0,3.0,4.69,2018-12-31,4.174387269895637,-0.2839797202278725,24.485714285714288,15.0,0.0,135.82692307692307,204938755.0,50.344,31.0,31.0,0.0,39.25,16.5,0.75,1.064516129032258,0.031228842002089845
4,2018.0,1.0,Measles,Kebbi,64.0,3.0,4.69,2018-12-31,4.174387269895637,-0.2839797202278725,24.485714285714288,15.0,0.0,135.82692307692307,204938755.0,50.344,64.0,47.5,3.0,47.5,19.05255888325765,1.5,0.0,0.031228842002089845
4,2018.0,1.0,Measles,Kebbi,64.0,3.0,4.69,2018-12-31,4.174387269895637,-0.2839797202278725,24.485714285714288,15.0,0.0,135.82692307692307,204938755.0,50.344,64.0,64.0,3.0,55.75,16.5,2.25,0.0,0.031228842002089845
4,2018.0,1.0,Measles,Kebbi,64.0,3.0,4.69,2018-12-31,4.174387269895637,-0.2839797202278725,24.485714285714288,15.0,0.0,135.82692307692307,204938755.0,50.344,64.0,64.0,3.0,64.0,0.0,3.0,0.0,0.031228842002089845
1,2018.0,1.0,Measles,Kwara,2.0,0.0,0.0,2018-12-31,1.0986122886681098,-0.8581126328624842,25.414285714285715,23.142857142857142,0.0,135.82692307692307,204938755.0,50.344,0.0,0.0,0.0,2.0,0.0,0.0,0.0,0.0009759013125653077
1,2018.0,1.0,Measles,Kwara,2.0,0.0,0.0,2018-12-31,1.0986122886681098,-0.8581126328624842,25.414285714285715,23.142857142857142,0.0,135.82692307692307,204938755.0,50.344,2.0,0.0,0.0,2.0,0.0,0.0,0.0,0.0009759013125653077
1,2018.0,1.0,Measles,Kwara,2.0,0.0,0.0,2018-12-31,1.0986122886681098,-0.8581126328624842,25.414285714285715,23.142857142857142,0.0,135.82692307692307,204938755.0,50.344,2.0,2.0,0.0,2.0,0.0,0.0,0.0,0.0009759013125653077
1,2018.0,1.0,Measles,Plateau,8.0,0.0,0.0,2018-12-31,2.1972245773362196,-0.802551383252683,26.571428571428573,18.142857142857142,0.0,135.82692307692307,204938755.0,50.344,0.0,0.0,0.0,8.0,0.0,0.0,0.0,0.0039036052502612307
1,2018.0,1.0,Measles,Plateau,8.0,0.0,0.0,2018-12-31,2.1972245773362196,-0.802551383252683,26.571428571428573,18.142857142857142,0.0,135.82692307692307,204938755.0,50.344,8.0,0.0,0.0,8.0,0.0,0.0,0.0,0.0039036052502612307
1,2018.0,1.0,Measles,Plateau,8.0,0.0,0.0,2018-12-31,2.1972245773362196,-0.802551383252683,26.571428571428573,18.142857142857142,0.0,135.82692307692307,204938755.0,50.344,8.0,8.0,0.0,8.0,0.0,0.0,0.0,0.0039036052502612307
1,2018.0,1.0,Measles,Plateau,8.0,0.0,0.0,2018-12-31,2.1972245773362196,-0.802551383252683,26.571428571428573,18.142857142857142,0.0,135.82692307692307,204938755.0,50.344,8.0,8.0,0.0,8.0,0.0,0.0,0.0,0.0039036052502612307
2,2018.0,1.0,Measles,Plateau,3.0,0.0,0.0,2018-12-31,1.3862943611198906,-0.848852424594184,27.357142857142858,21.0,0.0,135.82692307692307,204938755.0,50.344,8.0,8.0,0.0,6.75,2.5,0.0,-0.625,0.0014638519688479614
2,2018.0,1.0,Measles,Plateau,3.0,0.0,0.0,2018-12-31,1.3862943611198906,-0.848852424594184,27.357142857142858,21.0,0.0,135.82692307692307,204938755.0,50.344,3.0,5.5,0.0,5.5,2.8867513459481287,0.0,0.0,0.0014638519688479614
2,2018.0,1.0,Measles,Plateau,3.0,0.0,0.0,2018-12-31,1.3862943611198906,-0.848852424594184,27.357142857142858,21.0,0.0,135.82692307692307,204938755.0,50.344,3.0,3.0,0.0,4.25,2.5,0.0,0.0,0.0014638519688479614
2,2018.0,1.0,Measles,Plateau,3.0,0.0,0.0,2018-12-31,1.3862943611198906,-0.848852424594184,27.357142857142858,21.0,0.0,135.82692307692307,204938755.0,50.344,3.0,3.0,0.0,3.0,0.0,0.0,0.0,0.0014638519688479614
2,2018.0,1.0,Measles,Sokoto,91.0,0.0,0.0,2018-12-31,4.5217885770490405,-0.033954096983767404,22.228571428571428,16.428571428571427,0.0,135.82692307692307,204938755.0,50.344,0.0,0.0,0.0,91.0,0.0,0.0,0.0,0.044403509721721496
2,2018.0,1.0,Measles,Sokoto,91.0,0.0,0.0,2018-12-31,4.5217885770490405,-0.033954096983767404,22.228571428571428,16.428571428571427,0.0,135.82692307692307,204938755.0,50.344,91.0,0.0,0.0,91.0,0.0,0.0,0.0,0.044403509721721496
2,2018.0,1.0,Measles,Sokoto,91.0,0.0,0.0,2018-12-31,4.5217885770490405,-0.033954096983767404,22.228571428571428,16.428571428571427,0.0,135.82692307692307,204938755.0,50.344,91.0,91.0,0.0,91.0,0.0,0.0,0.0,0.044403509721721496
2,2018.0,1.0,Measles,Sokoto,91.0,0.0,0.0,2018-12-31,4.5217885770490405,-0.033954096983767404,22.228571428571428,16.428571428571427,0.0,135.82692307692307,204938755.0,50.344,91.0,91.0,0.0,91.0,0.0,0.0,0.0,0.044403509721721496
5,2019.0,1.0,Measles,Sokoto,324.0,5.0,1.54,2019-12-30,5.783825182329737,2.1236744295301766,25.557142857142857,11.714285714285714,0.0,540.2692307692307,209485641.0,51.157,91.0,91.0,0.0,149.25,116.5,1.25,2.5604395604395602,0.15466453855899365
5,2019.0,1.0,Measles,Sokoto,324.0,5.0,1.54,2019-12-30,5.783825182329737,2.1236744295301766,25.557142857142857,11.714285714285714,0.0,540.2692307692307,209485641.0,51.157,324.0,207.5,5.0,207.5,134.5226127211828,2.5,0.0,0.15466453855899365
5,2019.0,1.0,Measles,Sokoto,324.0,5.0,1.54,2019-12-30,5.783825182329737,2.1236744295301766,25.557142857142857,11.714285714285714,0.0,540.2692307692307,209485641.0,51.157,324.0,324.0,5.0,265.75,116.5,3.75,0.0,0.15466453855899365
5,2019.0,1.0,Measles,Sokoto,324.0,5.0,1.54,2019-12-30,5.783825182329737,2.1236744295301766,25.557142857142857,11.714285714285714,0.0,540.2692307692307,209485641.0,51.157,324.0,324.0,5.0,324.0,0.0,5.0,0.0,0.15466453855899365
10,2018.0,1.0,Measles,Yobe,98.0,0.0,0.0,2018-12-31,4.59511985013459,0.03086736089433392,29.62857142857143,9.571428571428571,0.0,135.82692307692307,204938755.0,50.344,0.0,0.0,0.0,98.0,0.0,0.0,0.0,0.047819164315700075
10,2018.0,1.0,Measles,Yobe,98.0,0.0,0.0,2018-12-31,4.59511985013459,0.03086736089433392,29.62857142857143,9.571428571428571,0.0,135.82692307692307,204938755.0,50.344,98.0,0.0,0.0,98.0,0.0,0.0,0.0,0.047819164315700075
10,2018.0,1.0,Measles,Yobe,98.0,0.0,0.0,2018-12-31,4.59511985013459,0.03086736089433392,29.62857142857143,9.571428571428571,0.0,135.82692307692307,204938755.0,50.344,98.0,98.0,0.0,98.0,0.0,0.0,0.0,0.047819164315700075
10,2018.0,1.0,Measles,Yobe,98.0,0.0,0.0,2018-12-31,4.59511985013459,0.03086736089433392,29.62857142857143,9.571428571428571,0.0,135.82692307692307,204938755.0,50.344,98.0,98.0,0.0,98.0,0.0,0.0,0.0,0.047819164315700075
16,2018.0,1.0,Measles,Yobe,216.0,0.0,0.0,2018-12-31,5.37989735354046,1.1235719365537562,33.41428571428572,21.428571428571427,0.0,135.82692307692307,204938755.0,50.344,98.0,98.0,0.0,127.5,59.0,0.0,1.2040816326530612,0.10539734175705322
16,2018.0,1.0,Measles,Yobe,216.0,0.0,0.0,2018-12-31,5.37989735354046,1.1235719365537562,33.41428571428572,21.428571428571427,0.0,135.82692307692307,204938755.0,50.344,216.0,157.0,0.0,157.0,68.12733176437584,0.0,0.0,0.10539734175705322
16,2018.0,1.0,Measles,Yobe,216.0,0.0,0.0,2018-12-31,5.37989735354046,1.1235719365537562,33.41428571428572,21.428571428571427,0.0,135.82692307692307,204938755.0,50.344,216.0,216.0,0.0,186.5,59.00000000000001,0.0,0.0,0.10539734175705322
16,2018.0,1.0,Measles,Yobe,216.0,0.0,0.0,2018-12-31,5.37989735354046,1.1235719365537562,33.41428571428572,21.428571428571427,0.0,135.82692307692307,204938755.0,50.344,216.0,216.0,0.0,216.0,0.0,0.0,0.0,0.10539734175705322
0,2019.0,1.0,Measles,Yobe,88.0,0.0,0.0,2019-12-30,4.48863636973214,-0.06173472178866797,0.0,0.0,0.0,0.0,0.0,51.157,216.0,216.0,0.0,184.0,64.0,0.0,-0.5925925925925926,0.0
1,2009.0,0.0,Meningitis,All,1079.3846153846157,0.0,0.0,,6.985072382076807,2.2269902544288125,0.0,0.0,0.0,1079.3846153846157,0.0,42.588,0.0,0.0,0.0,1079.3846153846157,0.0,0.0,0.0,0.0
2,2009.0,0.0,Meningitis,All,1079.3846153846157,0.0,0.0,,6.985072382076807,2.2269902544288125,0.0,0.0,0.0,1079.3846153846157,0.0,42.588,1079.3846153846157,0.0,0.0,1079.3846153846157,0.0,0.0,0.0,0.0
3,2009.0,0.0,Meningitis,All,1079.3846153846157,0.0,0.0,,6.985072382076807,2.2269902544288125,0.0,0.0,0.0,1079.3846153846157,0.0,42.588,1079.3846153846157,1079.3846153846157,0.0,1079.3846153846157,0.0,0.0,0.0,0.0
4,2009.0,0.0,Meningitis,All,1079.3846153846157,0.0,0.0,,6.985072382076807,2.2269902544288125,0.0,0.0,0.0,1079.3846153846157,0.0,42.588,1079.3846153846157,1079.3846153846157,0.0,1079.3846153846157,0.0,0.0,0.0,0.0
5,2009.0,0.0,Meningitis,All,1079.3846153846157,0.0,0.0,,6.985072382076807,2.2269902544288125,0.0,0.0,0.0,1079.3846153846157,0.0,42.588,1079.3846153846157,1079.3846153846157,0.0,1079.3846153846157,0.0,0.0,0.0,0.0
6,2009.0,0.0,Meningitis,All,1079.3846153846157,0.0,0.0,,6.985072382076807,2.2269902544288125,0.0,0.0,0.0,1079.3846153846157,0.0,42.588,1079.3846153846157,1079.3846153846157,0.0,1079.3846153846157,0.0,0.0,0.0,0.0
7,2009.0,0.0,Meningitis,All,1079.3846153846157,0.0,0.0,,6.985072382076807,2.2269902544288125,0.0,0.0,0.0,1079.3846153846157,0.0,42.588,1079.3846153846157,1079.3846153846157,0.0,1079.3846153846157,0.0,0.0,0.0,0.0
8,2009.0,0.0,Meningitis,All,1079.3846153846157,0.0,0.0,,6.985072382076807,2.2269902544288125,0.0,0.0,0.0,1079.3846153846157,0.0,42.588,1079.3846153846157,1079.3846153846157,0.0,1079.3846153846157,0.0,0.0,0.0,0.0
9,2009.0,0.0,Meningitis,All,1079.3846153846157,0.0,0.0,,6.985072382076807,2.2269902544288125,0.0,0.0,0.0,1079.3846153846157,0.0,42.588,1079.3846153846157,1079.3846153846157,0.0,1079.3846153846157,0.0,0.0,0.0,0.0
10,2009.0,0.0,Meningitis,All,1079.3846153846157,0.0,0.0,,6.985072382076807,2.2269902544288125,0.0,0.0,0.0,1079.3846153846157,0.0,42.588,1079.3846153846157,1079.3846153846157,0.0,1079.3846153846157,0.0,0.0,0.0,0.0
11,2009.0,0.0,Meningitis,All,1079.3846153846157,0.0,0.0,,6.985072382076807,2.2269902544288125,0.0,0.0,0.0,1079.3846153846157,0.0,42.588,1079.3846153846157,1079.3846153846157,0.0,1079.3846153846157,0.0,0.0,0.0,0.0
12,2009.0,0.0,Meningitis,All,1079.3846153846157,0.0,0.0,,6.985072382076807,2.2269902544288125,0.0,0.0,0.0,1079.3846153846157,0.0,42.588,1079.3846153846157,1079.3846153846157,0.0,1079.3846153846157,0.0,0.0,0.0,0.0
13,2009.0,0.0,Meningitis,All,1079.3846153846157,0.0,0.0,,6.985072382076807,2.2269902544288125,0.0,0.0,0.0,1079.3846153846157,0.0,42.588,1079.3846153846157,1079.3846153846157,0.0,1079.3846153846157,0.0,0.0,0.0,0.0
14,2009.0,0.0,Meningitis,All,1079.3846153846157,0.0,0.0,,6.985072382076807,2.2269902544288125,0.0,0.0,0.0,1079.3846153846157,0.0,42.588,1079.3846153846157,1079.3846153846157,0.0,1079.3846153846157,0.0,0.0,0.0,0.0
15,2009.0,0.0,Meningitis,All,1079.3846153846157,0.0,0.0,,6.985072382076807,2.2269902544288125,0.0,0.0,0.0,1079.3846153846157,0.0,42.588,1079.3846153846157,1079.3846153846157,0.0,1079.3846153846157,0.0,0.0,0.0,0.0
16,2009.0,0.0,Meningitis,All,1079.3846153846157,0.0,0.0,,6.985072382076807,2.2269902544288125,0.0,0.0,0.0,1079.3846153846157,0.0,42.588,1079.3846153846157,1079.3846153846157,0.0,1079.3846153846157,0.0,0.0,0.0,0.0
17,2009.0,0.0,Meningitis,All,1079.3846153846157,0.0,0.0,,6.985072382076807,2.2269902544288125,0.0,0.0,0.0,1079.3846153846157,0.0,42.588,1079.3846153846157,1079.3846153846157,0.0,1079.3846153846157,0.0,0.0,0.0,0.0
18,2009.0,0.0,Meningitis,All,1079.3846153846157,0.0,0.0,,6.985072382076807,2.2269902544288125,0.0,0.0,0.0,1079.3846153846157,0.0,42.588,1079.3846153846157,1079.3846153846157,0.0,1079.3846153846157,0.0,0.0,0.0,0.0
19,2009.0,0.0,Meningitis,All,1079.3846153846157,0.0,0.0,,6.985072382076807,2.2269902544288125,0.0,0.0,0.0,1079.3846153846157,0.0,42.588,1079.3846153846157,1079.3846153846157,0.0,1079.3846153846157,0.0,0.0,0.0,0.0
20,2009.0,0.0,Meningitis,All,1079.3846153846157,0.0,0.0,,6.985072382076807,2.2269902544288125,0.0,0.0,0.0,1079.3846153846157,0.0,42.588,1079.3846153846157,1079.3846153846157,0.0,1079.3846153846157,0.0,0.0,0.0,0.0
21,2009.0,0.0,Meningitis,All,1079.3846153846157,0.0,0.0,,6.985072382076807,2.2269902544288125,0.0,0.0,0.0,1079.3846153846157,0.0,42.588,1079.3846153846157,1079.3846153846157,0.0,1079.3846153846157,0.0,0.0,0.0,0.0
22,2009.0,0.0,Meningitis,All,1079.3846153846157,0.0,0.0,,6.985072382076807,2.2269902544288125,0.0,0.0,0.0,1079.3846153846157,0.0,42.588,1079.3846153846157,1079.3846153846157,0.0,1079.3846153846157,0.0,0.0,0.0,0.0
23,2009.0,0.0,Meningitis,All,1079.3846153846157,0.0,0.0,,6.985072382076807,2.2269902544288125,0.0,0.0,0.0,1079.3846153846157,0.0,42.588,1079.3846153846157,1079.3846153846157,0.0,1079.3846153846157,0.0,0.0,0.0,0.0
24,2009.0,0.0,Meningitis,All,1079.3846153846157,0.0,0.0,,6.985072382076807,2.2269902544288125,0.0,0.0,0.0,1079.3846153846157,0.0,42.588,1079.3846153846157,1079.3846153846157,0.0,1079.3846153846157,0.0,0.0,0.0,0.0
25,2009.0,0.0,Meningitis,All,1079.3846153846157,0.0,0.0,,6.985072382076807,2.2269902544288125,0.0,0.0,0.0,1079.3846153846157,0.0,42.588,1079.3846153846157,1079.3846153846157,0.0,1079.3846153846157,0.0,0.0,0.0,0.0
26,2009.0,0.0,Meningitis,All,1079.3846153846157,0.0,0.0,,6.985072382076807,2.2269902544288125,0.0,0.0,0.0,1079.3846153846157,0.0,42.588,1079.3846153846157,1079.3846153846157,0.0,1079.3846153846157,0.0,0.0,0.0,0.0
27,2009.0,0.0,Meningitis,All,1079.3846153846157,0.0,0.0,,6.985072382076807,2.2269902544288125,0.0,0.0,0.0,1079.3846153846157,0.0,42.588,1079.3846153846157,1079.3846153846157,0.0,1079.3846153846157,0.0,0.0,0.0,0.0
28,2009.0,0.0,Meningitis,All,1079.3846153846157,0.0,0.0,,6.985072382076807,2.2269902544288125,0.0,0.0,0.0,1079.3846153846157,0.0,42.588,1079.3846153846157,1079.3846153846157,0.0,1079.3846153846157,0.0,0.0,0.0,0.0
29,2009.0,0.0,Meningitis,All,1079.3846153846157,0.0,0.0,,6.985072382076807,2.2269902544288125,0.0,0.0,0.0,1079.3846153846157,0.0,42.588,1079.3846153846157,1079.3846153846157,0.0,1079.3846153846157,0.0,0.0,0.0,0.0
30,2009.0,0.0,Meningitis,All,1079.3846153846157,0.0,0.0,,6.985072382076807,2.2269902544288125,0.0,0.0,0.0,1079.3846153846157,0.0,42.588,1079.3846153846157,1079.3846153846157,0.0,1079.3846153846157,0.0,0.0,0.0,0.0
31,2009.0,0.0,Meningitis,All,1079.3846153846157,0.0,0.0,,6.985072382076807,2.2269902544288125,0.0,0.0,0.0,1079.3846153846157,0.0,42.588,1079.3846153846157,1079.3846153846157,0.0,1079.3846153846157,0.0,0.0,0.0,0.0
32,2009.0,0.0,Meningitis,All,1079.3846153846157,0.0,0.0,,6.985072382076807,2.2269902544288125,0.0,0.0,0.0,1079.3846153846157,0.0,42.588,1079.3846153846157,1079.3846153846157,0.0,1079.3846153846157,0.0,0.0,0.0,0.0
33,2009.0,0.0,Meningitis,All,1079.3846153846157,0.0,0.0,,6.985072382076807,2.2269902544288125,0.0,0.0,0.0,1079.3846153846157,0.0,42.588,1079.3846153846157,1079.3846153846157,0.0,1079.3846153846157,0.0,0.0,0.0,0.0
34,2009.0,0.0,Meningitis,All,1079.3846153846157,0.0,0.0,,6.985072382076807,2.2269902544288125,0.0,0.0,0.0,1079.3846153846157,0.0,42.588,1079.3846153846157,1079.3846153846157,0.0,1079.3846153846157,0.0,0.0,0.0,0.0
35,2009.0,0.0,Meningitis,All,1079.3846153846157,0.0,0.0,,6.985072382076807,2.2269902544288125,0.0,0.0,0.0,1079.3846153846157,0.0,42.588,1079.3846153846157,1079.3846153846157,0.0,1079.3846153846157,0.0,0.0,0.0,0.0
36,2009.0,0.0,Meningitis,All,1079.3846153846157,0.0,0.0,,6.985072382076807,2.2269902544288125,0.0,0.0,0.0,1079.3846153846157,0.0,42.588,1079.3846153846157,1079.3846153846157,0.0,1079.3846153846157,0.0,0.0,0.0,0.0
37,2009.0,0.0,Meningitis,All,1079.3846153846157,0.0,0.0,,6.985072382076807,2.2269902544288125,0.0,0.0,0.0,1079.3846153846157,0.0,42.588,1079.3846153846157,1079.3846153846157,0.0,1079.3846153846157,0.0,0.0,0.0,0.0
38,2009.0,0.0,Meningitis,All,1079.3846153846157,0.0,0.0,,6.985072382076807,2.2269902544288125,0.0,0.0,0.0,1079.3846153846157,0.0,42.588,1079.3846153846157,1079.3846153846157,0.0,1079.3846153846157,0.0,0.0,0.0,0.0
39,2009.0,0.0,Meningitis,All,1079.3846153846157,0.0,0.0,,6.985072382076807,2.2269902544288125,0.0,0.0,0.0,1079.3846153846157,0.0,42.588,1079.3846153846157,1079.3846153846157,0.0,1079.3846153846157,0.0,0.0,0.0,0.0
40,2009.0,0.0,Meningitis,All,1079.3846153846157,0.0,0.0,,6.985072382076807,2.2269902544288125,0.0,0.0,0.0,1079.3846153846157,0.0,42.588,1079.3846153846157,1079.3846153846157,0.0,1079.3846153846157,0.0,0.0,0.0,0.0
41,2009.0,0.0,Meningitis,All,1079.3846153846157,0.0,0.0,,6.985072382076807,2.2269902544288125,0.0,0.0,0.0,1079.3846153846157,0.0,42.588,1079.3846153846157,1079.3846153846157,0.0,1079.3846153846157,0.0,0.0,0.0,0.0
42,2009.0,0.0,Meningitis,All,1079.3846153846157,0.0,0.0,,6.985072382076807,2.2269902544288125,0.0,0.0,0.0,1079.3846153846157,0.0,42.588,1079.3846153846157,1079.3846153846157,0.0,1079.3846153846157,0.0,0.0,0.0,0.0
43,2009.0,0.0,Meningitis,All,1079.3846153846157,0.0,0.0,,6.985072382076807,2.2269902544288125,0.0,0.0,0.0,1079.3846153846157,0.0,42.588,1079.3846153846157,1079.3846153846157,0.0,1079.3846153846157,0.0,0.0,0.0,0.0
44,2009.0,0.0,Meningitis,All,1079.3846153846157,0.0,0.0,,6.985072382076807,2.2269902544288125,0.0,0.0,0.0,1079.3846153846157,0.0,42.588,1079.3846153846157,1079.3846153846157,0.0,1079.3846153846157,0.0,0.0,0.0,0.0
45,2009.0,0.0,Meningitis,All,1079.3846153846157,0.0,0.0,,6.985072382076807,2.2269902544288125,0.0,0.0,0.0,1079.3846153846157,0.0,42.588,1079.3846153846157,1079.3846153846157,0.0,1079.3846153846157,0.0,0.0,0.0,0.0
46,2009.0,0.0,Meningitis,All,1079.3846153846157,0.0,0.0,,6.985072382076807,2.2269902544288125,0.0,0.0,0.0,1079.3846153846157,0.0,42.588,1079.3846153846157,1079.3846153846157,0.0,1079.3846153846157,0.0,0.0,0.0,0.0
47,2009.0,0.0,Meningitis,All,1079.3846153846157,0.0,0.0,,6.985072382076807,2.2269902544288125,0.0,0.0,0.0,1079.3846153846157,0.0,42.588,1079.3846153846157,1079.3846153846157,0.0,1079.3846153846157,0.0,0.0,0.0,0.0
48,2009.0,0.0,Meningitis,All,1079.3846153846157,0.0,0.0,,6.985072382076807,2.2269902544288125,0.0,0.0,0.0,1079.3846153846157,0.0,42.588,1079.3846153846157,1079.3846153846157,0.0,1079.3846153846157,0.0,0.0,0.0,0.0
49,2009.0,0.0,Meningitis,All,1079.3846153846157,0.0,0.0,,6.985072382076807,2.2269902544288125,0.0,0.0,0.0,1079.3846153846157,0.0,42.588,1079.3846153846157,1079.3846153846157,0.0,1079.3846153846157,0.0,0.0,0.0,0.0
50,2009.0,0.0,Meningitis,All,1079.3846153846157,0.0,0.0,,6.985072382076807,2.2269902544288125,0.0,0.0,0.0,1079.3846153846157,0.0,42.588,1079.3846153846157,1079.3846153846157,0.0,1079.3846153846157,0.0,0.0,0.0,0.0
51,2009.0,0.0,Meningitis,All,1079.3846153846157,0.0,0.0,,6.985072382076807,2.2269902544288125,0.0,0.0,0.0,1079.3846153846157,0.0,42.588,1079.3846153846157,1079.3846153846157,0.0,1079.3846153846157,0.0,0.0,0.0,0.0
52,2009.0,0.0,Meningitis,All,1079.3846153846157,0.0,0.0,,6.985072382076807,2.2269902544288125,0.0,0.0,0.0,1079.3846153846157,0.0,42.588,1079.3846153846157,1079.3846153846157,0.0,1079.3846153846157,0.0,0.0,0.0,0.0
1,2010.0,0.0,Meningitis,All,95.82692307692308,0.0,0.0,,4.572925086571235,-0.29253673044277606,0.0,0.0,0.0,95.82692307692308,0.0,43.48,1079.3846153846157,1079.3846153846157,0.0,833.4951923076925,491.77884615384636,0.0,-0.9112207810718358,0.0
2,2010.0,0.0,Meningitis,All,95.82692307692308,0.0,0.0,,4.572925086571235,-0.29253673044277606,0.0,0.0,0.0,95.82692307692308,0.0,43.48,95.82692307692308,587.6057692307694,0.0,587.6057692307694,567.8572984173735,0.0,0.0,0.0
3,2010.0,0.0,Meningitis,All,95.82692307692308,0.0,0.0,,4.572925086571235,-0.29253673044277606,0.0,0.0,0.0,95.82692307692308,0.0,43.48,95.82692307692308,95.82692307692308,0.0,341.71634615384625,491.7788461538464,0.0,0.0,0.0
4,2010.0,0.0,Meningitis,All,95.82692307692308,0.0,0.0,,4.572925086571235,-0.29253673044277606,0.0,0.0,0.0,95.82692307692308,0.0,43.48,95.82692307692308,95.82692307692308,0.0,95.82692307692308,0.0,0.0,0.0,0.0
5,2010.0,0.0,Meningitis,All,95.82692307692308,0.0,0.0,,4.572925086571235,-0.29253673044277606,0.0,0.0,0.0,95.82692307692308,0.0,43.48,95.82692307692308,95.82692307692308,0.0,95.82692307692308,0.0,0.0,0.0,0.0
6,2010.0,0.0,Meningitis,All,95.82692307692308,0.0,0.0,,4.572925086571235,-0.29253673044277606,0.0,0.0,0.0,95.82692307692308,0.0,43.48,95.82692307692308,95.82692307692308,0.0,95.82692307692308,0.0,0.0,0.0,0.0
7,2010.0,0.0,Meningitis,All,95.82692307692308,0.0,0.0,,4.572925086571235,-0.29253673044277606,0.0,0.0,0.0,95.82692307692308,0.0,43.48,95.82692307692308,95.82692307692308,0.0,95.82692307692308,0.0,0.0,0.0,0.0
8,2010.0,0.0,Meningitis,All,95.82692307692308,0.0,0.0,,4.572925086571235,-0.29253673044277606,0.0,0.0,0.0,95.82692307692308,0.0,43.48,95.82692307692308,95.82692307692308,0.0,95.82692307692308,0.0,0.0,0.0,0.0
9,2010.0,0.0,Meningitis,All,95.82692307692308,0.0,0.0,,4.572925086571235,-0.29253673044277606,0.0,0.0,0.0,95.82692307692308,0.0,43.48,95.82692307692308,95.82692307692308,0.0,95.82692307692308,0.0,0.0,0.0,0.0
10,2010.0,0.0,Meningitis,All,95.82692307692308,0.0,0.0,,4.572925086571235,-0.29253673044277606,0.0,0.0,0.0,95.82692307692308,0.0,43.48,95.82692307692308,95.82692307692308,0.0,95.82692307692308,0.0,0.0,0.0,0.0
11,2010.0,0.0,Meningitis,All,95.82692307692308,0.0,0.0,,4.572925086571235,-0.29253673044277606,0.0,0.0,0.0,95.82692307692308,0.0,43.48,95.82692307692308,95.82692307692308,0.0,95.82692307692308,0.0,0.0,0.0,0.0
12,2010.0,0.0,Meningitis,All,95.82692307692308,0.0,0.0,,4.572925086571235,-0.29253673044277606,0.0,0.0,0.0,95.82692307692308,0.0,43.48,95.82692307692308,95.82692307692308,0.0,95.82692307692308,0.0,0.0,0.0,0.0
13,2010.0,0.0,Meningitis,All,95.82692307692308,0.0,0.0,,4.572925086571235,-0.29253673044277606,0.0,0.0,0.0,95.82692307692308,0.0,43.48,95.82692307692308,95.82692307692308,0.0,95.82692307692308,0.0,0.0,0.0,0.0
14,2010.0,0.0,Meningitis,All,95.82692307692308,0.0,0.0,,4.572925086571235,-0.29253673044277606,0.0,0.0,0.0,95.82692307692308,0.0,43.48,95.82692307692308,95.82692307692308,0.0,95.82692307692308,0.0,0.0,0.0,0.0
15,2010.0,0.0,Meningitis,All,95.82692307692308,0.0,0.0,,4.572925086571235,-0.29253673044277606,0.0,0.0,0.0,95.82692307692308,0.0,43.48,95.82692307692308,95.82692307692308,0.0,95.82692307692308,0.0,0.0,0.0,0.0
16,2010.0,0.0,Meningitis,All,95.82692307692308,0.0,0.0,,4.572925086571235,-0.29253673044277606,0.0,0.0,0.0,95.82692307692308,0.0,43.48,95.82692307692308,95.82692307692308,0.0,95.82692307692308,0.0,0.0,0.0,0.0
17,2010.0,0.0,Meningitis,All,95.82692307692308,0.0,0.0,,4.572925086571235,-0.29253673044277606,0.0,0.0,0.0,95.82692307692308,0.0,43.48,95.82692307692308,95.82692307692308,0.0,95.82692307692308,0.0,0.0,0.0,0.0
18,2010.0,0.0,Meningitis,All,95.82692307692308,0.0,0.0,,4.572925086571235,-0.29253673044277606,0.0,0.0,0.0,95.82692307692308,0.0,43.48,95.82692307692308,95.82692307692308,0.0,95.82692307692308,0.0,0.0,0.0,0.0
19,2010.0,0.0,Meningitis,All,95.82692307692308,0.0,0.0,,4.572925086571235,-0.29253673044277606,0.0,0.0,0.0,95.82692307692308,0.0,43.48,95.82692307692308,95.82692307692308,0.0,95.82692307692308,0.0,0.0,0.0,0.0
20,2010.0,0.0,Meningitis,All,95.82692307692308,0.0,0.0,,4.572925086571235,-0.29253673044277606,0.0,0.0,0.0,95.82692307692308,0.0,43.48,95.82692307692308,95.82692307692308,0.0,95.82692307692308,0.0,0.0,0.0,0.0
21,2010.0,0.0,Meningitis,All,95.82692307692308,0.0,0.0,,4.572925086571235,-0.29253673044277606,0.0,0.0,0.0,95.82692307692308,0.0,43.48,95.82692307692308,95.82692307692308,0.0,95.82692307692308,0.0,0.0,0.0,0.0
22,2010.0,0.0,Meningitis,All,95.82692307692308,0.0,0.0,,4.572925086571235,-0.29253673044277606,0.0,0.0,0.0,95.82692307692308,0.0,43.48,95.82692307692308,95.82692307692308,0.0,95.82692307692308,0.0,0.0,0.0,0.0
23,2010.0,0.0,Meningitis,All,95.82692307692308,0.0,0.0,,4.572925086571235,-0.29253673044277606,0.0,0.0,0.0,95.82692307692308,0.0,43.48,95.82692307692308,95.82692307692308,0.0,95.82692307692308,0.0,0.0,0.0,0.0
24,2010.0,0.0,Meningitis,All,95.82692307692308,0.0,0.0,,4.572925086571235,-0.29253673044277606,0.0,0.0,0.0,95.82692307692308,0.0,43.48,95.82692307692308,95.82692307692308,0.0,95.82692307692308,0.0,0.0,0.0,0.0
25,2010.0,0.0,Meningitis,All,95.82692307692308,0.0,0.0,,4.572925086571235,-0.29253673044277606,0.0,0.0,0.0,95.82692307692308,0.0,43.48,95.82692307692308,95.82692307692308,0.0,95.82692307692308,0.0,0.0,0.0,0.0
26,2010.0,0.0,Meningitis,All,95.82692307692308,0.0,0.0,,4.572925086571235,-0.29253673044277606,0.0,0.0,0.0,95.82692307692308,0.0,43.48,95.82692307692308,95.82692307692308,0.0,95.82692307692308,0.0,0.0,0.0,0.0
27,2010.0,0.0,Meningitis,All,95.82692307692308,0.0,0.0,,4.572925086571235,-0.29253673044277606,0.0,0.0,0.0,95.82692307692308,0.0,43.48,95.82692307692308,95.82692307692308,0.0,95.82692307692308,0.0,0.0,0.0,0.0
28,2010.0,0.0,Meningitis,All,95.82692307692308,0.0,0.0,,4.572925086571235,-0.29253673044277606,0.0,0.0,0.0,95.82692307692308,0.0,43.48,95.82692307692308,95.82692307692308,0.0,95.82692307692308,0.0,0.0,0.0,0.0
29,2010.0,0.0,Meningitis,All,95.82692307692308,0.0,0.0,,4.572925086571235,-0.29253673044277606,0.0,0.0,0.0,95.82692307692308,0.0,43.48,95.82692307692308,95.82692307692308,0.0,95.82692307692308,0.0,0.0,0.0,0.0
30,2010.0,0.0,Meningitis,All,95.82692307692308,0.0,0.0,,4.572925086571235,-0.29253673044277606,0.0,0.0,0.0,95.82692307692308,0.0,43.48,95.82692307692308,95.82692307692308,0.0,95.82692307692308,0.0,0.0,0.0,0.0
31,2010.0,0.0,Meningitis,All,95.82692307692308,0.0,0.0,,4.572925086571235,-0.29253673044277606,0.0,0.0,0.0,95.82692307692308,0.0,43.48,95.82692307692308,95.82692307692308,0.0,95.82692307692308,0.0,0.0,0.0,0.0
32,2010.0,0.0,Meningitis,All,95.82692307692308,0.0,0.0,,4.572925086571235,-0.29253673044277606,0.0,0.0,0.0,95.82692307692308,0.0,43.48,95.82692307692308,95.82692307692308,0.0,95.82692307692308,0.0,0.0,0.0,0.0
33,2010.0,0.0,Meningitis,All,95.82692307692308,0.0,0.0,,4.572925086571235,-0.29253673044277606,0.0,0.0,0.0,95.82692307692308,0.0,43.48,95.82692307692308,95.82692307692308,0.0,95.82692307692308,0.0,0.0,0.0,0.0
34,2010.0,0.0,Meningitis,All,95.82692307692308,0.0,0.0,,4.572925086571235,-0.29253673044277606,0.0,0.0,0.0,95.82692307692308,0.0,43.48,95.82692307692308,95.82692307692308,0.0,95.82692307692308,0.0,0.0,0.0,0.0
35,2010.0,0.0,Meningitis,All,95.82692307692308,0.0,0.0,,4.572925086571235,-0.29253673044277606,0.0,0.0,0.0,95.82692307692308,0.0,43.48,95.82692307692308,95.82692307692308,0.0,95.82692307692308,0.0,0.0,0.0,0.0
36,2010.0,0.0,Meningitis,All,95.82692307692308,0.0,0.0,,4.572925086571235,-0.29253673044277606,0.0,0.0,0.0,95.82692307692308,0.0,43.48,95.82692307692308,95.82692307692308,0.0,95.82692307692308,0.0,0.0,0.0,0.0
37,2010.0,0.0,Meningitis,All,95.82692307692308,0.0,0.0,,4.572925086571235,-0.29253673044277606,0.0,0.0,0.0,95.82692307692308,0.0,43.48,95.82692307692308,95.82692307692308,0.0,95.82692307692308,0.0,0.0,0.0,0.0
38,2010.0,0.0,Meningitis,All,95.82692307692308,0.0,0.0,,4.572925086571235,-0.29253673044277606,0.0,0.0,0.0,95.82692307692308,0.0,43.48,95.82692307692308,95.82692307692308,0.0,95.82692307692308,0.0,0.0,0.0,0.0
39,2010.0,0.0,Meningitis,All,95.82692307692308,0.0,0.0,,4.572925086571235,-0.29253673044277606,0.0,0.0,0.0,95.82692307692308,0.0,43.48,95.82692307692308,95.82692307692308,0.0,95.82692307692308,0.0,0.0,0.0,0.0
40,2010.0,0.0,Meningitis,All,95.82692307692308,0.0,0.0,,4.572925086571235,-0.29253673044277606,0.0,0.0,0.0,95.82692307692308,0.0,43.48,95.82692307692308,95.82692307692308,0.0,95.82692307692308,0.0,0.0,0.0,0.0
41,2010.0,0.0,Meningitis,All,95.82692307692308,0.0,0.0,,4.572925086571235,-0.29253673044277606,0.0,0.0,0.0,95.82692307692308,0.0,43.48,95.82692307692308,95.82692307692308,0.0,95.82692307692308,0.0,0.0,0.0,0.0
42,2010.0,0.0,Meningitis,All,95.82692307692308,0.0,0.0,,4.572925086571235,-0.29253673044277606,0.0,0.0,0.0,95.82692307692308,0.0,43.48,95.82692307692308,95.82692307692308,0.0,95.82692307692308,0.0,0.0,0.0,0.0
43,2010.0,0.0,Meningitis,All,95.82692307692308,0.0,0.0,,4.572925086571235,-0.29253673044277606,0.0,0.0,0.0,95.82692307692308,0.0,43.48,95.82692307692308,95.82692307692308,0.0,95.82692307692308,0.0,0.0,0.0,0.0
44,2010.0,0.0,Meningitis,All,95.82692307692308,0.0,0.0,,4.572925086571235,-0.29253673044277606,0.0,0.0,0.0,95.82692307692308,0.0,43.48,95.82692307692308,95.82692307692308,0.0,95.82692307692308,0.0,0.0,0.0,0.0
45,2010.0,0.0,Meningitis,All,95.82692307692308,0.0,0.0,,4.572925086571235,-0.29253673044277606,0.0,0.0,0.0,95.82692307692308,0.0,43.48,95.82692307692308,95.82692307692308,0.0,95.82692307692308,0.0,0.0,0.0,0.0
46,2010.0,0.0,Meningitis,All,95.82692307692308,0.0,0.0,,4.572925086571235,-0.29253673044277606,0.0,0.0,0.0,95.82692307692308,0.0,43.48,95.82692307692308,95.82692307692308,0.0,95.82692307692308,0.0,0.0,0.0,0.0
47,2010.0,0.0,Meningitis,All,95.82692307692308,0.0,0.0,,4.572925086571235,-0.29253673044277606,0.0,0.0,0.0,95.82692307692308,0.0,43.48,95.82692307692308,95.82692307692308,0.0,95.82692307692308,0.0,0.0,0.0,0.0
48,2010.0,0.0,Meningitis,All,95.82692307692308,0.0,0.0,,4.572925086571235,-0.29253673044277606,0.0,0.0,0.0,95.82692307692308,0.0,43.48,95.82692307692308,95.82692307692308,0.0,95.82692307692308,0.0,0.0,0.0,0.0
49,2010.0,0.0,Meningitis,All,95.82692307692308,0.0,0.0,,4.572925086571235,-0.29253673044277606,0.0,0.0,0.0,95.82692307692308,0.0,43.48,95.82692307692308,95.82692307692308,0.0,95.82692307692308,0.0,0.0,0.0,0.0
50,2010.0,0.0,Meningitis,All,95.82692307692308,0.0,0.0,,4.572925086571235,-0.29253673044277606,0.0,0.0,0.0,95.82692307692308,0.0,43.48,95.82692307692308,95.82692307692308,0.0,95.82692307692308,0.0,0.0,0.0,0.0
51,2010.0,0.0,Meningitis,All,95.82692307692308,0.0,0.0,,4.572925086571235,-0.29253673044277606,0.0,0.0,0.0,95.82692307692308,0.0,43.48,95.82692307692308,95.82692307692308,0.0,95.82692307692308,0.0,0.0,0.0,0.0
52,2010.0,0.0,Meningitis,All,95.82692307692308,0.0,0.0,,4.572925086571235,-0.29253673044277606,0.0,0.0,0.0,95.82692307692308,0.0,43.48,95.82692307692308,95.82692307692308,0.0,95.82692307692308,0.0,0.0,0.0,0.0
1,2011.0,0.0,Meningitis,All,22.403846153846157,0.0,0.0,,3.1529003744061,-0.48062068837101385,0.0,0.0,0.0,22.403846153846157,0.0,44.366,95.82692307692308,95.82692307692308,0.0,77.47115384615384,36.71153846154063,0.0,-0.7662050973309251,0.0
2,2011.0,0.0,Meningitis,All,22.403846153846157,0.0,0.0,,3.1529003744061,-0.48062068837101385,0.0,0.0,0.0,22.403846153846157,0.0,44.366,22.403846153846157,59.11538461538462,0.0,59.11538461538462,42.39083322627098,0.0,0.0,0.0
3,2011.0,0.0,Meningitis,All,22.403846153846157,0.0,0.0,,3.1529003744061,-0.48062068837101385,0.0,0.0,0.0,22.403846153846157,0.0,44.366,22.403846153846157,22.403846153846157,0.0,40.759615384615394,36.71153846154073,0.0,0.0,0.0
4,2011.0,0.0,Meningitis,All,22.403846153846157,0.0,0.0,,3.1529003744061,-0.48062068837101385,0.0,0.0,0.0,22.403846153846157,0.0,44.366,22.403846153846157,22.403846153846157,0.0,22.403846153846157,0.0,0.0,0.0,0.0
5,2011.0,0.0,Meningitis,All,22.403846153846157,0.0,0.0,,3.1529003744061,-0.48062068837101385,0.0,0.0,0.0,22.403846153846157,0.0,44.366,22.403846153846157,22.403846153846157,0.0,22.403846153846157,0.0,0.0,0.0,0.0
6,2011.0,0.0,Meningitis,All,22.403846153846157,0.0,0.0,,3.1529003744061,-0.48062068837101385,0.0,0.0,0.0,22.403846153846157,0.0,44.366,22.403846153846157,22.403846153846157,0.0,22.403846153846157,0.0,0.0,0.0,0.0
7,2011.0,0.0,Meningitis,All,22.403846153846157,0.0,0.0,,3.1529003744061,-0.48062068837101385,0.0,0.0,0.0,22.403846153846157,0.0,44.366,22.403846153846157,22.403846153846157,0.0,22.403846153846157,0.0,0.0,0.0,0.0
8,2011.0,0.0,Meningitis,All,22.403846153846157,0.0,0.0,,3.1529003744061,-0.48062068837101385,0.0,0.0,0.0,22.403846153846157,0.0,44.366,22.403846153846157,22.403846153846157,0.0,22.403846153846157,0.0,0.0,0.0,0.0
9,2011.0,0.0,Meningitis,All,22.403846153846157,0.0,0.0,,3.1529003744061,-0.48062068837101385,0.0,0.0,0.0,22.403846153846157,0.0,44.366,22.403846153846157,22.403846153846157,0.0,22.403846153846157,0.0,0.0,0.0,0.0
10,2011.0,0.0,Meningitis,All,22.403846153846157,0.0,0.0,,3.1529003744061,-0.48062068837101385,0.0,0.0,0.0,22.403846153846157,0.0,44.366,22.403846153846157,22.403846153846157,0.0,22.403846153846157,0.0,0.0,0.0,0.0
11,2011.0,0.0,Meningitis,All,22.403846153846157,0.0,0.0,,3.1529003744061,-0.48062068837101385,0.0,0.0,0.0,22.403846153846157,0.0,44.366,22.403846153846157,22.403846153846157,0.0,22.403846153846157,0.0,0.0,0.0,0.0
12,2011.0,0.0,Meningitis,All,22.403846153846157,0.0,0.0,,3.1529003744061,-0.48062068837101385,0.0,0.0,0.0,22.403846153846157,0.0,44.366,22.403846153846157,22.403846153846157,0.0,22.403846153846157,0.0,0.0,0.0,0.0
13,2011.0,0.0,Meningitis,All,22.403846153846157,0.0,0.0,,3.1529003744061,-0.48062068837101385,0.0,0.0,0.0,22.403846153846157,0.0,44.366,22.403846153846157,22.403846153846157,0.0,22.403846153846157,0.0,0.0,0.0,0.0
14,2011.0,0.0,Meningitis,All,22.403846153846157,0.0,0.0,,3.1529003744061,-0.48062068837101385,0.0,0.0,0.0,22.403846153846157,0.0,44.366,22.403846153846157,22.403846153846157,0.0,22.403846153846157,0.0,0.0,0.0,0.0
15,2011.0,0.0,Meningitis,All,22.403846153846157,0.0,0.0,,3.1529003744061,-0.48062068837101385,0.0,0.0,0.0,22.403846153846157,0.0,44.366,22.403846153846157,22.403846153846157,0.0,22.403846153846157,0.0,0.0,0.0,0.0
16,2011.0,0.0,Meningitis,All,22.403846153846157,0.0,0.0,,3.1529003744061,-0.48062068837101385,0.0,0.0,0.0,22.403846153846157,0.0,44.366,22.403846153846157,22.403846153846157,0.0,22.403846153846157,0.0,0.0,0.0,0.0
17,2011.0,0.0,Meningitis,All,22.403846153846157,0.0,0.0,,3.1529003744061,-0.48062068837101385,0.0,0.0,0.0,22.403846153846157,0.0,44.366,22.403846153846157,22.403846153846157,0.0,22.403846153846157,0.0,0.0,0.0,0.0
18,2011.0,0.0,Meningitis,All,22.403846153846157,0.0,0.0,,3.1529003744061,-0.48062068837101385,0.0,0.0,0.0,22.403846153846157,0.0,44.366,22.403846153846157,22.403846153846157,0.0,22.403846153846157,0.0,0.0,0.0,0.0
19,2011.0,0.0,Meningitis,All,22.403846153846157,0.0,0.0,,3.1529003744061,-0.48062068837101385,0.0,0.0,0.0,22.403846153846157,0.0,44.366,22.403846153846157,22.403846153846157,0.0,22.403846153846157,0.0,0.0,0.0,0.0
20,2011.0,0.0,Meningitis,All,22.403846153846157,0.0,0.0,,3.1529003744061,-0.48062068837101385,0.0,0.0,0.0,22.403846153846157,0.0,44.366,22.403846153846157,22.403846153846157,0.0,22.403846153846157,0.0,0.0,0.0,0.0
21,2011.0,0.0,Meningitis,All,22.403846153846157,0.0,0.0,,3.1529003744061,-0.48062068837101385,0.0,0.0,0.0,22.403846153846157,0.0,44.366,22.403846153846157,22.403846153846157,0.0,22.403846153846157,0.0,0.0,0.0,0.0
22,2011.0,0.0,Meningitis,All,22.403846153846157,0.0,0.0,,3.1529003744061,-0.48062068837101385,0.0,0.0,0.0,22.403846153846157,0.0,44.366,22.403846153846157,22.403846153846157,0.0,22.403846153846157,0.0,0.0,0.0,0.0
23,2011.0,0.0,Meningitis,All,22.403846153846157,0.0,0.0,,3.1529003744061,-0.48062068837101385,0.0,0.0,0.0,22.403846153846157,0.0,44.366,22.403846153846157,22.403846153846157,0.0,22.403846153846157,0.0,0.0,0.0,0.0
24,2011.0,0.0,Meningitis,All,22.403846153846157,0.0,0.0,,3.1529003744061,-0.48062068837101385,0.0,0.0,0.0,22.403846153846157,0.0,44.366,22.403846153846157,22.403846153846157,0.0,22.403846153846157,0.0,0.0,0.0,0.0
25,2011.0,0.0,Meningitis,All,22.403846153846157,0.0,0.0,,3.1529003744061,-0.48062068837101385,0.0,0.0,0.0,22.403846153846157,0.0,44.366,22.403846153846157,22.403846153846157,0.0,22.403846153846157,0.0,0.0,0.0,0.0
26,2011.0,0.0,Meningitis,All,22.403846153846157,0.0,0.0,,3.1529003744061,-0.48062068837101385,0.0,0.0,0.0,22.403846153846157,0.0,44.366,22.403846153846157,22.403846153846157,0.0,22.403846153846157,0.0,0.0,0.0,0.0
27,2011.0,0.0,Meningitis,All,22.403846153846157,0.0,0.0,,3.1529003744061,-0.48062068837101385,0.0,0.0,0.0,22.403846153846157,0.0,44.366,22.403846153846157,22.403846153846157,0.0,22.403846153846157,0.0,0.0,0.0,0.0
28,2011.0,0.0,Meningitis,All,22.403846153846157,0.0,0.0,,3.1529003744061,-0.48062068837101385,0.0,0.0,0.0,22.403846153846157,0.0,44.366,22.403846153846157,22.403846153846157,0.0,22.403846153846157,0.0,0.0,0.0,0.0
29,2011.0,0.0,Meningitis,All,22.403846153846157,0.0,0.0,,3.1529003744061,-0.48062068837101385,0.0,0.0,0.0,22.403846153846157,0.0,44.366,22.403846153846157,22.403846153846157,0.0,22.403846153846157,0.0,0.0,0.0,0.0
30,2011.0,0.0,Meningitis,All,22.403846153846157,0.0,0.0,,3.1529003744061,-0.48062068837101385,0.0,0.0,0.0,22.403846153846157,0.0,44.366,22.403846153846157,22.403846153846157,0.0,22.403846153846157,0.0,0.0,0.0,0.0
31,2011.0,0.0,Meningitis,All,22.403846153846157,0.0,0.0,,3.1529003744061,-0.48062068837101385,0.0,0.0,0.0,22.403846153846157,0.0,44.366,22.403846153846157,22.403846153846157,0.0,22.403846153846157,0.0,0.0,0.0,0.0
32,2011.0,0.0,Meningitis,All,22.403846153846157,0.0,0.0,,3.1529003744061,-0.48062068837101385,0.0,0.0,0.0,22.403846153846157,0.0,44.366,22.403846153846157,22.403846153846157,0.0,22.403846153846157,0.0,0.0,0.0,0.0
33,2011.0,0.0,Meningitis,All,22.403846153846157,0.0,0.0,,3.1529003744061,-0.48062068837101385,0.0,0.0,0.0,22.403846153846157,0.0,44.366,22.403846153846157,22.403846153846157,0.0,22.403846153846157,0.0,0.0,0.0,0.0
34,2011.0,0.0,Meningitis,All,22.403846153846157,0.0,0.0,,3.1529003744061,-0.48062068837101385,0.0,0.0,0.0,22.403846153846157,0.0,44.366,22.403846153846157,22.403846153846157,0.0,22.403846153846157,0.0,0.0,0.0,0.0
35,2011.0,0.0,Meningitis,All,22.403846153846157,0.0,0.0,,3.1529003744061,-0.48062068837101385,0.0,0.0,0.0,22.403846153846157,0.0,44.366,22.403846153846157,22.403846153846157,0.0,22.403846153846157,0.0,0.0,0.0,0.0
36,2011.0,0.0,Meningitis,All,22.403846153846157,0.0,0.0,,3.1529003744061,-0.48062068837101385,0.0,0.0,0.0,22.403846153846157,0.0,44.366,22.403846153846157,22.403846153846157,0.0,22.403846153846157,0.0,0.0,0.0,0.0
37,2011.0,0.0,Meningitis,All,22.403846153846157,0.0,0.0,,3.1529003744061,-0.48062068837101385,0.0,0.0,0.0,22.403846153846157,0.0,44.366,22.403846153846157,22.403846153846157,0.0,22.403846153846157,0.0,0.0,0.0,0.0
38,2011.0,0.0,Meningitis,All,22.403846153846157,0.0,0.0,,3.1529003744061,-0.48062068837101385,0.0,0.0,0.0,22.403846153846157,0.0,44.366,22.403846153846157,22.403846153846157,0.0,22.403846153846157,0.0,0.0,0.0,0.0
39,2011.0,0.0,Meningitis,All,22.403846153846157,0.0,0.0,,3.1529003744061,-0.48062068837101385,0.0,0.0,0.0,22.403846153846157,0.0,44.366,22.403846153846157,22.403846153846157,0.0,22.403846153846157,0.0,0.0,0.0,0.0
40,2011.0,0.0,Meningitis,All,22.403846153846157,0.0,0.0,,3.1529003744061,-0.48062068837101385,0.0,0.0,0.0,22.403846153846157,0.0,44.366,22.403846153846157,22.403846153846157,0.0,22.403846153846157,0.0,0.0,0.0,0.0
41,2011.0,0.0,Meningitis,All,22.403846153846157,0.0,0.0,,3.1529003744061,-0.48062068837101385,0.0,0.0,0.0,22.403846153846157,0.0,44.366,22.403846153846157,22.403846153846157,0.0,22.403846153846157,0.0,0.0,0.0,0.0
42,2011.0,0.0,Meningitis,All,22.403846153846157,0.0,0.0,,3.1529003744061,-0.48062068837101385,0.0,0.0,0.0,22.403846153846157,0.0,44.366,22.403846153846157,22.403846153846157,0.0,22.403846153846157,0.0,0.0,0.0,0.0
43,2011.0,0.0,Meningitis,All,22.403846153846157,0.0,0.0,,3.1529003744061,-0.48062068837101385,0.0,0.0,0.0,22.403846153846157,0.0,44.366,22.403846153846157,22.403846153846157,0.0,22.403846153846157,0.0,0.0,0.0,0.0
44,2011.0,0.0,Meningitis,All,22.403846153846157,0.0,0.0,,3.1529003744061,-0.48062068837101385,0.0,0.0,0.0,22.403846153846157,0.0,44.366,22.403846153846157,22.403846153846157,0.0,22.403846153846157,0.0,0.0,0.0,0.0
45,2011.0,0.0,Meningitis,All,22.403846153846157,0.0,0.0,,3.1529003744061,-0.48062068837101385,0.0,0.0,0.0,22.403846153846157,0.0,44.366,22.403846153846157,22.403846153846157,0.0,22.403846153846157,0.0,0.0,0.0,0.0
46,2011.0,0.0,Meningitis,All,22.403846153846157,0.0,0.0,,3.1529003744061,-0.48062068837101385,0.0,0.0,0.0,22.403846153846157,0.0,44.366,22.403846153846157,22.403846153846157,0.0,22.403846153846157,0.0,0.0,0.0,0.0
47,2011.0,0.0,Meningitis,All,22.403846153846157,0.0,0.0,,3.1529003744061,-0.48062068837101385,0.0,0.0,0.0,22.403846153846157,0.0,44.366,22.403846153846157,22.403846153846157,0.0,22.403846153846157,0.0,0.0,0.0,0.0
48,2011.0,0.0,Meningitis,All,22.403846153846157,0.0,0.0,,3.1529003744061,-0.48062068837101385,0.0,0.0,0.0,22.403846153846157,0.0,44.366,22.403846153846157,22.403846153846157,0.0,22.403846153846157,0.0,0.0,0.0,0.0
49,2011.0,0.0,Meningitis,All,22.403846153846157,0.0,0.0,,3.1529003744061,-0.48062068837101385,0.0,0.0,0.0,22.403846153846157,0.0,44.366,22.403846153846157,22.403846153846157,0.0,22.403846153846157,0.0,0.0,0.0,0.0
50,2011.0,0.0,Meningitis,All,22.403846153846157,0.0,0.0,,3.1529003744061,-0.48062068837101385,0.0,0.0,0.0,22.403846153846157,0.0,44.366,22.403846153846157,22.403846153846157,0.0,22.403846153846157,0.0,0.0,0.0,0.0
51,2011.0,0.0,Meningitis,All,22.403846153846157,0.0,0.0,,3.1529003744061,-0.48062068837101385,0.0,0.0,0.0,22.403846153846157,0.0,44.366,22.403846153846157,22.403846153846157,0.0,22.403846153846157,0.0,0.0,0.0,0.0
52,2011.0,0.0,Meningitis,All,22.403846153846157,0.0,0.0,,3.1529003744061,-0.48062068837101385,0.0,0.0,0.0,22.403846153846157,0.0,44.366,22.403846153846157,22.403846153846157,0.0,22.403846153846157,0.0,0.0,0.0,0.0
1,2012.0,0.0,Meningitis,All,23.192307692307693,0.0,0.0,,3.1860347186789584,-0.4786009287389925,0.0,0.0,0.0,23.192307692307693,0.0,45.246,22.403846153846157,22.403846153846157,0.0,22.60096153846154,0.39423076944623003,0.0,0.03519313304721021,0.0
2,2012.0,0.0,Meningitis,All,23.192307692307693,0.0,0.0,,3.1860347186789584,-0.4786009287389925,0.0,0.0,0.0,23.192307692307693,0.0,45.246,23.192307692307693,22.798076923076927,0.0,22.798076923076923,0.4552184816629858,0.0,0.0,0.0
3,2012.0,0.0,Meningitis,All,23.192307692307693,0.0,0.0,,3.1860347186789584,-0.4786009287389925,0.0,0.0,0.0,23.192307692307693,0.0,45.246,23.192307692307693,23.192307692307693,0.0,22.99519230769231,0.3942307694461285,0.0,0.0,0.0
4,2012.0,0.0,Meningitis,All,23.192307692307693,0.0,0.0,,3.1860347186789584,-0.4786009287389925,0.0,0.0,0.0,23.192307692307693,0.0,45.246,23.192307692307693,23.192307692307693,0.0,23.192307692307693,0.0,0.0,0.0,0.0
5,2012.0,0.0,Meningitis,All,23.192307692307693,0.0,0.0,,3.1860347186789584,-0.4786009287389925,0.0,0.0,0.0,23.192307692307693,0.0,45.246,23.192307692307693,23.192307692307693,0.0,23.192307692307693,0.0,0.0,0.0,0.0
6,2012.0,0.0,Meningitis,All,23.192307692307693,0.0,0.0,,3.1860347186789584,-0.4786009287389925,0.0,0.0,0.0,23.192307692307693,0.0,45.246,23.192307692307693,23.192307692307693,0.0,23.192307692307693,0.0,0.0,0.0,0.0
7,2012.0,0.0,Meningitis,All,23.192307692307693,0.0,0.0,,3.1860347186789584,-0.4786009287389925,0.0,0.0,0.0,23.192307692307693,0.0,45.246,23.192307692307693,23.192307692307693,0.0,23.192307692307693,0.0,0.0,0.0,0.0
8,2012.0,0.0,Meningitis,All,23.192307692307693,0.0,0.0,,3.1860347186789584,-0.4786009287389925,0.0,0.0,0.0,23.192307692307693,0.0,45.246,23.192307692307693,23.192307692307693,0.0,23.192307692307693,0.0,0.0,0.0,0.0
9,2012.0,0.0,Meningitis,All,23.192307692307693,0.0,0.0,,3.1860347186789584,-0.4786009287389925,0.0,0.0,0.0,23.192307692307693,0.0,45.246,23.192307692307693,23.192307692307693,0.0,23.192307692307693,0.0,0.0,0.0,0.0
10,2012.0,0.0,Meningitis,All,23.192307692307693,0.0,0.0,,3.1860347186789584,-0.4786009287389925,0.0,0.0,0.0,23.192307692307693,0.0,45.246,23.192307692307693,23.192307692307693,0.0,23.192307692307693,0.0,0.0,0.0,0.0
11,2012.0,0.0,Meningitis,All,23.192307692307693,0.0,0.0,,3.1860347186789584,-0.4786009287389925,0.0,0.0,0.0,23.192307692307693,0.0,45.246,23.192307692307693,23.192307692307693,0.0,23.192307692307693,0.0,0.0,0.0,0.0
12,2012.0,0.0,Meningitis,All,23.192307692307693,0.0,0.0,,3.1860347186789584,-0.4786009287389925,0.0,0.0,0.0,23.192307692307693,0.0,45.246,23.192307692307693,23.192307692307693,0.0,23.192307692307693,0.0,0.0,0.0,0.0
13,2012.0,0.0,Meningitis,All,23.192307692307693,0.0,0.0,,3.1860347186789584,-0.4786009287389925,0.0,0.0,0.0,23.192307692307693,0.0,45.246,23.192307692307693,23.192307692307693,0.0,23.192307692307693,0.0,0.0,0.0,0.0
14,2012.0,0.0,Meningitis,All,23.192307692307693,0.0,0.0,,3.1860347186789584,-0.4786009287389925,0.0,0.0,0.0,23.192307692307693,0.0,45.246,23.192307692307693,23.192307692307693,0.0,23.192307692307693,0.0,0.0,0.0,0.0
15,2012.0,0.0,Meningitis,All,23.192307692307693,0.0,0.0,,3.1860347186789584,-0.4786009287389925,0.0,0.0,0.0,23.192307692307693,0.0,45.246,23.192307692307693,23.192307692307693,0.0,23.192307692307693,0.0,0.0,0.0,0.0
16,2012.0,0.0,Meningitis,All,23.192307692307693,0.0,0.0,,3.1860347186789584,-0.4786009287389925,0.0,0.0,0.0,23.192307692307693,0.0,45.246,23.192307692307693,23.192307692307693,0.0,23.192307692307693,0.0,0.0,0.0,0.0
17,2012.0,0.0,Meningitis,All,23.192307692307693,0.0,0.0,,3.1860347186789584,-0.4786009287389925,0.0,0.0,0.0,23.192307692307693,0.0,45.246,23.192307692307693,23.192307692307693,0.0,23.192307692307693,0.0,0.0,0.0,0.0
18,2012.0,0.0,Meningitis,All,23.192307692307693,0.0,0.0,,3.1860347186789584,-0.4786009287389925,0.0,0.0,0.0,23.192307692307693,0.0,45.246,23.192307692307693,23.192307692307693,0.0,23.192307692307693,0.0,0.0,0.0,0.0
19,2012.0,0.0,Meningitis,All,23.192307692307693,0.0,0.0,,3.1860347186789584,-0.4786009287389925,0.0,0.0,0.0,23.192307692307693,0.0,45.246,23.192307692307693,23.192307692307693,0.0,23.192307692307693,0.0,0.0,0.0,0.0
20,2012.0,0.0,Meningitis,All,23.192307692307693,0.0,0.0,,3.1860347186789584,-0.4786009287389925,0.0,0.0,0.0,23.192307692307693,0.0,45.246,23.192307692307693,23.192307692307693,0.0,23.192307692307693,0.0,0.0,0.0,0.0
21,2012.0,0.0,Meningitis,All,23.192307692307693,0.0,0.0,,3.1860347186789584,-0.4786009287389925,0.0,0.0,0.0,23.192307692307693,0.0,45.246,23.192307692307693,23.192307692307693,0.0,23.192307692307693,0.0,0.0,0.0,0.0
22,2012.0,0.0,Meningitis,All,23.192307692307693,0.0,0.0,,3.1860347186789584,-0.4786009287389925,0.0,0.0,0.0,23.192307692307693,0.0,45.246,23.192307692307693,23.192307692307693,0.0,23.192307692307693,0.0,0.0,0.0,0.0
23,2012.0,0.0,Meningitis,All,23.192307692307693,0.0,0.0,,3.1860347186789584,-0.4786009287389925,0.0,0.0,0.0,23.192307692307693,0.0,45.246,23.192307692307693,23.192307692307693,0.0,23.192307692307693,0.0,0.0,0.0,0.0
24,2012.0,0.0,Meningitis,All,23.192307692307693,0.0,0.0,,3.1860347186789584,-0.4786009287389925,0.0,0.0,0.0,23.192307692307693,0.0,45.246,23.192307692307693,23.192307692307693,0.0,23.192307692307693,0.0,0.0,0.0,0.0
25,2012.0,0.0,Meningitis,All,23.192307692307693,0.0,0.0,,3.1860347186789584,-0.4786009287389925,0.0,0.0,0.0,23.192307692307693,0.0,45.246,23.192307692307693,23.192307692307693,0.0,23.192307692307693,0.0,0.0,0.0,0.0
26,2012.0,0.0,Meningitis,All,23.192307692307693,0.0,0.0,,3.1860347186789584,-0.4786009287389925,0.0,0.0,0.0,23.192307692307693,0.0,45.246,23.192307692307693,23.192307692307693,0.0,23.192307692307693,0.0,0.0,0.0,0.0
27,2012.0,0.0,Meningitis,All,23.192307692307693,0.0,0.0,,3.1860347186789584,-0.4786009287389925,0.0,0.0,0.0,23.192307692307693,0.0,45.246,23.192307692307693,23.192307692307693,0.0,23.192307692307693,0.0,0.0,0.0,0.0
28,2012.0,0.0,Meningitis,All,23.192307692307693,0.0,0.0,,3.1860347186789584,-0.4786009287389925,0.0,0.0,0.0,23.192307692307693,0.0,45.246,23.192307692307693,23.192307692307693,0.0,23.192307692307693,0.0,0.0,0.0,0.0
29,2012.0,0.0,Meningitis,All,23.192307692307693,0.0,0.0,,3.1860347186789584,-0.4786009287389925,0.0,0.0,0.0,23.192307692307693,0.0,45.246,23.192307692307693,23.192307692307693,0.0,23.192307692307693,0.0,0.0,0.0,0.0
30,2012.0,0.0,Meningitis,All,23.192307692307693,0.0,0.0,,3.1860347186789584,-0.4786009287389925,0.0,0.0,0.0,23.192307692307693,0.0,45.246,23.192307692307693,23.192307692307693,0.0,23.192307692307693,0.0,0.0,0.0,0.0
31,2012.0,0.0,Meningitis,All,23.192307692307693,0.0,0.0,,3.1860347186789584,-0.4786009287389925,0.0,0.0,0.0,23.192307692307693,0.0,45.246,23.192307692307693,23.192307692307693,0.0,23.192307692307693,0.0,0.0,0.0,0.0
32,2012.0,0.0,Meningitis,All,23.192307692307693,0.0,0.0,,3.1860347186789584,-0.4786009287389925,0.0,0.0,0.0,23.192307692307693,0.0,45.246,23.192307692307693,23.192307692307693,0.0,23.192307692307693,0.0,0.0,0.0,0.0
33,2012.0,0.0,Meningitis,All,23.192307692307693,0.0,0.0,,3.1860347186789584,-0.4786009287389925,0.0,0.0,0.0,23.192307692307693,0.0,45.246,23.192307692307693,23.192307692307693,0.0,23.192307692307693,0.0,0.0,0.0,0.0
34,2012.0,0.0,Meningitis,All,23.192307692307693,0.0,0.0,,3.1860347186789584,-0.4786009287389925,0.0,0.0,0.0,23.192307692307693,0.0,45.246,23.192307692307693,23.192307692307693,0.0,23.192307692307693,0.0,0.0,0.0,0.0
35,2012.0,0.0,Meningitis,All,23.192307692307693,0.0,0.0,,3.1860347186789584,-0.4786009287389925,0.0,0.0,0.0,23.192307692307693,0.0,45.246,23.192307692307693,23.192307692307693,0.0,23.192307692307693,0.0,0.0,0.0,0.0
36,2012.0,0.0,Meningitis,All,23.192307692307693,0.0,0.0,,3.1860347186789584,-0.4786009287389925,0.0,0.0,0.0,23.192307692307693,0.0,45.246,23.192307692307693,23.192307692307693,0.0,23.192307692307693,0.0,0.0,0.0,0.0
37,2012.0,0.0,Meningitis,All,23.192307692307693,0.0,0.0,,3.1860347186789584,-0.4786009287389925,0.0,0.0,0.0,23.192307692307693,0.0,45.246,23.192307692307693,23.192307692307693,0.0,23.192307692307693,0.0,0.0,0.0,0.0
38,2012.0,0.0,Meningitis,All,23.192307692307693,0.0,0.0,,3.1860347186789584,-0.4786009287389925,0.0,0.0,0.0,23.192307692307693,0.0,45.246,23.192307692307693,23.192307692307693,0.0,23.192307692307693,0.0,0.0,0.0,0.0
39,2012.0,0.0,Meningitis,All,23.192307692307693,0.0,0.0,,3.1860347186789584,-0.4786009287389925,0.0,0.0,0.0,23.192307692307693,0.0,45.246,23.192307692307693,23.192307692307693,0.0,23.192307692307693,0.0,0.0,0.0,0.0
40,2012.0,0.0,Meningitis,All,23.192307692307693,0.0,0.0,,3.1860347186789584,-0.4786009287389925,0.0,0.0,0.0,23.192307692307693,0.0,45.246,23.192307692307693,23.192307692307693,0.0,23.192307692307693,0.0,0.0,0.0,0.0
41,2012.0,0.0,Meningitis,All,23.192307692307693,0.0,0.0,,3.1860347186789584,-0.4786009287389925,0.0,0.0,0.0,23.192307692307693,0.0,45.246,23.192307692307693,23.192307692307693,0.0,23.192307692307693,0.0,0.0,0.0,0.0
42,2012.0,0.0,Meningitis,All,23.192307692307693,0.0,0.0,,3.1860347186789584,-0.4786009287389925,0.0,0.0,0.0,23.192307692307693,0.0,45.246,23.192307692307693,23.192307692307693,0.0,23.192307692307693,0.0,0.0,0.0,0.0
43,2012.0,0.0,Meningitis,All,23.192307692307693,0.0,0.0,,3.1860347186789584,-0.4786009287389925,0.0,0.0,0.0,23.192307692307693,0.0,45.246,23.192307692307693,23.192307692307693,0.0,23.192307692307693,0.0,0.0,0.0,0.0
44,2012.0,0.0,Meningitis,All,23.192307692307693,0.0,0.0,,3.1860347186789584,-0.4786009287389925,0.0,0.0,0.0,23.192307692307693,0.0,45.246,23.192307692307693,23.192307692307693,0.0,23.192307692307693,0.0,0.0,0.0,0.0
45,2012.0,0.0,Meningitis,All,23.192307692307693,0.0,0.0,,3.1860347186789584,-0.4786009287389925,0.0,0.0,0.0,23.192307692307693,0.0,45.246,23.192307692307693,23.192307692307693,0.0,23.192307692307693,0.0,0.0,0.0,0.0
46,2012.0,0.0,Meningitis,All,23.192307692307693,0.0,0.0,,3.1860347186789584,-0.4786009287389925,0.0,0.0,0.0,23.192307692307693,0.0,45.246,23.192307692307693,23.192307692307693,0.0,23.192307692307693,0.0,0.0,0.0,0.0
47,2012.0,0.0,Meningitis,All,23.192307692307693,0.0,0.0,,3.1860347186789584,-0.4786009287389925,0.0,0.0,0.0,23.192307692307693,0.0,45.246,23.192307692307693,23.192307692307693,0.0,23.192307692307693,0.0,0.0,0.0,0.0
48,2012.0,0.0,Meningitis,All,23.192307692307693,0.0,0.0,,3.1860347186789584,-0.4786009287389925,0.0,0.0,0.0,23.192307692307693,0.0,45.246,23.192307692307693,23.192307692307693,0.0,23.192307692307693,0.0,0.0,0.0,0.0
49,2012.0,0.0,Meningitis,All,23.192307692307693,0.0,0.0,,3.1860347186789584,-0.4786009287389925,0.0,0.0,0.0,23.192307692307693,0.0,45.246,23.192307692307693,23.192307692307693,0.0,23.192307692307693,0.0,0.0,0.0,0.0
50,2012.0,0.0,Meningitis,All,23.192307692307693,0.0,0.0,,3.1860347186789584,-0.4786009287389925,0.0,0.0,0.0,23.192307692307693,0.0,45.246,23.192307692307693,23.192307692307693,0.0,23.192307692307693,0.0,0.0,0.0,0.0
51,2012.0,0.0,Meningitis,All,23.192307692307693,0.0,0.0,,3.1860347186789584,-0.4786009287389925,0.0,0.0,0.0,23.192307692307693,0.0,45.246,23.192307692307693,23.192307692307693,0.0,23.192307692307693,0.0,0.0,0.0,0.0
52,2012.0,0.0,Meningitis,All,23.192307692307693,0.0,0.0,,3.1860347186789584,-0.4786009287389925,0.0,0.0,0.0,23.192307692307693,0.0,45.246,23.192307692307693,23.192307692307693,0.0,23.192307692307693,0.0,0.0,0.0,0.0
1,2013.0,0.0,Meningitis,All,16.75,0.0,0.0,,2.8763855159214247,-0.4951038428055089,0.0,0.0,0.0,16.75,0.0,46.118,23.192307692307693,23.192307692307693,0.0,21.58173076923077,3.221153846180248,0.0,-0.2777777777777778,0.0
2,2013.0,0.0,Meningitis,All,16.75,0.0,0.0,,2.8763855159214247,-0.4951038428055089,0.0,0.0,0.0,16.75,0.0,46.118,16.75,19.971153846153847,0.0,19.971153846153847,3.719468080379151,0.0,0.0,0.0
3,2013.0,0.0,Meningitis,All,16.75,0.0,0.0,,2.8763855159214247,-0.4951038428055089,0.0,0.0,0.0,16.75,0.0,46.118,16.75,16.75,0.0,18.360576923076923,3.2211538461803477,0.0,0.0,0.0
4,2013.0,0.0,Meningitis,All,16.75,0.0,0.0,,2.8763855159214247,-0.4951038428055089,0.0,0.0,0.0,16.75,0.0,46.118,16.75,16.75,0.0,16.75,0.0,0.0,0.0,0.0
5,2013.0,0.0,Meningitis,All,16.75,0.0,0.0,,2.8763855159214247,-0.4951038428055089,0.0,0.0,0.0,16.75,0.0,46.118,16.75,16.75,0.0,16.75,0.0,0.0,0.0,0.0
6,2013.0,0.0,Meningitis,All,16.75,0.0,0.0,,2.8763855159214247,-0.4951038428055089,0.0,0.0,0.0,16.75,0.0,46.118,16.75,16.75,0.0,16.75,0.0,0.0,0.0,0.0
7,2013.0,0.0,Meningitis,All,16.75,0.0,0.0,,2.8763855159214247,-0.4951038428055089,0.0,0.0,0.0,16.75,0.0,46.118,16.75,16.75,0.0,16.75,0.0,0.0,0.0,0.0
8,2013.0,0.0,Meningitis,All,16.75,0.0,0.0,,2.8763855159214247,-0.4951038428055089,0.0,0.0,0.0,16.75,0.0,46.118,16.75,16.75,0.0,16.75,0.0,0.0,0.0,0.0
9,2013.0,0.0,Meningitis,All,16.75,0.0,0.0,,2.8763855159214247,-0.4951038428055089,0.0,0.0,0.0,16.75,0.0,46.118,16.75,16.75,0.0,16.75,0.0,0.0,0.0,0.0
10,2013.0,0.0,Meningitis,All,16.75,0.0,0.0,,2.8763855159214247,-0.4951038428055089,0.0,0.0,0.0,16.75,0.0,46.118,16.75,16.75,0.0,16.75,0.0,0.0,0.0,0.0
11,2013.0,0.0,Meningitis,All,16.75,0.0,0.0,,2.8763855159214247,-0.4951038428055089,0.0,0.0,0.0,16.75,0.0,46.118,16.75,16.75,0.0,16.75,0.0,0.0,0.0,0.0
12,2013.0,0.0,Meningitis,All,16.75,0.0,0.0,,2.8763855159214247,-0.4951038428055089,0.0,0.0,0.0,16.75,0.0,46.118,16.75,16.75,0.0,16.75,0.0,0.0,0.0,0.0
13,2013.0,0.0,Meningitis,All,16.75,0.0,0.0,,2.8763855159214247,-0.4951038428055089,0.0,0.0,0.0,16.75,0.0,46.118,16.75,16.75,0.0,16.75,0.0,0.0,0.0,0.0
14,2013.0,0.0,Meningitis,All,16.75,0.0,0.0,,2.8763855159214247,-0.4951038428055089,0.0,0.0,0.0,16.75,0.0,46.118,16.75,16.75,0.0,16.75,0.0,0.0,0.0,0.0
15,2013.0,0.0,Meningitis,All,16.75,0.0,0.0,,2.8763855159214247,-0.4951038428055089,0.0,0.0,0.0,16.75,0.0,46.118,16.75,16.75,0.0,16.75,0.0,0.0,0.0,0.0
16,2013.0,0.0,Meningitis,All,16.75,0.0,0.0,,2.8763855159214247,-0.4951038428055089,0.0,0.0,0.0,16.75,0.0,46.118,16.75,16.75,0.0,16.75,0.0,0.0,0.0,0.0
17,2013.0,0.0,Meningitis,All,16.75,0.0,0.0,,2.8763855159214247,-0.4951038428055089,0.0,0.0,0.0,16.75,0.0,46.118,16.75,16.75,0.0,16.75,0.0,0.0,0.0,0.0
18,2013.0,0.0,Meningitis,All,16.75,0.0,0.0,,2.8763855159214247,-0.4951038428055089,0.0,0.0,0.0,16.75,0.0,46.118,16.75,16.75,0.0,16.75,0.0,0.0,0.0,0.0
19,2013.0,0.0,Meningitis,All,16.75,0.0,0.0,,2.8763855159214247,-0.4951038428055089,0.0,0.0,0.0,16.75,0.0,46.118,16.75,16.75,0.0,16.75,0.0,0.0,0.0,0.0
20,2013.0,0.0,Meningitis,All,16.75,0.0,0.0,,2.8763855159214247,-0.4951038428055089,0.0,0.0,0.0,16.75,0.0,46.118,16.75,16.75,0.0,16.75,0.0,0.0,0.0,0.0
21,2013.0,0.0,Meningitis,All,16.75,0.0,0.0,,2.8763855159214247,-0.4951038428055089,0.0,0.0,0.0,16.75,0.0,46.118,16.75,16.75,0.0,16.75,0.0,0.0,0.0,0.0
22,2013.0,0.0,Meningitis,All,16.75,0.0,0.0,,2.8763855159214247,-0.4951038428055089,0.0,0.0,0.0,16.75,0.0,46.118,16.75,16.75,0.0,16.75,0.0,0.0,0.0,0.0
23,2013.0,0.0,Meningitis,All,16.75,0.0,0.0,,2.8763855159214247,-0.4951038428055089,0.0,0.0,0.0,16.75,0.0,46.118,16.75,16.75,0.0,16.75,0.0,0.0,0.0,0.0
24,2013.0,0.0,Meningitis,All,16.75,0.0,0.0,,2.8763855159214247,-0.4951038428055089,0.0,0.0,0.0,16.75,0.0,46.118,16.75,16.75,0.0,16.75,0.0,0.0,0.0,0.0
25,2013.0,0.0,Meningitis,All,16.75,0.0,0.0,,2.8763855159214247,-0.4951038428055089,0.0,0.0,0.0,16.75,0.0,46.118,16.75,16.75,0.0,16.75,0.0,0.0,0.0,0.0
26,2013.0,0.0,Meningitis,All,16.75,0.0,0.0,,2.8763855159214247,-0.4951038428055089,0.0,0.0,0.0,16.75,0.0,46.118,16.75,16.75,0.0,16.75,0.0,0.0,0.0,0.0
27,2013.0,0.0,Meningitis,All,16.75,0.0,0.0,,2.8763855159214247,-0.4951038428055089,0.0,0.0,0.0,16.75,0.0,46.118,16.75,16.75,0.0,16.75,0.0,0.0,0.0,0.0
28,2013.0,0.0,Meningitis,All,16.75,0.0,0.0,,2.8763855159214247,-0.4951038428055089,0.0,0.0,0.0,16.75,0.0,46.118,16.75,16.75,0.0,16.75,0.0,0.0,0.0,0.0
29,2013.0,0.0,Meningitis,All,16.75,0.0,0.0,,2.8763855159214247,-0.4951038428055089,0.0,0.0,0.0,16.75,0.0,46.118,16.75,16.75,0.0,16.75,0.0,0.0,0.0,0.0
30,2013.0,0.0,Meningitis,All,16.75,0.0,0.0,,2.8763855159214247,-0.4951038428055089,0.0,0.0,0.0,16.75,0.0,46.118,16.75,16.75,0.0,16.75,0.0,0.0,0.0,0.0
31,2013.0,0.0,Meningitis,All,16.75,0.0,0.0,,2.8763855159214247,-0.4951038428055089,0.0,0.0,0.0,16.75,0.0,46.118,16.75,16.75,0.0,16.75,0.0,0.0,0.0,0.0
32,2013.0,0.0,Meningitis,All,16.75,0.0,0.0,,2.8763855159214247,-0.4951038428055089,0.0,0.0,0.0,16.75,0.0,46.118,16.75,16.75,0.0,16.75,0.0,0.0,0.0,0.0
33,2013.0,0.0,Meningitis,All,16.75,0.0,0.0,,2.8763855159214247,-0.4951038428055089,0.0,0.0,0.0,16.75,0.0,46.118,16.75,16.75,0.0,16.75,0.0,0.0,0.0,0.0
34,2013.0,0.0,Meningitis,All,16.75,0.0,0.0,,2.8763855159214247,-0.4951038428055089,0.0,0.0,0.0,16.75,0.0,46.118,16.75,16.75,0.0,16.75,0.0,0.0,0.0,0.0
35,2013.0,0.0,Meningitis,All,16.75,0.0,0.0,,2.8763855159214247,-0.4951038428055089,0.0,0.0,0.0,16.75,0.0,46.118,16.75,16.75,0.0,16.75,0.0,0.0,0.0,0.0
36,2013.0,0.0,Meningitis,All,16.75,0.0,0.0,,2.8763855159214247,-0.4951038428055089,0.0,0.0,0.0,16.75,0.0,46.118,16.75,16.75,0.0,16.75,0.0,0.0,0.0,0.0
37,2013.0,0.0,Meningitis,All,16.75,0.0,0.0,,2.8763855159214247,-0.4951038428055089,0.0,0.0,0.0,16.75,0.0,46.118,16.75,16.75,0.0,16.75,0.0,0.0,0.0,0.0
38,2013.0,0.0,Meningitis,All,16.75,0.0,0.0,,2.8763855159214247,-0.4951038428055089,0.0,0.0,0.0,16.75,0.0,46.118,16.75,16.75,0.0,16.75,0.0,0.0,0.0,0.0
39,2013.0,0.0,Meningitis,All,16.75,0.0,0.0,,2.8763855159214247,-0.4951038428055089,0.0,0.0,0.0,16.75,0.0,46.118,16.75,16.75,0.0,16.75,0.0,0.0,0.0,0.0
40,2013.0,0.0,Meningitis,All,16.75,0.0,0.0,,2.8763855159214247,-0.4951038428055089,0.0,0.0,0.0,16.75,0.0,46.118,16.75,16.75,0.0,16.75,0.0,0.0,0.0,0.0
41,2013.0,0.0,Meningitis,All,16.75,0.0,0.0,,2.8763855159214247,-0.4951038428055089,0.0,0.0,0.0,16.75,0.0,46.118,16.75,16.75,0.0,16.75,0.0,0.0,0.0,0.0
42,2013.0,0.0,Meningitis,All,16.75,0.0,0.0,,2.8763855159214247,-0.4951038428055089,0.0,0.0,0.0,16.75,0.0,46.118,16.75,16.75,0.0,16.75,0.0,0.0,0.0,0.0
43,2013.0,0.0,Meningitis,All,16.75,0.0,0.0,,2.8763855159214247,-0.4951038428055089,0.0,0.0,0.0,16.75,0.0,46.118,16.75,16.75,0.0,16.75,0.0,0.0,0.0,0.0
44,2013.0,0.0,Meningitis,All,16.75,0.0,0.0,,2.8763855159214247,-0.4951038428055089,0.0,0.0,0.0,16.75,0.0,46.118,16.75,16.75,0.0,16.75,0.0,0.0,0.0,0.0
45,2013.0,0.0,Meningitis,All,16.75,0.0,0.0,,2.8763855159214247,-0.4951038428055089,0.0,0.0,0.0,16.75,0.0,46.118,16.75,16.75,0.0,16.75,0.0,0.0,0.0,0.0
46,2013.0,0.0,Meningitis,All,16.75,0.0,0.0,,2.8763855159214247,-0.4951038428055089,0.0,0.0,0.0,16.75,0.0,46.118,16.75,16.75,0.0,16.75,0.0,0.0,0.0,0.0
47,2013.0,0.0,Meningitis,All,16.75,0.0,0.0,,2.8763855159214247,-0.4951038428055089,0.0,0.0,0.0,16.75,0.0,46.118,16.75,16.75,0.0,16.75,0.0,0.0,0.0,0.0
48,2013.0,0.0,Meningitis,All,16.75,0.0,0.0,,2.8763855159214247,-0.4951038428055089,0.0,0.0,0.0,16.75,0.0,46.118,16.75,16.75,0.0,16.75,0.0,0.0,0.0,0.0
49,2013.0,0.0,Meningitis,All,16.75,0.0,0.0,,2.8763855159214247,-0.4951038428055089,0.0,0.0,0.0,16.75,0.0,46.118,16.75,16.75,0.0,16.75,0.0,0.0,0.0,0.0
50,2013.0,0.0,Meningitis,All,16.75,0.0,0.0,,2.8763855159214247,-0.4951038428055089,0.0,0.0,0.0,16.75,0.0,46.118,16.75,16.75,0.0,16.75,0.0,0.0,0.0,0.0
51,2013.0,0.0,Meningitis,All,16.75,0.0,0.0,,2.8763855159214247,-0.4951038428055089,0.0,0.0,0.0,16.75,0.0,46.118,16.75,16.75,0.0,16.75,0.0,0.0,0.0,0.0
52,2013.0,0.0,Meningitis,All,16.75,0.0,0.0,,2.8763855159214247,-0.4951038428055089,0.0,0.0,0.0,16.75,0.0,46.118,16.75,16.75,0.0,16.75,0.0,0.0,0.0,0.0
1,2014.0,0.0,Meningitis,All,22.596153846153847,0.0,0.0,,3.161083726129484,-0.4801280640705209,0.0,0.0,0.0,22.596153846153847,0.0,46.982,16.75,16.75,0.0,18.21153846153846,2.923076923106131,0.0,0.3490241102181401,0.0
2,2014.0,0.0,Meningitis,All,22.596153846153847,0.0,0.0,,3.161083726129484,-0.4801280640705209,0.0,0.0,0.0,22.596153846153847,0.0,46.982,22.596153846153847,19.673076923076923,0.0,19.673076923076923,3.375278496826139,0.0,0.0,0.0
3,2014.0,0.0,Meningitis,All,22.596153846153847,0.0,0.0,,3.161083726129484,-0.4801280640705209,0.0,0.0,0.0,22.596153846153847,0.0,46.982,22.596153846153847,22.596153846153847,0.0,21.134615384615387,2.9230769231060276,0.0,0.0,0.0
4,2014.0,0.0,Meningitis,All,22.596153846153847,0.0,0.0,,3.161083726129484,-0.4801280640705209,0.0,0.0,0.0,22.596153846153847,0.0,46.982,22.596153846153847,22.596153846153847,0.0,22.596153846153847,0.0,0.0,0.0,0.0
5,2014.0,0.0,Meningitis,All,22.596153846153847,0.0,0.0,,3.161083726129484,-0.4801280640705209,0.0,0.0,0.0,22.596153846153847,0.0,46.982,22.596153846153847,22.596153846153847,0.0,22.596153846153847,0.0,0.0,0.0,0.0
6,2014.0,0.0,Meningitis,All,22.596153846153847,0.0,0.0,,3.161083726129484,-0.4801280640705209,0.0,0.0,0.0,22.596153846153847,0.0,46.982,22.596153846153847,22.596153846153847,0.0,22.596153846153847,0.0,0.0,0.0,0.0
7,2014.0,0.0,Meningitis,All,22.596153846153847,0.0,0.0,,3.161083726129484,-0.4801280640705209,0.0,0.0,0.0,22.596153846153847,0.0,46.982,22.596153846153847,22.596153846153847,0.0,22.596153846153847,0.0,0.0,0.0,0.0
8,2014.0,0.0,Meningitis,All,22.596153846153847,0.0,0.0,,3.161083726129484,-0.4801280640705209,0.0,0.0,0.0,22.596153846153847,0.0,46.982,22.596153846153847,22.596153846153847,0.0,22.596153846153847,0.0,0.0,0.0,0.0
9,2014.0,0.0,Meningitis,All,22.596153846153847,0.0,0.0,,3.161083726129484,-0.4801280640705209,0.0,0.0,0.0,22.596153846153847,0.0,46.982,22.596153846153847,22.596153846153847,0.0,22.596153846153847,0.0,0.0,0.0,0.0
10,2014.0,0.0,Meningitis,All,22.596153846153847,0.0,0.0,,3.161083726129484,-0.4801280640705209,0.0,0.0,0.0,22.596153846153847,0.0,46.982,22.596153846153847,22.596153846153847,0.0,22.596153846153847,0.0,0.0,0.0,0.0
11,2014.0,0.0,Meningitis,All,22.596153846153847,0.0,0.0,,3.161083726129484,-0.4801280640705209,0.0,0.0,0.0,22.596153846153847,0.0,46.982,22.596153846153847,22.596153846153847,0.0,22.596153846153847,0.0,0.0,0.0,0.0
12,2014.0,0.0,Meningitis,All,22.596153846153847,0.0,0.0,,3.161083726129484,-0.4801280640705209,0.0,0.0,0.0,22.596153846153847,0.0,46.982,22.596153846153847,22.596153846153847,0.0,22.596153846153847,0.0,0.0,0.0,0.0
13,2014.0,0.0,Meningitis,All,22.596153846153847,0.0,0.0,,3.161083726129484,-0.4801280640705209,0.0,0.0,0.0,22.596153846153847,0.0,46.982,22.596153846153847,22.596153846153847,0.0,22.596153846153847,0.0,0.0,0.0,0.0
14,2014.0,0.0,Meningitis,All,22.596153846153847,0.0,0.0,,3.161083726129484,-0.4801280640705209,0.0,0.0,0.0,22.596153846153847,0.0,46.982,22.596153846153847,22.596153846153847,0.0,22.596153846153847,0.0,0.0,0.0,0.0
15,2014.0,0.0,Meningitis,All,22.596153846153847,0.0,0.0,,3.161083726129484,-0.4801280640705209,0.0,0.0,0.0,22.596153846153847,0.0,46.982,22.596153846153847,22.596153846153847,0.0,22.596153846153847,0.0,0.0,0.0,0.0
16,2014.0,0.0,Meningitis,All,22.596153846153847,0.0,0.0,,3.161083726129484,-0.4801280640705209,0.0,0.0,0.0,22.596153846153847,0.0,46.982,22.596153846153847,22.596153846153847,0.0,22.596153846153847,0.0,0.0,0.0,0.0
17,2014.0,0.0,Meningitis,All,22.596153846153847,0.0,0.0,,3.161083726129484,-0.4801280640705209,0.0,0.0,0.0,22.596153846153847,0.0,46.982,22.596153846153847,22.596153846153847,0.0,22.596153846153847,0.0,0.0,0.0,0.0
18,2014.0,0.0,Meningitis,All,22.596153846153847,0.0,0.0,,3.161083726129484,-0.4801280640705209,0.0,0.0,0.0,22.596153846153847,0.0,46.982,22.596153846153847,22.596153846153847,0.0,22.596153846153847,0.0,0.0,0.0,0.0
19,2014.0,0.0,Meningitis,All,22.596153846153847,0.0,0.0,,3.161083726129484,-0.4801280640705209,0.0,0.0,0.0,22.596153846153847,0.0,46.982,22.596153846153847,22.596153846153847,0.0,22.596153846153847,0.0,0.0,0.0,0.0
20,2014.0,0.0,Meningitis,All,22.596153846153847,0.0,0.0,,3.161083726129484,-0.4801280640705209,0.0,0.0,0.0,22.596153846153847,0.0,46.982,22.596153846153847,22.596153846153847,0.0,22.596153846153847,0.0,0.0,0.0,0.0
21,2014.0,0.0,Meningitis,All,22.596153846153847,0.0,0.0,,3.161083726129484,-0.4801280640705209,0.0,0.0,0.0,22.596153846153847,0.0,46.982,22.596153846153847,22.596153846153847,0.0,22.596153846153847,0.0,0.0,0.0,0.0
22,2014.0,0.0,Meningitis,All,22.596153846153847,0.0,0.0,,3.161083726129484,-0.4801280640705209,0.0,0.0,0.0,22.596153846153847,0.0,46.982,22.596153846153847,22.596153846153847,0.0,22.596153846153847,0.0,0.0,0.0,0.0
23,2014.0,0.0,Meningitis,All,22.596153846153847,0.0,0.0,,3.161083726129484,-0.4801280640705209,0.0,0.0,0.0,22.596153846153847,0.0,46.982,22.596153846153847,22.596153846153847,0.0,22.596153846153847,0.0,0.0,0.0,0.0
24,2014.0,0.0,Meningitis,All,22.596153846153847,0.0,0.0,,3.161083726129484,-0.4801280640705209,0.0,0.0,0.0,22.596153846153847,0.0,46.982,22.596153846153847,22.596153846153847,0.0,22.596153846153847,0.0,0.0,0.0,0.0
25,2014.0,0.0,Meningitis,All,22.596153846153847,0.0,0.0,,3.161083726129484,-0.4801280640705209,0.0,0.0,0.0,22.596153846153847,0.0,46.982,22.596153846153847,22.596153846153847,0.0,22.596153846153847,0.0,0.0,0.0,0.0
26,2014.0,0.0,Meningitis,All,22.596153846153847,0.0,0.0,,3.161083726129484,-0.4801280640705209,0.0,0.0,0.0,22.596153846153847,0.0,46.982,22.596153846153847,22.596153846153847,0.0,22.596153846153847,0.0,0.0,0.0,0.0
27,2014.0,0.0,Meningitis,All,22.596153846153847,0.0,0.0,,3.161083726129484,-0.4801280640705209,0.0,0.0,0.0,22.596153846153847,0.0,46.982,22.596153846153847,22.596153846153847,0.0,22.596153846153847,0.0,0.0,0.0,0.0
28,2014.0,0.0,Meningitis,All,22.596153846153847,0.0,0.0,,3.161083726129484,-0.4801280640705209,0.0,0.0,0.0,22.596153846153847,0.0,46.982,22.596153846153847,22.596153846153847,0.0,22.596153846153847,0.0,0.0,0.0,0.0
29,2014.0,0.0,Meningitis,All,22.596153846153847,0.0,0.0,,3.161083726129484,-0.4801280640705209,0.0,0.0,0.0,22.596153846153847,0.0,46.982,22.596153846153847,22.596153846153847,0.0,22.596153846153847,0.0,0.0,0.0,0.0
30,2014.0,0.0,Meningitis,All,22.596153846153847,0.0,0.0,,3.161083726129484,-0.4801280640705209,0.0,0.0,0.0,22.596153846153847,0.0,46.982,22.596153846153847,22.596153846153847,0.0,22.596153846153847,0.0,0.0,0.0,0.0
31,2014.0,0.0,Meningitis,All,22.596153846153847,0.0,0.0,,3.161083726129484,-0.4801280640705209,0.0,0.0,0.0,22.596153846153847,0.0,46.982,22.596153846153847,22.596153846153847,0.0,22.596153846153847,0.0,0.0,0.0,0.0
32,2014.0,0.0,Meningitis,All,22.596153846153847,0.0,0.0,,3.161083726129484,-0.4801280640705209,0.0,0.0,0.0,22.596153846153847,0.0,46.982,22.596153846153847,22.596153846153847,0.0,22.596153846153847,0.0,0.0,0.0,0.0
33,2014.0,0.0,Meningitis,All,22.596153846153847,0.0,0.0,,3.161083726129484,-0.4801280640705209,0.0,0.0,0.0,22.596153846153847,0.0,46.982,22.596153846153847,22.596153846153847,0.0,22.596153846153847,0.0,0.0,0.0,0.0
34,2014.0,0.0,Meningitis,All,22.596153846153847,0.0,0.0,,3.161083726129484,-0.4801280640705209,0.0,0.0,0.0,22.596153846153847,0.0,46.982,22.596153846153847,22.596153846153847,0.0,22.596153846153847,0.0,0.0,0.0,0.0
35,2014.0,0.0,Meningitis,All,22.596153846153847,0.0,0.0,,3.161083726129484,-0.4801280640705209,0.0,0.0,0.0,22.596153846153847,0.0,46.982,22.596153846153847,22.596153846153847,0.0,22.596153846153847,0.0,0.0,0.0,0.0
36,2014.0,0.0,Meningitis,All,22.596153846153847,0.0,0.0,,3.161083726129484,-0.4801280640705209,0.0,0.0,0.0,22.596153846153847,0.0,46.982,22.596153846153847,22.596153846153847,0.0,22.596153846153847,0.0,0.0,0.0,0.0
37,2014.0,0.0,Meningitis,All,22.596153846153847,0.0,0.0,,3.161083726129484,-0.4801280640705209,0.0,0.0,0.0,22.596153846153847,0.0,46.982,22.596153846153847,22.596153846153847,0.0,22.596153846153847,0.0,0.0,0.0,0.0
38,2014.0,0.0,Meningitis,All,22.596153846153847,0.0,0.0,,3.161083726129484,-0.4801280640705209,0.0,0.0,0.0,22.596153846153847,0.0,46.982,22.596153846153847,22.596153846153847,0.0,22.596153846153847,0.0,0.0,0.0,0.0
39,2014.0,0.0,Meningitis,All,22.596153846153847,0.0,0.0,,3.161083726129484,-0.4801280640705209,0.0,0.0,0.0,22.596153846153847,0.0,46.982,22.596153846153847,22.596153846153847,0.0,22.596153846153847,0.0,0.0,0.0,0.0
40,2014.0,0.0,Meningitis,All,22.596153846153847,0.0,0.0,,3.161083726129484,-0.4801280640705209,0.0,0.0,0.0,22.596153846153847,0.0,46.982,22.596153846153847,22.596153846153847,0.0,22.596153846153847,0.0,0.0,0.0,0.0
41,2014.0,0.0,Meningitis,All,22.596153846153847,0.0,0.0,,3.161083726129484,-0.4801280640705209,0.0,0.0,0.0,22.596153846153847,0.0,46.982,22.596153846153847,22.596153846153847,0.0,22.596153846153847,0.0,0.0,0.0,0.0
42,2014.0,0.0,Meningitis,All,22.596153846153847,0.0,0.0,,3.161083726129484,-0.4801280640705209,0.0,0.0,0.0,22.596153846153847,0.0,46.982,22.596153846153847,22.596153846153847,0.0,22.596153846153847,0.0,0.0,0.0,0.0
43,2014.0,0.0,Meningitis,All,22.596153846153847,0.0,0.0,,3.161083726129484,-0.4801280640705209,0.0,0.0,0.0,22.596153846153847,0.0,46.982,22.596153846153847,22.596153846153847,0.0,22.596153846153847,0.0,0.0,0.0,0.0
44,2014.0,0.0,Meningitis,All,22.596153846153847,0.0,0.0,,3.161083726129484,-0.4801280640705209,0.0,0.0,0.0,22.596153846153847,0.0,46.982,22.596153846153847,22.596153846153847,0.0,22.596153846153847,0.0,0.0,0.0,0.0
45,2014.0,0.0,Meningitis,All,22.596153846153847,0.0,0.0,,3.161083726129484,-0.4801280640705209,0.0,0.0,0.0,22.596153846153847,0.0,46.982,22.596153846153847,22.596153846153847,0.0,22.596153846153847,0.0,0.0,0.0,0.0
46,2014.0,0.0,Meningitis,All,22.596153846153847,0.0,0.0,,3.161083726129484,-0.4801280640705209,0.0,0.0,0.0,22.596153846153847,0.0,46.982,22.596153846153847,22.596153846153847,0.0,22.596153846153847,0.0,0.0,0.0,0.0
47,2014.0,0.0,Meningitis,All,22.596153846153847,0.0,0.0,,3.161083726129484,-0.4801280640705209,0.0,0.0,0.0,22.596153846153847,0.0,46.982,22.596153846153847,22.596153846153847,0.0,22.596153846153847,0.0,0.0,0.0,0.0
48,2014.0,0.0,Meningitis,All,22.596153846153847,0.0,0.0,,3.161083726129484,-0.4801280640705209,0.0,0.0,0.0,22.596153846153847,0.0,46.982,22.596153846153847,22.596153846153847,0.0,22.596153846153847,0.0,0.0,0.0,0.0
49,2014.0,0.0,Meningitis,All,22.596153846153847,0.0,0.0,,3.161083726129484,-0.4801280640705209,0.0,0.0,0.0,22.596153846153847,0.0,46.982,22.596153846153847,22.596153846153847,0.0,22.596153846153847,0.0,0.0,0.0,0.0
50,2014.0,0.0,Meningitis,All,22.596153846153847,0.0,0.0,,3.161083726129484,-0.4801280640705209,0.0,0.0,0.0,22.596153846153847,0.0,46.982,22.596153846153847,22.596153846153847,0.0,22.596153846153847,0.0,0.0,0.0,0.0
51,2014.0,0.0,Meningitis,All,22.596153846153847,0.0,0.0,,3.161083726129484,-0.4801280640705209,0.0,0.0,0.0,22.596153846153847,0.0,46.982,22.596153846153847,22.596153846153847,0.0,22.596153846153847,0.0,0.0,0.0,0.0
52,2014.0,0.0,Meningitis,All,22.596153846153847,0.0,0.0,,3.161083726129484,-0.4801280640705209,0.0,0.0,0.0,22.596153846153847,0.0,46.982,22.596153846153847,22.596153846153847,0.0,22.596153846153847,0.0,0.0,0.0,0.0
20,2017.0,52.0,Monkeypox,Abia,1.0,2.0,0.0,2017-01-01,0.6931471805599453,-0.39950345425458095,0.0,0.0,0.0,0.0,0.0,49.519,0.0,0.0,0.0,1.0,0.0,2.0,0.0,0.0
20,2018.0,1.0,Monkeypox,Abia,2.0,0.0,0.0,2018-01-01,1.0986122886681098,-0.2339948803491117,25.97142857142857,86.14285714285714,24.9,0.0,204938755.0,50.344,1.0,0.0,2.0,1.5,0.7071067811865476,1.0,1.0,0.0009759013125653077
20,2018.0,1.0,Monkeypox,Abia,2.0,0.0,0.0,2018-01-01,1.0986122886681098,-0.2339948803491117,25.97142857142857,86.14285714285714,24.9,0.0,204938755.0,50.344,2.0,1.5,0.0,1.6666666666666667,0.5773502691896257,0.6666666666666666,0.0,0.0009759013125653077
20,2018.0,1.0,Monkeypox,Abia,2.0,0.0,0.0,2018-01-01,1.0986122886681098,-0.2339948803491117,25.97142857142857,86.14285714285714,24.9,0.0,204938755.0,50.344,2.0,2.0,0.0,1.75,0.5,0.5,0.0,0.0009759013125653077
20,2018.0,1.0,Monkeypox,Abia,2.0,0.0,0.0,2018-01-01,1.0986122886681098,-0.2339948803491117,25.97142857142857,86.14285714285714,24.9,0.0,204938755.0,50.344,2.0,2.0,0.0,2.0,0.0,0.0,0.0,0.0009759013125653077
20,2022.0,18.0,Monkeypox,Abia,1.0,2.0,0.0,2022-05-07,0.6931471805599453,-0.39950345425458095,25.25714285714286,89.14285714285714,82.4,0.0,223150896.0,53.521,2.0,2.0,0.0,1.75,0.5,0.5,-0.5,0.00044812726183272866
20,2022.0,18.0,Monkeypox,Abia,1.0,2.0,0.0,2022-05-07,0.6931471805599453,-0.39950345425458095,25.25714285714286,89.14285714285714,82.4,0.0,223150896.0,53.521,1.0,1.5,2.0,1.5,0.5773502691896257,1.0,0.0,0.00044812726183272866
20,2022.0,18.0,Monkeypox,Abia,1.0,2.0,0.0,2022-05-07,0.6931471805599453,-0.39950345425458095,25.25714285714286,89.14285714285714,82.4,0.0,223150896.0,53.521,1.0,1.0,2.0,1.25,0.5,1.5,0.0,0.00044812726183272866
20,2022.0,18.0,Monkeypox,Abia,1.0,2.0,0.0,2022-05-07,0.6931471805599453,-0.39950345425458095,25.25714285714286,89.14285714285714,82.4,0.0,223150896.0,53.521,1.0,1.0,2.0,1.0,0.0,2.0,0.0,0.00044812726183272866
1,2024.0,35.0,Monkeypox,Abia,1.0,0.0,0.0,2024-08-26,0.6931471805599453,-0.39950345425458095,28.37142857142857,67.71428571428571,0.3,0.0,232679478.0,55.03,1.0,1.0,2.0,1.0,0.0,1.5,0.0,0.00042977576217529594
1,2024.0,35.0,Monkeypox,Abia,1.0,0.0,0.0,2024-08-26,0.6931471805599453,-0.39950345425458095,28.37142857142857,67.71428571428571,0.3,0.0,232679478.0,55.03,1.0,1.0,0.0,1.0,0.0,1.0,0.0,0.00042977576217529594
1,2024.0,35.0,Monkeypox,Abia,1.0,0.0,0.0,2024-08-26,0.6931471805599453,-0.39950345425458095,28.37142857142857,67.71428571428571,0.3,0.0,232679478.0,55.03,1.0,1.0,0.0,1.0,0.0,0.5,0.0,0.00042977576217529594
1,2024.0,35.0,Monkeypox,Abia,1.0,0.0,0.0,2024-08-26,0.6931471805599453,-0.39950345425458095,28.37142857142857,67.71428571428571,0.3,0.0,232679478.0,55.03,1.0,1.0,0.0,1.0,0.0,0.0,0.0,0.00042977576217529594
20,2025.0,6.0,Monkeypox,Abia,1.0,2.0,0.0,2025-02-03,0.6931471805599453,-0.39950345425458095,26.62857142857143,83.42857142857143,54.4,0.0,0.0,0.0,1.0,1.0,0.0,1.0,0.0,0.5,0.0,0.0
20,2025.0,6.0,Monkeypox,Abia,1.0,2.0,0.0,2025-02-03,0.6931471805599453,-0.39950345425458095,26.62857142857143,83.42857142857143,54.4,0.0,0.0,0.0,1.0,1.0,2.0,1.0,0.0,1.0,0.0,0.0
20,2025.0,6.0,Monkeypox,Abia,1.0,2.0,0.0,2025-02-03,0.6931471805599453,-0.39950345425458095,26.62857142857143,83.42857142857143,54.4,0.0,0.0,0.0,1.0,1.0,2.0,1.0,0.0,1.5,0.0,0.0
20,2025.0,6.0,Monkeypox,Abia,1.0,2.0,0.0,2025-02-03,0.6931471805599453,-0.39950345425458095,26.62857142857143,83.42857142857143,54.4,0.0,0.0,0.0,1.0,1.0,2.0,1.0,0.0,2.0,0.0,0.0
20,2017.0,52.0,Monkeypox,Abuja,5.0,0.0,0.0,2017-01-01,1.791759469228055,0.26253084136729604,0.0,0.0,0.0,0.0,0.0,49.519,0.0,0.0,0.0,5.0,0.0,0.0,0.0,0.0
20,2018.0,1.0,Monkeypox,Abuja,1.0,0.0,0.0,2018-01-01,0.6931471805599453,-0.39950345425458095,26.457142857142856,75.71428571428571,15.9,0.0,204938755.0,50.344,5.0,0.0,0.0,3.0,2.8284271247461903,0.0,-0.8,0.00048795065628265383
20,2018.0,1.0,Monkeypox,Abuja,1.0,0.0,0.0,2018-01-01,0.6931471805599453,-0.39950345425458095,26.457142857142856,75.71428571428571,15.9,0.0,204938755.0,50.344,1.0,3.0,0.0,2.3333333333333335,2.3094010767585034,0.0,0.0,0.00048795065628265383
20,2018.0,1.0,Monkeypox,Abuja,1.0,0.0,0.0,2018-01-01,0.6931471805599453,-0.39950345425458095,26.457142857142856,75.71428571428571,15.9,0.0,204938755.0,50.344,1.0,1.0,0.0,2.0,2.0,0.0,0.0,0.00048795065628265383
20,2018.0,1.0,Monkeypox,Abuja,1.0,0.0,0.0,2018-01-01,0.6931471805599453,-0.39950345425458095,26.457142857142856,75.71428571428571,15.9,0.0,204938755.0,50.344,1.0,1.0,0.0,1.0,0.0,0.0,0.0,0.00048795065628265383
20,2022.0,18.0,Monkeypox,Abuja,5.0,0.0,0.0,2022-05-07,1.791759469228055,0.26253084136729604,25.928571428571427,79.57142857142857,22.6,0.0,223150896.0,53.521,1.0,1.0,0.0,2.0,2.0,0.0,4.0,0.0022406363091636433
20,2022.0,18.0,Monkeypox,Abuja,5.0,0.0,0.0,2022-05-07,1.791759469228055,0.26253084136729604,25.928571428571427,79.57142857142857,22.6,0.0,223150896.0,53.521,5.0,3.0,0.0,3.0,2.309401076758503,0.0,0.0,0.0022406363091636433
20,2022.0,18.0,Monkeypox,Abuja,5.0,0.0,0.0,2022-05-07,1.791759469228055,0.26253084136729604,25.928571428571427,79.57142857142857,22.6,0.0,223150896.0,53.521,5.0,5.0,0.0,4.0,2.0,0.0,0.0,0.0022406363091636433
20,2022.0,18.0,Monkeypox,Abuja,5.0,0.0,0.0,2022-05-07,1.791759469228055,0.26253084136729604,25.928571428571427,79.57142857142857,22.6,0.0,223150896.0,53.521,5.0,5.0,0.0,5.0,0.0,0.0,0.0,0.0022406363091636433
1,2024.0,36.0,Monkeypox,Abuja,1.0,0.0,0.0,2024-09-02,0.6931471805599453,-0.39950345425458095,28.057142857142857,29.285714285714285,0.0,0.0,232679478.0,55.03,5.0,5.0,0.0,4.0,2.0,0.0,-0.8,0.00042977576217529594
1,2024.0,36.0,Monkeypox,Abuja,1.0,0.0,0.0,2024-09-02,0.6931471805599453,-0.39950345425458095,28.057142857142857,29.285714285714285,0.0,0.0,232679478.0,55.03,1.0,3.0,0.0,3.0,2.309401076758503,0.0,0.0,0.00042977576217529594
1,2024.0,36.0,Monkeypox,Abuja,1.0,0.0,0.0,2024-09-02,0.6931471805599453,-0.39950345425458095,28.057142857142857,29.285714285714285,0.0,0.0,232679478.0,55.03,1.0,1.0,0.0,2.0,2.0,0.0,0.0,0.00042977576217529594
1,2024.0,36.0,Monkeypox,Abuja,1.0,0.0,0.0,2024-09-02,0.6931471805599453,-0.39950345425458095,28.057142857142857,29.285714285714285,0.0,0.0,232679478.0,55.03,1.0,1.0,0.0,1.0,0.0,0.0,0.0,0.00042977576217529594
20,2025.0,6.0,Monkeypox,Abuja,5.0,0.0,0.0,2025-02-03,1.791759469228055,0.26253084136729604,26.9,75.71428571428571,29.6,0.0,0.0,0.0,1.0,1.0,0.0,2.0,2.0,0.0,4.0,0.0
20,2025.0,6.0,Monkeypox,Abuja,5.0,0.0,0.0,2025-02-03,1.791759469228055,0.26253084136729604,26.9,75.71428571428571,29.6,0.0,0.0,0.0,5.0,3.0,0.0,3.0,2.309401076758503,0.0,0.0,0.0
20,2025.0,6.0,Monkeypox,Abuja,5.0,0.0,0.0,2025-02-03,1.791759469228055,0.26253084136729604,26.9,75.71428571428571,29.6,0.0,0.0,0.0,5.0,5.0,0.0,4.0,2.0,0.0,0.0,0.0
20,2025.0,6.0,Monkeypox,Abuja,5.0,0.0,0.0,2025-02-03,1.791759469228055,0.26253084136729604,26.9,75.71428571428571,29.6,0.0,0.0,0.0,5.0,5.0,0.0,5.0,0.0,0.0,0.0,0.0
20,2017.0,52.0,Monkeypox,Adamawa,0.0,0.0,0.0,2017-01-01,0.0,-0.5650120281600503,0.0,0.0,0.0,0.0,0.0,49.519,0.0,0.0,0.0,0.0,0.0,0.0,0.0,0.0
20,2018.0,1.0,Monkeypox,Adamawa,3.0,0.0,0.0,2018-01-01,1.3862943611198906,-0.06848630644364244,31.085714285714285,57.71428571428572,6.1,0.0,204938755.0,50.344,0.0,0.0,0.0,1.5,2.1213203435596424,0.0,0.0,0.0014638519688479614
20,2018.0,1.0,Monkeypox,Adamawa,3.0,0.0,0.0,2018-01-01,1.3862943611198906,-0.06848630644364244,31.085714285714285,57.71428571428572,6.1,0.0,204938755.0,50.344,3.0,1.5,0.0,2.0,1.7320508075688772,0.0,0.0,0.0014638519688479614
20,2018.0,1.0,Monkeypox,Adamawa,3.0,0.0,0.0,2018-01-01,1.3862943611198906,-0.06848630644364244,31.085714285714285,57.71428571428572,6.1,0.0,204938755.0,50.344,3.0,3.0,0.0,2.25,1.5,0.0,0.0,0.0014638519688479614
20,2018.0,1.0,Monkeypox,Adamawa,3.0,0.0,0.0,2018-01-01,1.3862943611198906,-0.06848630644364244,31.085714285714285,57.71428571428572,6.1,0.0,204938755.0,50.344,3.0,3.0,0.0,3.0,0.0,0.0,0.0,0.0014638519688479614
20,2022.0,18.0,Monkeypox,Adamawa,0.0,0.0,0.0,2022-05-07,0.0,-0.5650120281600503,30.457142857142856,59.142857142857146,18.7,0.0,223150896.0,53.521,3.0,3.0,0.0,2.25,1.5,0.0,-1.0,0.0
20,2022.0,18.0,Monkeypox,Adamawa,0.0,0.0,0.0,2022-05-07,0.0,-0.5650120281600503,30.457142857142856,59.142857142857146,18.7,0.0,223150896.0,53.521,0.0,1.5,0.0,1.5,1.7320508075688772,0.0,0.0,0.0
20,2022.0,18.0,Monkeypox,Adamawa,0.0,0.0,0.0,2022-05-07,0.0,-0.5650120281600503,30.457142857142856,59.142857142857146,18.7,0.0,223150896.0,53.521,0.0,0.0,0.0,0.75,1.5,0.0,0.0,0.0
20,2022.0,18.0,Monkeypox,Adamawa,0.0,0.0,0.0,2022-05-07,0.0,-0.5650120281600503,30.457142857142856,59.142857142857146,18.7,0.0,223150896.0,53.521,0.0,0.0,0.0,0.0,0.0,0.0,0.0,0.0
1,2024.0,37.0,Monkeypox,Adamawa,1.0,0.0,0.0,2024-09-09,0.6931471805599453,-0.39950345425458095,28.414285714285715,19.142857142857142,0.0,0.0,232679478.0,55.03,0.0,0.0,0.0,0.25,0.5,0.0,0.0,0.00042977576217529594
1,2024.0,37.0,Monkeypox,Adamawa,1.0,0.0,0.0,2024-09-09,0.6931471805599453,-0.39950345425458095,28.414285714285715,19.142857142857142,0.0,0.0,232679478.0,55.03,1.0,0.5,0.0,0.5,0.5773502691896257,0.0,0.0,0.00042977576217529594
1,2024.0,37.0,Monkeypox,Adamawa,1.0,0.0,0.0,2024-09-09,0.6931471805599453,-0.39950345425458095,28.414285714285715,19.142857142857142,0.0,0.0,232679478.0,55.03,1.0,1.0,0.0,0.75,0.5,0.0,0.0,0.00042977576217529594
1,2024.0,37.0,Monkeypox,Adamawa,1.0,0.0,0.0,2024-09-09,0.6931471805599453,-0.39950345425458095,28.414285714285715,19.142857142857142,0.0,0.0,232679478.0,55.03,1.0,1.0,0.0,1.0,0.0,0.0,0.0,0.00042977576217529594
20,2025.0,45.0,Monkeypox,Adamawa,0.0,0.0,0.0,2025-11-08,0.0,-0.5650120281600503,31.857142857142858,53.42857142857143,15.9,0.0,0.0,0.0,1.0,1.0,0.0,0.75,0.5,0.0,-1.0,0.0
20,2025.0,45.0,Monkeypox,Adamawa,0.0,0.0,0.0,2025-11-08,0.0,-0.5650120281600503,31.857142857142858,53.42857142857143,15.9,0.0,0.0,0.0,0.0,0.5,0.0,0.5,0.5773502691896257,0.0,0.0,0.0
20,2025.0,45.0,Monkeypox,Adamawa,0.0,0.0,0.0,2025-11-08,0.0,-0.5650120281600503,31.857142857142858,53.42857142857143,15.9,0.0,0.0,0.0,0.0,0.0,0.0,0.25,0.5,0.0,0.0,0.0
20,2025.0,45.0,Monkeypox,Adamawa,0.0,0.0,0.0,2025-11-08,0.0,-0.5650120281600503,31.857142857142858,53.42857142857143,15.9,0.0,0.0,0.0,0.0,0.0,0.0,0.0,0.0,0.0,0.0,0.0
20,2017.0,52.0,Monkeypox,Akwa Ibom,6.0,0.0,0.0,2017-01-01,1.9459101490553132,0.42803941527276534,0.0,0.0,0.0,0.0,0.0,49.519,0.0,0.0,0.0,6.0,0.0,0.0,0.0,0.0
20,2018.0,1.0,Monkeypox,Akwa Ibom,9.0,0.0,0.0,2018-01-01,2.302585092994046,0.9245651369891731,25.557142857142857,89.28571428571429,27.7,0.0,204938755.0,50.344,6.0,0.0,0.0,7.5,2.1213203435596424,0.0,0.5,0.004391555906543884
20,2018.0,1.0,Monkeypox,Akwa Ibom,9.0,0.0,0.0,2018-01-01,2.302585092994046,0.9245651369891731,25.557142857142857,89.28571428571429,27.7,0.0,204938755.0,50.344,9.0,7.5,0.0,8.0,1.7320508075688772,0.0,0.0,0.004391555906543884
20,2018.0,1.0,Monkeypox,Akwa Ibom,9.0,0.0,0.0,2018-01-01,2.302585092994046,0.9245651369891731,25.557142857142857,89.28571428571429,27.7,0.0,204938755.0,50.344,9.0,9.0,0.0,8.25,1.5,0.0,0.0,0.004391555906543884
20,2018.0,1.0,Monkeypox,Akwa Ibom,9.0,0.0,0.0,2018-01-01,2.302585092994046,0.9245651369891731,25.557142857142857,89.28571428571429,27.7,0.0,204938755.0,50.344,9.0,9.0,0.0,9.0,0.0,0.0,0.0,0.004391555906543884
20,2022.0,18.0,Monkeypox,Akwa Ibom,6.0,0.0,0.0,2022-05-07,1.9459101490553132,0.42803941527276534,25.0,93.14285714285714,98.0,0.0,223150896.0,53.521,9.0,9.0,0.0,8.25,1.5,0.0,-0.3333333333333333,0.002688763570996372
20,2022.0,18.0,Monkeypox,Akwa Ibom,6.0,0.0,0.0,2022-05-07,1.9459101490553132,0.42803941527276534,25.0,93.14285714285714,98.0,0.0,223150896.0,53.521,6.0,7.5,0.0,7.5,1.7320508075688772,0.0,0.0,0.002688763570996372
20,2022.0,18.0,Monkeypox,Akwa Ibom,6.0,0.0,0.0,2022-05-07,1.9459101490553132,0.42803941527276534,25.0,93.14285714285714,98.0,0.0,223150896.0,53.521,6.0,6.0,0.0,6.75,1.5,0.0,0.0,0.002688763570996372
20,2022.0,18.0,Monkeypox,Akwa Ibom,6.0,0.0,0.0,2022-05-07,1.9459101490553132,0.42803941527276534,25.0,93.14285714285714,98.0,0.0,223150896.0,53.521,6.0,6.0,0.0,6.0,0.0,0.0,0.0,0.002688763570996372
2,2024.0,35.0,Monkeypox,Akwa Ibom,2.0,0.0,0.0,2024-08-26,1.0986122886681098,-0.2339948803491117,27.557142857142857,74.42857142857143,0.1,0.0,232679478.0,55.03,6.0,6.0,0.0,5.0,2.0,0.0,-0.6666666666666666,0.0008595515243505919
2,2024.0,35.0,Monkeypox,Akwa Ibom,2.0,0.0,0.0,2024-08-26,1.0986122886681098,-0.2339948803491117,27.557142857142857,74.42857142857143,0.1,0.0,232679478.0,55.03,2.0,4.0,0.0,4.0,2.309401076758503,0.0,0.0,0.0008595515243505919
2,2024.0,35.0,Monkeypox,Akwa Ibom,2.0,0.0,0.0,2024-08-26,1.0986122886681098,-0.2339948803491117,27.557142857142857,74.42857142857143,0.1,0.0,232679478.0,55.03,2.0,2.0,0.0,3.0,2.0,0.0,0.0,0.0008595515243505919
2,2024.0,35.0,Monkeypox,Akwa Ibom,2.0,0.0,0.0,2024-08-26,1.0986122886681098,-0.2339948803491117,27.557142857142857,74.42857142857143,0.1,0.0,232679478.0,55.03,2.0,2.0,0.0,2.0,0.0,0.0,0.0,0.0008595515243505919
20,2025.0,6.0,Monkeypox,Akwa Ibom,6.0,0.0,0.0,2025-02-03,1.9459101490553132,0.42803941527276534,26.77142857142857,84.28571428571429,52.0,0.0,0.0,0.0,2.0,2.0,0.0,3.0,2.0,0.0,2.0,0.0
20,2025.0,6.0,Monkeypox,Akwa Ibom,6.0,0.0,0.0,2025-02-03,1.9459101490553132,0.42803941527276534,26.77142857142857,84.28571428571429,52.0,0.0,0.0,0.0,6.0,4.0,0.0,4.0,2.309401076758503,0.0,0.0,0.0
20,2025.0,6.0,Monkeypox,Akwa Ibom,6.0,0.0,0.0,2025-02-03,1.9459101490553132,0.42803941527276534,26.77142857142857,84.28571428571429,52.0,0.0,0.0,0.0,6.0,6.0,0.0,5.0,2.0,0.0,0.0,0.0
20,2025.0,6.0,Monkeypox,Akwa Ibom,6.0,0.0,0.0,2025-02-03,1.9459101490553132,0.42803941527276534,26.77142857142857,84.28571428571429,52.0,0.0,0.0,0.0,6.0,6.0,0.0,6.0,0.0,0.0,0.0,0.0
20,2017.0,52.0,Monkeypox,Anambra,0.0,1.0,0.0,2017-01-01,0.0,-0.5650120281600503,0.0,0.0,0.0,0.0,0.0,49.519,0.0,0.0,0.0,0.0,0.0,1.0,0.0,0.0
20,2018.0,1.0,Monkeypox,Anambra,2.0,0.0,0.0,2018-01-01,1.0986122886681098,-0.2339948803491117,26.942857142857143,84.28571428571429,21.0,0.0,204938755.0,50.344,0.0,0.0,1.0,1.0,1.4142135623730951,0.5,0.0,0.0009759013125653077
20,2018.0,1.0,Monkeypox,Anambra,2.0,0.0,0.0,2018-01-01,1.0986122886681098,-0.2339948803491117,26.942857142857143,84.28571428571429,21.0,0.0,204938755.0,50.344,2.0,1.0,0.0,1.3333333333333333,1.1547005383792517,0.3333333333333333,0.0,0.0009759013125653077
20,2018.0,1.0,Monkeypox,Anambra,2.0,0.0,0.0,2018-01-01,1.0986122886681098,-0.2339948803491117,26.942857142857143,84.28571428571429,21.0,0.0,204938755.0,50.344,2.0,2.0,0.0,1.5,1.0,0.25,0.0,0.0009759013125653077
20,2018.0,1.0,Monkeypox,Anambra,2.0,0.0,0.0,2018-01-01,1.0986122886681098,-0.2339948803491117,26.942857142857143,84.28571428571429,21.0,0.0,204938755.0,50.344,2.0,2.0,0.0,2.0,0.0,0.0,0.0,0.0009759013125653077
20,2022.0,18.0,Monkeypox,Anambra,0.0,1.0,0.0,2022-05-07,0.0,-0.5650120281600503,26.61428571428572,84.57142857142857,40.9,0.0,223150896.0,53.521,2.0,2.0,0.0,1.5,1.0,0.25,-1.0,0.0
20,2022.0,18.0,Monkeypox,Anambra,0.0,1.0,0.0,2022-05-07,0.0,-0.5650120281600503,26.61428571428572,84.57142857142857,40.9,0.0,223150896.0,53.521,0.0,1.0,1.0,1.0,1.1547005383792515,0.5,0.0,0.0
20,2022.0,18.0,Monkeypox,Anambra,0.0,1.0,0.0,2022-05-07,0.0,-0.5650120281600503,26.61428571428572,84.57142857142857,40.9,0.0,223150896.0,53.521,0.0,0.0,1.0,0.5,1.0,0.75,0.0,0.0
20,2022.0,18.0,Monkeypox,Anambra,0.0,1.0,0.0,2022-05-07,0.0,-0.5650120281600503,26.61428571428572,84.57142857142857,40.9,0.0,223150896.0,53.521,0.0,0.0,1.0,0.0,0.0,1.0,0.0,0.0
20,2025.0,6.0,Monkeypox,Anambra,0.0,1.0,0.0,2025-02-03,0.0,-0.5650120281600503,27.61428571428572,81.71428571428571,26.4,0.0,0.0,0.0,0.0,0.0,1.0,0.0,0.0,1.0,0.0,0.0
20,2025.0,6.0,Monkeypox,Anambra,0.0,1.0,0.0,2025-02-03,0.0,-0.5650120281600503,27.61428571428572,81.71428571428571,26.4,0.0,0.0,0.0,0.0,0.0,1.0,0.0,0.0,1.0,0.0,0.0
20,2025.0,6.0,Monkeypox,Anambra,0.0,1.0,0.0,2025-02-03,0.0,-0.5650120281600503,27.61428571428572,81.71428571428571,26.4,0.0,0.0,0.0,0.0,0.0,1.0,0.0,0.0,1.0,0.0,0.0
20,2025.0,6.0,Monkeypox,Anambra,0.0,1.0,0.0,2025-02-03,0.0,-0.5650120281600503,27.61428571428572,81.71428571428571,26.4,0.0,0.0,0.0,0.0,0.0,1.0,0.0,0.0,1.0,0.0,0.0
20,2018.0,1.0,Monkeypox,Bauchi,1.0,0.0,0.0,2018-01-01,0.6931471805599453,-0.39950345425458095,28.24285714285714,57.57142857142857,2.3000000000000003,0.0,204938755.0,50.344,0.0,0.0,0.0,1.0,0.0,0.0,0.0,0.00048795065628265383
20,2018.0,1.0,Monkeypox,Bauchi,1.0,0.0,0.0,2018-01-01,0.6931471805599453,-0.39950345425458095,28.24285714285714,57.57142857142857,2.3000000000000003,0.0,204938755.0,50.344,1.0,0.0,0.0,1.0,0.0,0.0,0.0,0.00048795065628265383
20,2018.0,1.0,Monkeypox,Bauchi,1.0,0.0,0.0,2018-01-01,0.6931471805599453,-0.39950345425458095,28.24285714285714,57.57142857142857,2.3000000000000003,0.0,204938755.0,50.344,1.0,1.0,0.0,1.0,0.0,0.0,0.0,0.00048795065628265383
20,2018.0,1.0,Monkeypox,Bauchi,1.0,0.0,0.0,2018-01-01,0.6931471805599453,-0.39950345425458095,28.24285714285714,57.57142857142857,2.3000000000000003,0.0,204938755.0,50.344,1.0,1.0,0.0,1.0,0.0,0.0,0.0,0.00048795065628265383
20,2022.0,28.0,Monkeypox,Bauchi,0.0,0.0,0.0,2022-07-11,0.0,-0.5650120281600503,29.9,46.285714285714285,1.2000000000000002,0.0,223150896.0,53.521,1.0,1.0,0.0,0.75,0.5,0.0,-1.0,0.0
20,2022.0,28.0,Monkeypox,Bauchi,0.0,0.0,0.0,2022-07-11,0.0,-0.5650120281600503,29.9,46.285714285714285,1.2000000000000002,0.0,223150896.0,53.521,0.0,0.5,0.0,0.5,0.5773502691896257,0.0,0.0,0.0
20,2022.0,28.0,Monkeypox,Bauchi,0.0,0.0,0.0,2022-07-11,0.0,-0.5650120281600503,29.9,46.285714285714285,1.2000000000000002,0.0,223150896.0,53.521,0.0,0.0,0.0,0.25,0.5,0.0,0.0,0.0
20,2022.0,28.0,Monkeypox,Bauchi,0.0,0.0,0.0,2022-07-11,0.0,-0.5650120281600503,29.9,46.285714285714285,1.2000000000000002,0.0,223150896.0,53.521,0.0,0.0,0.0,0.0,0.0,0.0,0.0,0.0
20,2017.0,52.0,Monkeypox,Bayelsa,19.0,11.0,57.89,2017-01-01,2.995732273553991,2.5796508760438654,0.0,0.0,0.0,0.0,0.0,49.519,0.0,0.0,0.0,19.0,0.0,11.0,0.0,0.0
20,2018.0,1.0,Monkeypox,Bayelsa,10.0,0.0,0.0,2018-01-01,2.3978952727983707,1.0900737108946423,26.414285714285715,86.0,43.2,0.0,204938755.0,50.344,19.0,0.0,11.0,14.5,6.363961030678928,5.5,-0.47368421052631576,0.0048795065628265384
20,2018.0,1.0,Monkeypox,Bayelsa,10.0,0.0,0.0,2018-01-01,2.3978952727983707,1.0900737108946423,26.414285714285715,86.0,43.2,0.0,204938755.0,50.344,10.0,14.5,0.0,13.0,5.196152422706632,3.6666666666666665,0.0,0.0048795065628265384
20,2018.0,1.0,Monkeypox,Bayelsa,10.0,0.0,0.0,2018-01-01,2.3978952727983707,1.0900737108946423,26.414285714285715,86.0,43.2,0.0,204938755.0,50.344,10.0,10.0,0.0,12.25,4.5,2.75,0.0,0.0048795065628265384
20,2018.0,1.0,Monkeypox,Bayelsa,10.0,0.0,0.0,2018-01-01,2.3978952727983707,1.0900737108946423,26.414285714285715,86.0,43.2,0.0,204938755.0,50.344,10.0,10.0,0.0,10.0,0.0,0.0,0.0,0.0048795065628265384
20,2022.0,18.0,Monkeypox,Bayelsa,19.0,11.0,57.89,2022-05-07,2.995732273553991,2.5796508760438654,25.7,89.85714285714286,132.7,0.0,223150896.0,53.521,10.0,10.0,0.0,12.25,4.5,2.75,0.9,0.008514417974821845
20,2022.0,18.0,Monkeypox,Bayelsa,19.0,11.0,57.89,2022-05-07,2.995732273553991,2.5796508760438654,25.7,89.85714285714286,132.7,0.0,223150896.0,53.521,19.0,14.5,11.0,14.5,5.196152422706632,5.5,0.0,0.008514417974821845
20,2022.0,18.0,Monkeypox,Bayelsa,19.0,11.0,57.89,2022-05-07,2.995732273553991,2.5796508760438654,25.7,89.85714285714286,132.7,0.0,223150896.0,53.521,19.0,19.0,11.0,16.75,4.5,8.25,0.0,0.008514417974821845
20,2022.0,18.0,Monkeypox,Bayelsa,19.0,11.0,57.89,2022-05-07,2.995732273553991,2.5796508760438654,25.7,89.85714285714286,132.7,0.0,223150896.0,53.521,19.0,19.0,11.0,19.0,0.0,11.0,0.0,0.008514417974821845
1,2024.0,34.0,Monkeypox,Bayelsa,1.0,0.0,0.0,2024-08-19,0.6931471805599453,-0.39950345425458095,27.571428571428573,81.28571428571429,10.8,0.0,232679478.0,55.03,19.0,19.0,11.0,14.5,9.0,8.25,-0.9473684210526315,0.00042977576217529594
1,2024.0,34.0,Monkeypox,Bayelsa,1.0,0.0,0.0,2024-08-19,0.6931471805599453,-0.39950345425458095,27.571428571428573,81.28571428571429,10.8,0.0,232679478.0,55.03,1.0,10.0,0.0,10.0,10.392304845413264,5.5,0.0,0.00042977576217529594
1,2024.0,34.0,Monkeypox,Bayelsa,1.0,0.0,0.0,2024-08-19,0.6931471805599453,-0.39950345425458095,27.571428571428573,81.28571428571429,10.8,0.0,232679478.0,55.03,1.0,1.0,0.0,5.5,9.0,2.75,0.0,0.00042977576217529594
1,2024.0,34.0,Monkeypox,Bayelsa,1.0,0.0,0.0,2024-08-19,0.6931471805599453,-0.39950345425458095,27.571428571428573,81.28571428571429,10.8,0.0,232679478.0,55.03,1.0,1.0,0.0,1.0,0.0,0.0,0.0,0.00042977576217529594
20,2025.0,6.0,Monkeypox,Bayelsa,19.0,11.0,57.89,2025-02-03,2.995732273553991,2.5796508760438654,26.442857142857143,88.57142857142857,55.6,0.0,0.0,0.0,1.0,1.0,0.0,5.5,9.0,2.75,18.0,0.0
20,2025.0,6.0,Monkeypox,Bayelsa,19.0,11.0,57.89,2025-02-03,2.995732273553991,2.5796508760438654,26.442857142857143,88.57142857142857,55.6,0.0,0.0,0.0,19.0,10.0,11.0,10.0,10.392304845413264,5.5,0.0,0.0
20,2025.0,6.0,Monkeypox,Bayelsa,19.0,11.0,57.89,2025-02-03,2.995732273553991,2.5796508760438654,26.442857142857143,88.57142857142857,55.6,0.0,0.0,0.0,19.0,19.0,11.0,14.5,9.0,8.25,0.0,0.0
20,2025.0,6.0,Monkeypox,Bayelsa,19.0,11.0,57.89,2025-02-03,2.995732273553991,2.5796508760438654,26.442857142857143,88.57142857142857,55.6,0.0,0.0,0.0,19.0,19.0,11.0,19.0,0.0,11.0,0.0,0.0
20,2017.0,52.0,Monkeypox,Benue,2.0,0.0,0.0,2017-01-01,1.0986122886681098,-0.2339948803491117,0.0,0.0,0.0,0.0,0.0,49.519,0.0,0.0,0.0,2.0,0.0,0.0,0.0,0.0
20,2022.0,18.0,Monkeypox,Benue,2.0,0.0,0.0,2022-05-07,1.0986122886681098,-0.2339948803491117,27.042857142857144,76.85714285714286,37.0,0.0,223150896.0,53.521,2.0,0.0,0.0,2.0,0.0,0.0,0.0,0.0008962545236654573
20,2022.0,18.0,Monkeypox,Benue,2.0,0.0,0.0,2022-05-07,1.0986122886681098,-0.2339948803491117,27.042857142857144,76.85714285714286,37.0,0.0,223150896.0,53.521,2.0,2.0,0.0,2.0,0.0,0.0,0.0,0.0008962545236654573
20,2022.0,18.0,Monkeypox,Benue,2.0,0.0,0.0,2022-05-07,1.0986122886681098,-0.2339948803491117,27.042857142857144,76.85714285714286,37.0,0.0,223150896.0,53.521,2.0,2.0,0.0,2.0,0.0,0.0,0.0,0.0008962545236654573
20,2022.0,18.0,Monkeypox,Benue,2.0,0.0,0.0,2022-05-07,1.0986122886681098,-0.2339948803491117,27.042857142857144,76.85714285714286,37.0,0.0,223150896.0,53.521,2.0,2.0,0.0,2.0,0.0,0.0,0.0,0.0008962545236654573
1,2024.0,36.0,Monkeypox,Benue,1.0,0.0,0.0,2024-09-02,0.6931471805599453,-0.39950345425458095,26.842857142857145,44.85714285714285,0.0,0.0,232679478.0,55.03,2.0,2.0,0.0,1.75,0.5,0.0,-0.5,0.00042977576217529594
1,2024.0,36.0,Monkeypox,Benue,1.0,0.0,0.0,2024-09-02,0.6931471805599453,-0.39950345425458095,26.842857142857145,44.85714285714285,0.0,0.0,232679478.0,55.03,1.0,1.5,0.0,1.5,0.5773502691896257,0.0,0.0,0.00042977576217529594
1,2024.0,36.0,Monkeypox,Benue,1.0,0.0,0.0,2024-09-02,0.6931471805599453,-0.39950345425458095,26.842857142857145,44.85714285714285,0.0,0.0,232679478.0,55.03,1.0,1.0,0.0,1.25,0.5,0.0,0.0,0.00042977576217529594
1,2024.0,36.0,Monkeypox,Benue,1.0,0.0,0.0,2024-09-02,0.6931471805599453,-0.39950345425458095,26.842857142857145,44.85714285714285,0.0,0.0,232679478.0,55.03,1.0,1.0,0.0,1.0,0.0,0.0,0.0,0.00042977576217529594
20,2025.0,6.0,Monkeypox,Benue,2.0,0.0,0.0,2025-02-03,1.0986122886681098,-0.2339948803491117,28.142857142857142,72.14285714285714,33.9,0.0,0.0,0.0,1.0,1.0,0.0,1.25,0.5,0.0,1.0,0.0
20,2025.0,6.0,Monkeypox,Benue,2.0,0.0,0.0,2025-02-03,1.0986122886681098,-0.2339948803491117,28.142857142857142,72.14285714285714,33.9,0.0,0.0,0.0,2.0,1.5,0.0,1.5,0.5773502691896257,0.0,0.0,0.0
20,2025.0,6.0,Monkeypox,Benue,2.0,0.0,0.0,2025-02-03,1.0986122886681098,-0.2339948803491117,28.142857142857142,72.14285714285714,33.9,0.0,0.0,0.0,2.0,2.0,0.0,1.75,0.5,0.0,0.0,0.0
20,2025.0,6.0,Monkeypox,Benue,2.0,0.0,0.0,2025-02-03,1.0986122886681098,-0.2339948803491117,28.142857142857142,72.14285714285714,33.9,0.0,0.0,0.0,2.0,2.0,0.0,2.0,0.0,0.0,0.0,0.0
20,2022.0,27.0,Monkeypox,Borno,0.0,0.0,0.0,2022-07-04,0.0,-0.5650120281600503,31.585714285714285,39.285714285714285,0.8,0.0,223150896.0,53.521,0.0,0.0,0.0,0.0,0.0,0.0,0.0,0.0
20,2022.0,27.0,Monkeypox,Borno,0.0,0.0,0.0,2022-07-04,0.0,-0.5650120281600503,31.585714285714285,39.285714285714285,0.8,0.0,223150896.0,53.521,0.0,0.0,0.0,0.0,0.0,0.0,0.0,0.0
20,2022.0,27.0,Monkeypox,Borno,0.0,0.0,0.0,2022-07-04,0.0,-0.5650120281600503,31.585714285714285,39.285714285714285,0.8,0.0,223150896.0,53.521,0.0,0.0,0.0,0.0,0.0,0.0,0.0,0.0
20,2022.0,27.0,Monkeypox,Borno,0.0,0.0,0.0,2022-07-04,0.0,-0.5650120281600503,31.585714285714285,39.285714285714285,0.8,0.0,223150896.0,53.521,0.0,0.0,0.0,0.0,0.0,0.0,0.0,0.0
20,2017.0,52.0,Monkeypox,Cross River,9.0,3.0,33.33,2017-01-01,2.302585092994046,0.9245651369891731,0.0,0.0,0.0,0.0,0.0,49.519,0.0,0.0,0.0,9.0,0.0,3.0,0.0,0.0
20,2018.0,1.0,Monkeypox,Cross River,15.0,0.0,0.0,2018-01-01,2.772588722239781,1.9176165804219887,26.585714285714285,85.0,39.8,0.0,204938755.0,50.344,9.0,0.0,3.0,12.0,4.242640687119285,1.5,0.6666666666666666,0.007319259844239807
20,2018.0,1.0,Monkeypox,Cross River,15.0,0.0,0.0,2018-01-01,2.772588722239781,1.9176165804219887,26.585714285714285,85.0,39.8,0.0,204938755.0,50.344,15.0,12.0,0.0,13.0,3.4641016151377544,1.0,0.0,0.007319259844239807
20,2018.0,1.0,Monkeypox,Cross River,15.0,0.0,0.0,2018-01-01,2.772588722239781,1.9176165804219887,26.585714285714285,85.0,39.8,0.0,204938755.0,50.344,15.0,15.0,0.0,13.5,3.0,0.75,0.0,0.007319259844239807
20,2018.0,1.0,Monkeypox,Cross River,15.0,0.0,0.0,2018-01-01,2.772588722239781,1.9176165804219887,26.585714285714285,85.0,39.8,0.0,204938755.0,50.344,15.0,15.0,0.0,15.0,0.0,0.0,0.0,0.007319259844239807
20,2022.0,18.0,Monkeypox,Cross River,9.0,3.0,33.33,2022-05-07,2.302585092994046,0.9245651369891731,26.12857142857143,88.14285714285714,63.900000000000006,0.0,223150896.0,53.521,15.0,15.0,0.0,13.5,3.0,0.75,-0.4,0.004033145356494558
20,2022.0,18.0,Monkeypox,Cross River,9.0,3.0,33.33,2022-05-07,2.302585092994046,0.9245651369891731,26.12857142857143,88.14285714285714,63.900000000000006,0.0,223150896.0,53.521,9.0,12.0,3.0,12.0,3.4641016151377544,1.5,0.0,0.004033145356494558
20,2022.0,18.0,Monkeypox,Cross River,9.0,3.0,33.33,2022-05-07,2.302585092994046,0.9245651369891731,26.12857142857143,88.14285714285714,63.900000000000006,0.0,223150896.0,53.521,9.0,9.0,3.0,10.5,3.0,2.25,0.0,0.004033145356494558
20,2022.0,18.0,Monkeypox,Cross River,9.0,3.0,33.33,2022-05-07,2.302585092994046,0.9245651369891731,26.12857142857143,88.14285714285714,63.900000000000006,0.0,223150896.0,53.521,9.0,9.0,3.0,9.0,0.0,3.0,0.0,0.004033145356494558
1,2024.0,34.0,Monkeypox,Cross River,1.0,0.0,0.0,2024-08-19,0.6931471805599453,-0.39950345425458095,27.87142857142857,71.0,0.3,0.0,232679478.0,55.03,9.0,9.0,3.0,7.0,4.0,2.25,-0.8888888888888888,0.00042977576217529594
1,2024.0,34.0,Monkeypox,Cross River,1.0,0.0,0.0,2024-08-19,0.6931471805599453,-0.39950345425458095,27.87142857142857,71.0,0.3,0.0,232679478.0,55.03,1.0,5.0,0.0,5.0,4.618802153517006,1.5,0.0,0.00042977576217529594
1,2024.0,34.0,Monkeypox,Cross River,1.0,0.0,0.0,2024-08-19,0.6931471805599453,-0.39950345425458095,27.87142857142857,71.0,0.3,0.0,232679478.0,55.03,1.0,1.0,0.0,3.0,4.0,0.75,0.0,0.00042977576217529594
1,2024.0,34.0,Monkeypox,Cross River,1.0,0.0,0.0,2024-08-19,0.6931471805599453,-0.39950345425458095,27.87142857142857,71.0,0.3,0.0,232679478.0,55.03,1.0,1.0,0.0,1.0,0.0,0.0,0.0,0.00042977576217529594
2,2024.0,37.0,Monkeypox,Cross River,2.0,0.0,0.0,2024-09-09,1.0986122886681098,-0.2339948803491117,27.357142857142858,61.57142857142857,0.0,0.0,232679478.0,55.03,1.0,1.0,0.0,1.25,0.5000000000000023,0.0,1.0,0.0008595515243505919
2,2024.0,37.0,Monkeypox,Cross River,2.0,0.0,0.0,2024-09-09,1.0986122886681098,-0.2339948803491117,27.357142857142858,61.57142857142857,0.0,0.0,232679478.0,55.03,2.0,1.5,0.0,1.5,0.5773502691896278,0.0,0.0,0.0008595515243505919
2,2024.0,37.0,Monkeypox,Cross River,2.0,0.0,0.0,2024-09-09,1.0986122886681098,-0.2339948803491117,27.357142857142858,61.57142857142857,0.0,0.0,232679478.0,55.03,2.0,2.0,0.0,1.75,0.5000000000000023,0.0,0.0,0.0008595515243505919
2,2024.0,37.0,Monkeypox,Cross River,2.0,0.0,0.0,2024-09-09,1.0986122886681098,-0.2339948803491117,27.357142857142858,61.57142857142857,0.0,0.0,232679478.0,55.03,2.0,2.0,0.0,2.0,0.0,0.0,0.0,0.0008595515243505919
20,2025.0,6.0,Monkeypox,Cross River,9.0,3.0,33.33,2025-02-03,2.302585092994046,0.9245651369891731,28.12857142857143,77.14285714285714,31.3,0.0,0.0,0.0,2.0,2.0,0.0,3.75,3.5000000000000004,0.75,3.5,0.0
20,2025.0,6.0,Monkeypox,Cross River,9.0,3.0,33.33,2025-02-03,2.302585092994046,0.9245651369891731,28.12857142857143,77.14285714285714,31.3,0.0,0.0,0.0,9.0,5.5,3.0,5.5,4.041451884327381,1.5,0.0,0.0
20,2025.0,6.0,Monkeypox,Cross River,9.0,3.0,33.33,2025-02-03,2.302585092994046,0.9245651369891731,28.12857142857143,77.14285714285714,31.3,0.0,0.0,0.0,9.0,9.0,3.0,7.25,3.5000000000000004,2.25,0.0,0.0
20,2025.0,6.0,Monkeypox,Cross River,9.0,3.0,33.33,2025-02-03,2.302585092994046,0.9245651369891731,28.12857142857143,77.14285714285714,31.3,0.0,0.0,0.0,9.0,9.0,3.0,9.0,0.0,3.0,0.0,0.0
20,2017.0,52.0,Monkeypox,Delta,3.0,6.0,0.0,2017-01-01,1.3862943611198906,-0.06848630644364244,0.0,0.0,0.0,0.0,0.0,49.519,0.0,0.0,0.0,3.0,0.0,6.0,0.0,0.0
20,2018.0,1.0,Monkeypox,Delta,7.0,0.0,0.0,2018-01-01,2.0794415416798357,0.5935479891782346,26.11428571428572,87.71428571428571,31.3,0.0,204938755.0,50.344,3.0,0.0,6.0,5.0,2.8284271247461903,3.0,1.3333333333333333,0.0034156545939785766
20,2018.0,1.0,Monkeypox,Delta,7.0,0.0,0.0,2018-01-01,2.0794415416798357,0.5935479891782346,26.11428571428572,87.71428571428571,31.3,0.0,204938755.0,50.344,7.0,5.0,0.0,5.666666666666667,2.309401076758503,2.0,0.0,0.0034156545939785766
20,2018.0,1.0,Monkeypox,Delta,7.0,0.0,0.0,2018-01-01,2.0794415416798357,0.5935479891782346,26.11428571428572,87.71428571428571,31.3,0.0,204938755.0,50.344,7.0,7.0,0.0,6.0,2.0,1.5,0.0,0.0034156545939785766
20,2018.0,1.0,Monkeypox,Delta,7.0,0.0,0.0,2018-01-01,2.0794415416798357,0.5935479891782346,26.11428571428572,87.71428571428571,31.3,0.0,204938755.0,50.344,7.0,7.0,0.0,7.0,0.0,0.0,0.0,0.0034156545939785766
20,2022.0,18.0,Monkeypox,Delta,3.0,6.0,0.0,2022-05-07,1.3862943611198906,-0.06848630644364244,25.485714285714288,90.28571428571428,65.4,0.0,223150896.0,53.521,7.0,7.0,0.0,6.0,2.0,1.5,-0.5714285714285714,0.001344381785498186
20,2022.0,18.0,Monkeypox,Delta,3.0,6.0,0.0,2022-05-07,1.3862943611198906,-0.06848630644364244,25.485714285714288,90.28571428571428,65.4,0.0,223150896.0,53.521,3.0,5.0,6.0,5.0,2.309401076758503,3.0,0.0,0.001344381785498186
20,2022.0,18.0,Monkeypox,Delta,3.0,6.0,0.0,2022-05-07,1.3862943611198906,-0.06848630644364244,25.485714285714288,90.28571428571428,65.4,0.0,223150896.0,53.521,3.0,3.0,6.0,4.0,2.0,4.5,0.0,0.001344381785498186
20,2022.0,18.0,Monkeypox,Delta,3.0,6.0,0.0,2022-05-07,1.3862943611198906,-0.06848630644364244,25.485714285714288,90.28571428571428,65.4,0.0,223150896.0,53.521,3.0,3.0,6.0,3.0,0.0,6.0,0.0,0.001344381785498186
1,2024.0,35.0,Monkeypox,Delta,1.0,0.0,0.0,2024-08-26,0.6931471805599453,-0.39950345425458095,28.414285714285715,73.0,0.6,0.0,232679478.0,55.03,3.0,3.0,6.0,2.5,1.0,4.5,-0.6666666666666666,0.00042977576217529594
1,2024.0,35.0,Monkeypox,Delta,1.0,0.0,0.0,2024-08-26,0.6931471805599453,-0.39950345425458095,28.414285714285715,73.0,0.6,0.0,232679478.0,55.03,1.0,2.0,0.0,2.0,1.1547005383792515,3.0,0.0,0.00042977576217529594
1,2024.0,35.0,Monkeypox,Delta,1.0,0.0,0.0,2024-08-26,0.6931471805599453,-0.39950345425458095,28.414285714285715,73.0,0.6,0.0,232679478.0,55.03,1.0,1.0,0.0,1.5,1.0,1.5,0.0,0.00042977576217529594
1,2024.0,35.0,Monkeypox,Delta,1.0,0.0,0.0,2024-08-26,0.6931471805599453,-0.39950345425458095,28.414285714285715,73.0,0.6,0.0,232679478.0,55.03,1.0,1.0,0.0,1.0,0.0,0.0,0.0,0.00042977576217529594
20,2025.0,6.0,Monkeypox,Delta,3.0,6.0,0.0,2025-02-03,1.3862943611198906,-0.06848630644364244,26.642857142857142,87.42857142857143,58.8,0.0,0.0,0.0,1.0,1.0,0.0,1.5,1.0,1.5,2.0,0.0
20,2025.0,6.0,Monkeypox,Delta,3.0,6.0,0.0,2025-02-03,1.3862943611198906,-0.06848630644364244,26.642857142857142,87.42857142857143,58.8,0.0,0.0,0.0,3.0,2.0,6.0,2.0,1.1547005383792515,3.0,0.0,0.0
20,2025.0,6.0,Monkeypox,Delta,3.0,6.0,0.0,2025-02-03,1.3862943611198906,-0.06848630644364244,26.642857142857142,87.42857142857143,58.8,0.0,0.0,0.0,3.0,3.0,6.0,2.5,1.0,4.5,0.0,0.0
20,2025.0,6.0,Monkeypox,Delta,3.0,6.0,0.0,2025-02-03,1.3862943611198906,-0.06848630644364244,26.642857142857142,87.42857142857143,58.8,0.0,0.0,0.0,3.0,3.0,6.0,3.0,0.0,6.0,0.0,0.0
20,2017.0,52.0,Monkeypox,Ebonyi,0.0,0.0,0.0,2017-01-01,0.0,-0.5650120281600503,0.0,0.0,0.0,0.0,0.0,49.519,0.0,0.0,0.0,0.0,0.0,0.0,0.0,0.0
20,2018.0,1.0,Monkeypox,Ebonyi,1.0,0.0,0.0,2018-01-01,0.6931471805599453,-0.39950345425458095,27.37142857142857,80.57142857142857,23.200000000000003,0.0,204938755.0,50.344,0.0,0.0,0.0,0.5,0.7071067811865476,0.0,0.0,0.00048795065628265383
20,2018.0,1.0,Monkeypox,Ebonyi,1.0,0.0,0.0,2018-01-01,0.6931471805599453,-0.39950345425458095,27.37142857142857,80.57142857142857,23.200000000000003,0.0,204938755.0,50.344,1.0,0.5,0.0,0.6666666666666666,0.5773502691896258,0.0,0.0,0.00048795065628265383
20,2018.0,1.0,Monkeypox,Ebonyi,1.0,0.0,0.0,2018-01-01,0.6931471805599453,-0.39950345425458095,27.37142857142857,80.57142857142857,23.200000000000003,0.0,204938755.0,50.344,1.0,1.0,0.0,0.75,0.5,0.0,0.0,0.00048795065628265383
20,2022.0,18.0,Monkeypox,Ebonyi,0.0,0.0,0.0,2022-05-07,0.0,-0.5650120281600503,26.82857142857143,82.57142857142857,32.9,0.0,223150896.0,53.521,1.0,1.0,0.0,0.75,0.5,0.0,-1.0,0.0
20,2022.0,18.0,Monkeypox,Ebonyi,0.0,0.0,0.0,2022-05-07,0.0,-0.5650120281600503,26.82857142857143,82.57142857142857,32.9,0.0,223150896.0,53.521,0.0,0.5,0.0,0.5,0.5773502691896257,0.0,0.0,0.0
20,2022.0,18.0,Monkeypox,Ebonyi,0.0,0.0,0.0,2022-05-07,0.0,-0.5650120281600503,26.82857142857143,82.57142857142857,32.9,0.0,223150896.0,53.521,0.0,0.0,0.0,0.25,0.5,0.0,0.0,0.0
1,2024.0,29.0,Monkeypox,Ebonyi,1.0,0.0,0.0,2024-07-15,0.6931471805599453,-0.39950345425458095,27.985714285714288,66.0,0.1,0.0,232679478.0,55.03,0.0,0.0,0.0,0.25,0.5,0.0,0.0,0.00042977576217529594
1,2024.0,29.0,Monkeypox,Ebonyi,1.0,0.0,0.0,2024-07-15,0.6931471805599453,-0.39950345425458095,27.985714285714288,66.0,0.1,0.0,232679478.0,55.03,1.0,0.5,0.0,0.5,0.5773502691896257,0.0,0.0,0.00042977576217529594
1,2024.0,29.0,Monkeypox,Ebonyi,1.0,0.0,0.0,2024-07-15,0.6931471805599453,-0.39950345425458095,27.985714285714288,66.0,0.1,0.0,232679478.0,55.03,1.0,1.0,0.0,0.75,0.5,0.0,0.0,0.00042977576217529594
20,2025.0,6.0,Monkeypox,Ebonyi,0.0,0.0,0.0,2025-02-03,0.0,-0.5650120281600503,28.642857142857142,73.0,17.200000000000003,0.0,0.0,0.0,1.0,1.0,0.0,0.75,0.5,0.0,-1.0,0.0
20,2025.0,6.0,Monkeypox,Ebonyi,0.0,0.0,0.0,2025-02-03,0.0,-0.5650120281600503,28.642857142857142,73.0,17.200000000000003,0.0,0.0,0.0,0.0,0.5,0.0,0.5,0.5773502691896257,0.0,0.0,0.0
20,2025.0,6.0,Monkeypox,Ebonyi,0.0,0.0,0.0,2025-02-03,0.0,-0.5650120281600503,28.642857142857142,73.0,17.200000000000003,0.0,0.0,0.0,0.0,0.0,0.0,0.25,0.5,0.0,0.0,0.0
20,2017.0,52.0,Monkeypox,Edo,4.0,1.0,25.0,2017-01-01,1.6094379124341003,0.09702226746182681,0.0,0.0,0.0,0.0,0.0,49.519,0.0,0.0,0.0,4.0,0.0,1.0,0.0,0.0
20,2018.0,1.0,Monkeypox,Edo,1.0,0.0,0.0,2018-01-01,0.6931471805599453,-0.39950345425458095,25.785714285714285,88.42857142857143,30.7,0.0,204938755.0,50.344,4.0,0.0,1.0,2.5,2.1213203435596424,0.5,-0.75,0.00048795065628265383
20,2018.0,1.0,Monkeypox,Edo,1.0,0.0,0.0,2018-01-01,0.6931471805599453,-0.39950345425458095,25.785714285714285,88.42857142857143,30.7,0.0,204938755.0,50.344,1.0,2.5,0.0,2.0,1.7320508075688772,0.3333333333333333,0.0,0.00048795065628265383
20,2018.0,1.0,Monkeypox,Edo,1.0,0.0,0.0,2018-01-01,0.6931471805599453,-0.39950345425458095,25.785714285714285,88.42857142857143,30.7,0.0,204938755.0,50.344,1.0,1.0,0.0,1.75,1.5,0.25,0.0,0.00048795065628265383
20,2018.0,1.0,Monkeypox,Edo,1.0,0.0,0.0,2018-01-01,0.6931471805599453,-0.39950345425458095,25.785714285714285,88.42857142857143,30.7,0.0,204938755.0,50.344,1.0,1.0,0.0,1.0,0.0,0.0,0.0,0.00048795065628265383
20,2022.0,18.0,Monkeypox,Edo,4.0,1.0,25.0,2022-05-07,1.6094379124341003,0.09702226746182681,25.857142857142858,88.14285714285714,28.6,0.0,223150896.0,53.521,1.0,1.0,0.0,1.75,1.5,0.25,3.0,0.0017925090473309147
20,2022.0,18.0,Monkeypox,Edo,4.0,1.0,25.0,2022-05-07,1.6094379124341003,0.09702226746182681,25.857142857142858,88.14285714285714,28.6,0.0,223150896.0,53.521,4.0,2.5,1.0,2.5,1.7320508075688772,0.5,0.0,0.0017925090473309147
20,2022.0,18.0,Monkeypox,Edo,4.0,1.0,25.0,2022-05-07,1.6094379124341003,0.09702226746182681,25.857142857142858,88.14285714285714,28.6,0.0,223150896.0,53.521,4.0,4.0,1.0,3.25,1.5,0.75,0.0,0.0017925090473309147
20,2022.0,18.0,Monkeypox,Edo,4.0,1.0,25.0,2022-05-07,1.6094379124341003,0.09702226746182681,25.857142857142858,88.14285714285714,28.6,0.0,223150896.0,53.521,4.0,4.0,1.0,4.0,0.0,1.0,0.0,0.0017925090473309147
1,2024.0,34.0,Monkeypox,Edo,1.0,0.0,0.0,2024-08-19,0.6931471805599453,-0.39950345425458095,28.27142857142857,75.28571428571429,0.8,0.0,232679478.0,55.03,4.0,4.0,1.0,3.25,1.5,0.75,-0.75,0.00042977576217529594
1,2024.0,34.0,Monkeypox,Edo,1.0,0.0,0.0,2024-08-19,0.6931471805599453,-0.39950345425458095,28.27142857142857,75.28571428571429,0.8,0.0,232679478.0,55.03,1.0,2.5,0.0,2.5,1.7320508075688772,0.5,0.0,0.00042977576217529594
1,2024.0,34.0,Monkeypox,Edo,1.0,0.0,0.0,2024-08-19,0.6931471805599453,-0.39950345425458095,28.27142857142857,75.28571428571429,0.8,0.0,232679478.0,55.03,1.0,1.0,0.0,1.75,1.5,0.25,0.0,0.00042977576217529594
1,2024.0,34.0,Monkeypox,Edo,1.0,0.0,0.0,2024-08-19,0.6931471805599453,-0.39950345425458095,28.27142857142857,75.28571428571429,0.8,0.0,232679478.0,55.03,1.0,1.0,0.0,1.0,0.0,0.0,0.0,0.00042977576217529594
20,2025.0,6.0,Monkeypox,Edo,4.0,1.0,25.0,2025-02-03,1.6094379124341003,0.09702226746182681,26.585714285714285,85.85714285714286,40.9,0.0,0.0,0.0,1.0,1.0,0.0,1.75,1.5,0.25,3.0,0.0
20,2025.0,6.0,Monkeypox,Edo,4.0,1.0,25.0,2025-02-03,1.6094379124341003,0.09702226746182681,26.585714285714285,85.85714285714286,40.9,0.0,0.0,0.0,4.0,2.5,1.0,2.5,1.7320508075688772,0.5,0.0,0.0
20,2025.0,6.0,Monkeypox,Edo,4.0,1.0,25.0,2025-02-03,1.6094379124341003,0.09702226746182681,26.585714285714285,85.85714285714286,40.9,0.0,0.0,0.0,4.0,4.0,1.0,3.25,1.5,0.75,0.0,0.0
20,2025.0,6.0,Monkeypox,Edo,4.0,1.0,25.0,2025-02-03,1.6094379124341003,0.09702226746182681,26.585714285714285,85.85714285714286,40.9,0.0,0.0,0.0,4.0,4.0,1.0,4.0,0.0,1.0,0.0,0.0
20,2017.0,52.0,Monkeypox,Ekiti,2.0,0.0,0.0,2017-01-01,1.0986122886681098,-0.2339948803491117,0.0,0.0,0.0,0.0,0.0,49.519,0.0,0.0,0.0,2.0,0.0,0.0,0.0,0.0
20,2022.0,18.0,Monkeypox,Ekiti,2.0,0.0,0.0,2022-05-07,1.0986122886681098,-0.2339948803491117,25.385714285714283,81.85714285714286,19.9,0.0,223150896.0,53.521,2.0,0.0,0.0,2.0,0.0,0.0,0.0,0.0008962545236654573
20,2022.0,18.0,Monkeypox,Ekiti,2.0,0.0,0.0,2022-05-07,1.0986122886681098,-0.2339948803491117,25.385714285714283,81.85714285714286,19.9,0.0,223150896.0,53.521,2.0,2.0,0.0,2.0,0.0,0.0,0.0,0.0008962545236654573
20,2022.0,18.0,Monkeypox,Ekiti,2.0,0.0,0.0,2022-05-07,1.0986122886681098,-0.2339948803491117,25.385714285714283,81.85714285714286,19.9,0.0,223150896.0,53.521,2.0,2.0,0.0,2.0,0.0,0.0,0.0,0.0008962545236654573
20,2022.0,18.0,Monkeypox,Ekiti,2.0,0.0,0.0,2022-05-07,1.0986122886681098,-0.2339948803491117,25.385714285714283,81.85714285714286,19.9,0.0,223150896.0,53.521,2.0,2.0,0.0,2.0,0.0,0.0,0.0,0.0008962545236654573
20,2025.0,6.0,Monkeypox,Ekiti,2.0,0.0,0.0,2025-02-03,1.0986122886681098,-0.2339948803491117,25.62857142857143,82.71428571428571,12.5,0.0,0.0,0.0,2.0,2.0,0.0,2.0,0.0,0.0,0.0,0.0
20,2025.0,6.0,Monkeypox,Ekiti,2.0,0.0,0.0,2025-02-03,1.0986122886681098,-0.2339948803491117,25.62857142857143,82.71428571428571,12.5,0.0,0.0,0.0,2.0,2.0,0.0,2.0,0.0,0.0,0.0,0.0
20,2025.0,6.0,Monkeypox,Ekiti,2.0,0.0,0.0,2025-02-03,1.0986122886681098,-0.2339948803491117,25.62857142857143,82.71428571428571,12.5,0.0,0.0,0.0,2.0,2.0,0.0,2.0,0.0,0.0,0.0,0.0
20,2025.0,6.0,Monkeypox,Ekiti,2.0,0.0,0.0,2025-02-03,1.0986122886681098,-0.2339948803491117,25.62857142857143,82.71428571428571,12.5,0.0,0.0,0.0,2.0,2.0,0.0,2.0,0.0,0.0,0.0,0.0
20,2017.0,52.0,Monkeypox,Enugu,1.0,2.0,0.0,2017-01-01,0.6931471805599453,-0.39950345425458095,0.0,0.0,0.0,0.0,0.0,49.519,0.0,0.0,0.0,1.0,0.0,2.0,0.0,0.0
20,2018.0,1.0,Monkeypox,Enugu,2.0,0.0,0.0,2018-01-01,1.0986122886681098,-0.2339948803491117,26.414285714285715,83.42857142857143,15.1,0.0,204938755.0,50.344,1.0,0.0,2.0,1.5,0.7071067811865476,1.0,1.0,0.0009759013125653077
20,2018.0,1.0,Monkeypox,Enugu,2.0,0.0,0.0,2018-01-01,1.0986122886681098,-0.2339948803491117,26.414285714285715,83.42857142857143,15.1,0.0,204938755.0,50.344,2.0,1.5,0.0,1.6666666666666667,0.5773502691896257,0.6666666666666666,0.0,0.0009759013125653077
20,2018.0,1.0,Monkeypox,Enugu,2.0,0.0,0.0,2018-01-01,1.0986122886681098,-0.2339948803491117,26.414285714285715,83.42857142857143,15.1,0.0,204938755.0,50.344,2.0,2.0,0.0,1.75,0.5,0.5,0.0,0.0009759013125653077
20,2018.0,1.0,Monkeypox,Enugu,2.0,0.0,0.0,2018-01-01,1.0986122886681098,-0.2339948803491117,26.414285714285715,83.42857142857143,15.1,0.0,204938755.0,50.344,2.0,2.0,0.0,2.0,0.0,0.0,0.0,0.0009759013125653077
20,2022.0,18.0,Monkeypox,Enugu,1.0,2.0,0.0,2022-05-07,0.6931471805599453,-0.39950345425458095,25.88571428571429,84.0,39.4,0.0,223150896.0,53.521,2.0,2.0,0.0,1.75,0.5,0.5,-0.5,0.00044812726183272866
20,2022.0,18.0,Monkeypox,Enugu,1.0,2.0,0.0,2022-05-07,0.6931471805599453,-0.39950345425458095,25.88571428571429,84.0,39.4,0.0,223150896.0,53.521,1.0,1.5,2.0,1.5,0.5773502691896257,1.0,0.0,0.00044812726183272866
20,2022.0,18.0,Monkeypox,Enugu,1.0,2.0,0.0,2022-05-07,0.6931471805599453,-0.39950345425458095,25.88571428571429,84.0,39.4,0.0,223150896.0,53.521,1.0,1.0,2.0,1.25,0.5,1.5,0.0,0.00044812726183272866
20,2022.0,18.0,Monkeypox,Enugu,1.0,2.0,0.0,2022-05-07,0.6931471805599453,-0.39950345425458095,25.88571428571429,84.0,39.4,0.0,223150896.0,53.521,1.0,1.0,2.0,1.0,0.0,2.0,0.0,0.00044812726183272866
1,2024.0,29.0,Monkeypox,Enugu,1.0,0.0,0.0,2024-07-15,0.6931471805599453,-0.39950345425458095,28.0,58.42857142857143,0.0,0.0,232679478.0,55.03,1.0,1.0,2.0,1.0,0.0,1.5,0.0,0.00042977576217529594
1,2024.0,29.0,Monkeypox,Enugu,1.0,0.0,0.0,2024-07-15,0.6931471805599453,-0.39950345425458095,28.0,58.42857142857143,0.0,0.0,232679478.0,55.03,1.0,1.0,0.0,1.0,0.0,1.0,0.0,0.00042977576217529594
1,2024.0,29.0,Monkeypox,Enugu,1.0,0.0,0.0,2024-07-15,0.6931471805599453,-0.39950345425458095,28.0,58.42857142857143,0.0,0.0,232679478.0,55.03,1.0,1.0,0.0,1.0,0.0,0.5,0.0,0.00042977576217529594
1,2024.0,29.0,Monkeypox,Enugu,1.0,0.0,0.0,2024-07-15,0.6931471805599453,-0.39950345425458095,28.0,58.42857142857143,0.0,0.0,232679478.0,55.03,1.0,1.0,0.0,1.0,0.0,0.0,0.0,0.00042977576217529594
4,2024.0,34.0,Monkeypox,Enugu,4.0,0.0,0.0,2024-08-19,1.6094379124341003,0.09702226746182681,27.985714285714288,37.71428571428572,0.0,0.0,232679478.0,55.03,1.0,1.0,0.0,1.75,1.5,0.0,3.0,0.0017191030487011837
4,2024.0,34.0,Monkeypox,Enugu,4.0,0.0,0.0,2024-08-19,1.6094379124341003,0.09702226746182681,27.985714285714288,37.71428571428572,0.0,0.0,232679478.0,55.03,4.0,2.5,0.0,2.5,1.7320508075688772,0.0,0.0,0.0017191030487011837
4,2024.0,34.0,Monkeypox,Enugu,4.0,0.0,0.0,2024-08-19,1.6094379124341003,0.09702226746182681,27.985714285714288,37.71428571428572,0.0,0.0,232679478.0,55.03,4.0,4.0,0.0,3.25,1.5,0.0,0.0,0.0017191030487011837
4,2024.0,34.0,Monkeypox,Enugu,4.0,0.0,0.0,2024-08-19,1.6094379124341003,0.09702226746182681,27.985714285714288,37.71428571428572,0.0,0.0,232679478.0,55.03,4.0,4.0,0.0,4.0,0.0,0.0,0.0,0.0017191030487011837
20,2025.0,6.0,Monkeypox,Enugu,1.0,2.0,0.0,2025-02-03,0.6931471805599453,-0.39950345425458095,26.785714285714285,81.57142857142857,23.9,0.0,0.0,0.0,4.0,4.0,0.0,3.25,1.5,0.5,-0.75,0.0
20,2025.0,6.0,Monkeypox,Enugu,1.0,2.0,0.0,2025-02-03,0.6931471805599453,-0.39950345425458095,26.785714285714285,81.57142857142857,23.9,0.0,0.0,0.0,1.0,2.5,2.0,2.5,1.7320508075688772,1.0,0.0,0.0
20,2025.0,6.0,Monkeypox,Enugu,1.0,2.0,0.0,2025-02-03,0.6931471805599453,-0.39950345425458095,26.785714285714285,81.57142857142857,23.9,0.0,0.0,0.0,1.0,1.0,2.0,1.75,1.5,1.5,0.0,0.0
20,2025.0,6.0,Monkeypox,Enugu,1.0,2.0,0.0,2025-02-03,0.6931471805599453,-0.39950345425458095,26.785714285714285,81.57142857142857,23.9,0.0,0.0,0.0,1.0,1.0,2.0,1.0,0.0,2.0,0.0,0.0
20,2022.0,27.0,Monkeypox,Gombe,0.0,0.0,0.0,2022-07-04,0.0,-0.5650120281600503,29.8,52.142857142857146,1.2000000000000002,0.0,223150896.0,53.521,0.0,0.0,0.0,0.0,0.0,0.0,0.0,0.0
20,2022.0,27.0,Monkeypox,Gombe,0.0,0.0,0.0,2022-07-04,0.0,-0.5650120281600503,29.8,52.142857142857146,1.2000000000000002,0.0,223150896.0,53.521,0.0,0.0,0.0,0.0,0.0,0.0,0.0,0.0
20,2022.0,27.0,Monkeypox,Gombe,0.0,0.0,0.0,2022-07-04,0.0,-0.5650120281600503,29.8,52.142857142857146,1.2000000000000002,0.0,223150896.0,53.521,0.0,0.0,0.0,0.0,0.0,0.0,0.0,0.0
20,2022.0,27.0,Monkeypox,Gombe,0.0,0.0,0.0,2022-07-04,0.0,-0.5650120281600503,29.8,52.142857142857146,1.2000000000000002,0.0,223150896.0,53.521,0.0,0.0,0.0,0.0,0.0,0.0,0.0,0.0
1,2024.0,36.0,Monkeypox,Gombe,1.0,0.0,0.0,2024-09-02,0.6931471805599453,-0.39950345425458095,25.457142857142856,17.714285714285715,0.0,0.0,232679478.0,55.03,0.0,0.0,0.0,0.25,0.5,0.0,0.0,0.00042977576217529594
1,2024.0,36.0,Monkeypox,Gombe,1.0,0.0,0.0,2024-09-02,0.6931471805599453,-0.39950345425458095,25.457142857142856,17.714285714285715,0.0,0.0,232679478.0,55.03,1.0,0.5,0.0,0.5,0.5773502691896257,0.0,0.0,0.00042977576217529594
1,2024.0,36.0,Monkeypox,Gombe,1.0,0.0,0.0,2024-09-02,0.6931471805599453,-0.39950345425458095,25.457142857142856,17.714285714285715,0.0,0.0,232679478.0,55.03,1.0,1.0,0.0,0.75,0.5,0.0,0.0,0.00042977576217529594
1,2024.0,36.0,Monkeypox,Gombe,1.0,0.0,0.0,2024-09-02,0.6931471805599453,-0.39950345425458095,25.457142857142856,17.714285714285715,0.0,0.0,232679478.0,55.03,1.0,1.0,0.0,1.0,0.0,0.0,0.0,0.00042977576217529594
20,2017.0,52.0,Monkeypox,Imo,5.0,2.0,40.0,2017-01-01,1.791759469228055,0.26253084136729604,0.0,0.0,0.0,0.0,0.0,49.519,0.0,0.0,0.0,5.0,0.0,2.0,0.0,0.0
20,2018.0,1.0,Monkeypox,Imo,2.0,1.0,50.0,2018-01-01,1.0986122886681098,-0.2339948803491117,26.17142857142857,88.0,40.7,0.0,204938755.0,50.344,5.0,0.0,2.0,3.5,2.1213203435596424,1.5,-0.6,0.0009759013125653077
20,2018.0,1.0,Monkeypox,Imo,2.0,1.0,50.0,2018-01-01,1.0986122886681098,-0.2339948803491117,26.17142857142857,88.0,40.7,0.0,204938755.0,50.344,2.0,3.5,1.0,3.0,1.7320508075688772,1.3333333333333333,0.0,0.0009759013125653077
20,2018.0,1.0,Monkeypox,Imo,2.0,1.0,50.0,2018-01-01,1.0986122886681098,-0.2339948803491117,26.17142857142857,88.0,40.7,0.0,204938755.0,50.344,2.0,2.0,1.0,2.75,1.5,1.25,0.0,0.0009759013125653077
20,2018.0,1.0,Monkeypox,Imo,2.0,1.0,50.0,2018-01-01,1.0986122886681098,-0.2339948803491117,26.17142857142857,88.0,40.7,0.0,204938755.0,50.344,2.0,2.0,1.0,2.0,0.0,1.0,0.0,0.0009759013125653077
20,2022.0,18.0,Monkeypox,Imo,5.0,2.0,40.0,2022-05-07,1.791759469228055,0.26253084136729604,25.31428571428572,91.14285714285714,73.6,0.0,223150896.0,53.521,2.0,2.0,1.0,2.75,1.5,1.25,1.5,0.0022406363091636433
20,2022.0,18.0,Monkeypox,Imo,5.0,2.0,40.0,2022-05-07,1.791759469228055,0.26253084136729604,25.31428571428572,91.14285714285714,73.6,0.0,223150896.0,53.521,5.0,3.5,2.0,3.5,1.7320508075688772,1.5,0.0,0.0022406363091636433
20,2022.0,18.0,Monkeypox,Imo,5.0,2.0,40.0,2022-05-07,1.791759469228055,0.26253084136729604,25.31428571428572,91.14285714285714,73.6,0.0,223150896.0,53.521,5.0,5.0,2.0,4.25,1.5,1.75,0.0,0.0022406363091636433
20,2022.0,18.0,Monkeypox,Imo,5.0,2.0,40.0,2022-05-07,1.791759469228055,0.26253084136729604,25.31428571428572,91.14285714285714,73.6,0.0,223150896.0,53.521,5.0,5.0,2.0,5.0,0.0,2.0,0.0,0.0022406363091636433
1,2024.0,36.0,Monkeypox,Imo,1.0,0.0,0.0,2024-09-02,0.6931471805599453,-0.39950345425458095,27.75714285714286,73.42857142857143,0.1,0.0,232679478.0,55.03,5.0,5.0,2.0,4.0,2.0,1.5,-0.8,0.00042977576217529594
1,2024.0,36.0,Monkeypox,Imo,1.0,0.0,0.0,2024-09-02,0.6931471805599453,-0.39950345425458095,27.75714285714286,73.42857142857143,0.1,0.0,232679478.0,55.03,1.0,3.0,0.0,3.0,2.309401076758503,1.0,0.0,0.00042977576217529594
1,2024.0,36.0,Monkeypox,Imo,1.0,0.0,0.0,2024-09-02,0.6931471805599453,-0.39950345425458095,27.75714285714286,73.42857142857143,0.1,0.0,232679478.0,55.03,1.0,1.0,0.0,2.0,2.0,0.5,0.0,0.00042977576217529594
1,2024.0,36.0,Monkeypox,Imo,1.0,0.0,0.0,2024-09-02,0.6931471805599453,-0.39950345425458095,27.75714285714286,73.42857142857143,0.1,0.0,232679478.0,55.03,1.0,1.0,0.0,1.0,0.0,0.0,0.0,0.00042977576217529594
20,2025.0,6.0,Monkeypox,Imo,5.0,2.0,40.0,2025-02-03,1.791759469228055,0.26253084136729604,26.728571428571428,85.57142857142857,50.3,0.0,0.0,0.0,1.0,1.0,0.0,2.0,2.0,0.5,4.0,0.0
20,2025.0,6.0,Monkeypox,Imo,5.0,2.0,40.0,2025-02-03,1.791759469228055,0.26253084136729604,26.728571428571428,85.57142857142857,50.3,0.0,0.0,0.0,5.0,3.0,2.0,3.0,2.309401076758503,1.0,0.0,0.0
20,2025.0,6.0,Monkeypox,Imo,5.0,2.0,40.0,2025-02-03,1.791759469228055,0.26253084136729604,26.728571428571428,85.57142857142857,50.3,0.0,0.0,0.0,5.0,5.0,2.0,4.0,2.0,1.5,0.0,0.0
20,2025.0,6.0,Monkeypox,Imo,5.0,2.0,40.0,2025-02-03,1.791759469228055,0.26253084136729604,26.728571428571428,85.57142857142857,50.3,0.0,0.0,0.0,5.0,5.0,2.0,5.0,0.0,2.0,0.0,0.0
20,2022.0,33.0,Monkeypox,Kaduna,0.0,0.0,0.0,2022-08-15,0.0,-0.5650120281600503,26.714285714285715,67.85714285714286,28.3,0.0,223150896.0,53.521,0.0,0.0,0.0,0.0,0.0,0.0,0.0,0.0
20,2022.0,33.0,Monkeypox,Kaduna,0.0,0.0,0.0,2022-08-15,0.0,-0.5650120281600503,26.714285714285715,67.85714285714286,28.3,0.0,223150896.0,53.521,0.0,0.0,0.0,0.0,0.0,0.0,0.0,0.0
20,2022.0,33.0,Monkeypox,Kaduna,0.0,0.0,0.0,2022-08-15,0.0,-0.5650120281600503,26.714285714285715,67.85714285714286,28.3,0.0,223150896.0,53.521,0.0,0.0,0.0,0.0,0.0,0.0,0.0,0.0
20,2022.0,33.0,Monkeypox,Kaduna,0.0,0.0,0.0,2022-08-15,0.0,-0.5650120281600503,26.714285714285715,67.85714285714286,28.3,0.0,223150896.0,53.521,0.0,0.0,0.0,0.0,0.0,0.0,0.0,0.0
20,2017.0,52.0,Monkeypox,Kano,0.0,0.0,0.0,2017-01-01,0.0,-0.5650120281600503,0.0,0.0,0.0,0.0,0.0,49.519,0.0,0.0,0.0,0.0,0.0,0.0,0.0,0.0
20,2022.0,18.0,Monkeypox,Kano,0.0,0.0,0.0,2022-05-07,0.0,-0.5650120281600503,30.428571428571427,32.42857142857143,1.6,0.0,223150896.0,53.521,0.0,0.0,0.0,0.0,0.0,0.0,0.0,0.0
20,2022.0,18.0,Monkeypox,Kano,0.0,0.0,0.0,2022-05-07,0.0,-0.5650120281600503,30.428571428571427,32.42857142857143,1.6,0.0,223150896.0,53.521,0.0,0.0,0.0,0.0,0.0,0.0,0.0,0.0
20,2022.0,18.0,Monkeypox,Kano,0.0,0.0,0.0,2022-05-07,0.0,-0.5650120281600503,30.428571428571427,32.42857142857143,1.6,0.0,223150896.0,53.521,0.0,0.0,0.0,0.0,0.0,0.0,0.0,0.0
20,2022.0,18.0,Monkeypox,Kano,0.0,0.0,0.0,2022-05-07,0.0,-0.5650120281600503,30.428571428571427,32.42857142857143,1.6,0.0,223150896.0,53.521,0.0,0.0,0.0,0.0,0.0,0.0,0.0,0.0
20,2022.0,27.0,Monkeypox,Katsina,0.0,0.0,0.0,2022-07-04,0.0,-0.5650120281600503,30.414285714285715,25.571428571428573,4.1,0.0,223150896.0,53.521,0.0,0.0,0.0,0.0,0.0,0.0,0.0,0.0
20,2022.0,27.0,Monkeypox,Katsina,0.0,0.0,0.0,2022-07-04,0.0,-0.5650120281600503,30.414285714285715,25.571428571428573,4.1,0.0,223150896.0,53.521,0.0,0.0,0.0,0.0,0.0,0.0,0.0,0.0
20,2022.0,27.0,Monkeypox,Katsina,0.0,0.0,0.0,2022-07-04,0.0,-0.5650120281600503,30.414285714285715,25.571428571428573,4.1,0.0,223150896.0,53.521,0.0,0.0,0.0,0.0,0.0,0.0,0.0,0.0
20,2022.0,27.0,Monkeypox,Katsina,0.0,0.0,0.0,2022-07-04,0.0,-0.5650120281600503,30.414285714285715,25.571428571428573,4.1,0.0,223150896.0,53.521,0.0,0.0,0.0,0.0,0.0,0.0,0.0,0.0
1,2024.0,39.0,Monkeypox,Katsina,1.0,0.0,0.0,2024-09-23,0.6931471805599453,-0.39950345425458095,21.24285714285714,19.0,0.0,0.0,232679478.0,55.03,0.0,0.0,0.0,0.25,0.5,0.0,0.0,0.00042977576217529594
1,2024.0,39.0,Monkeypox,Katsina,1.0,0.0,0.0,2024-09-23,0.6931471805599453,-0.39950345425458095,21.24285714285714,19.0,0.0,0.0,232679478.0,55.03,1.0,0.5,0.0,0.5,0.5773502691896257,0.0,0.0,0.00042977576217529594
1,2024.0,39.0,Monkeypox,Katsina,1.0,0.0,0.0,2024-09-23,0.6931471805599453,-0.39950345425458095,21.24285714285714,19.0,0.0,0.0,232679478.0,55.03,1.0,1.0,0.0,0.75,0.5,0.0,0.0,0.00042977576217529594
1,2024.0,39.0,Monkeypox,Katsina,1.0,0.0,0.0,2024-09-23,0.6931471805599453,-0.39950345425458095,21.24285714285714,19.0,0.0,0.0,232679478.0,55.03,1.0,1.0,0.0,1.0,0.0,0.0,0.0,0.00042977576217529594
20,2018.0,1.0,Monkeypox,Kebbi,1.0,0.0,0.0,2018-01-01,0.6931471805599453,-0.39950345425458095,32.24285714285714,49.57142857142857,19.4,0.0,204938755.0,50.344,0.0,0.0,0.0,1.0,0.0,0.0,0.0,0.00048795065628265383
20,2018.0,1.0,Monkeypox,Kebbi,1.0,0.0,0.0,2018-01-01,0.6931471805599453,-0.39950345425458095,32.24285714285714,49.57142857142857,19.4,0.0,204938755.0,50.344,1.0,0.0,0.0,1.0,0.0,0.0,0.0,0.00048795065628265383
20,2018.0,1.0,Monkeypox,Kebbi,1.0,0.0,0.0,2018-01-01,0.6931471805599453,-0.39950345425458095,32.24285714285714,49.57142857142857,19.4,0.0,204938755.0,50.344,1.0,1.0,0.0,1.0,0.0,0.0,0.0,0.00048795065628265383
20,2018.0,1.0,Monkeypox,Kebbi,1.0,0.0,0.0,2018-01-01,0.6931471805599453,-0.39950345425458095,32.24285714285714,49.57142857142857,19.4,0.0,204938755.0,50.344,1.0,1.0,0.0,1.0,0.0,0.0,0.0,0.00048795065628265383
20,2022.0,37.0,Monkeypox,Kebbi,0.0,0.0,0.0,2022-09-12,0.0,-0.5650120281600503,32.357142857142854,41.42857142857143,0.2,0.0,223150896.0,53.521,1.0,1.0,0.0,0.75,0.5,0.0,-1.0,0.0
20,2022.0,37.0,Monkeypox,Kebbi,0.0,0.0,0.0,2022-09-12,0.0,-0.5650120281600503,32.357142857142854,41.42857142857143,0.2,0.0,223150896.0,53.521,0.0,0.5,0.0,0.5,0.5773502691896257,0.0,0.0,0.0
20,2022.0,37.0,Monkeypox,Kebbi,0.0,0.0,0.0,2022-09-12,0.0,-0.5650120281600503,32.357142857142854,41.42857142857143,0.2,0.0,223150896.0,53.521,0.0,0.0,0.0,0.25,0.5,0.0,0.0,0.0
20,2022.0,37.0,Monkeypox,Kebbi,0.0,0.0,0.0,2022-09-12,0.0,-0.5650120281600503,32.357142857142854,41.42857142857143,0.2,0.0,223150896.0,53.521,0.0,0.0,0.0,0.0,0.0,0.0,0.0,0.0
20,2022.0,27.0,Monkeypox,Kogi,0.0,0.0,0.0,2022-07-04,0.0,-0.5650120281600503,28.014285714285712,74.57142857142857,8.4,0.0,223150896.0,53.521,0.0,0.0,0.0,0.0,0.0,0.0,0.0,0.0
20,2022.0,27.0,Monkeypox,Kogi,0.0,0.0,0.0,2022-07-04,0.0,-0.5650120281600503,28.014285714285712,74.57142857142857,8.4,0.0,223150896.0,53.521,0.0,0.0,0.0,0.0,0.0,0.0,0.0,0.0
20,2022.0,27.0,Monkeypox,Kogi,0.0,0.0,0.0,2022-07-04,0.0,-0.5650120281600503,28.014285714285712,74.57142857142857,8.4,0.0,223150896.0,53.521,0.0,0.0,0.0,0.0,0.0,0.0,0.0,0.0
20,2022.0,27.0,Monkeypox,Kwara,0.0,0.0,0.0,2022-07-04,0.0,-0.5650120281600503,27.442857142857143,71.85714285714286,11.5,0.0,223150896.0,53.521,0.0,0.0,0.0,0.0,0.0,0.0,0.0,0.0
20,2022.0,27.0,Monkeypox,Kwara,0.0,0.0,0.0,2022-07-04,0.0,-0.5650120281600503,27.442857142857143,71.85714285714286,11.5,0.0,223150896.0,53.521,0.0,0.0,0.0,0.0,0.0,0.0,0.0,0.0
20,2022.0,27.0,Monkeypox,Kwara,0.0,0.0,0.0,2022-07-04,0.0,-0.5650120281600503,27.442857142857143,71.85714285714286,11.5,0.0,223150896.0,53.521,0.0,0.0,0.0,0.0,0.0,0.0,0.0,0.0
20,2017.0,52.0,Monkeypox,Lagos,4.0,1.0,25.0,2017-01-01,1.6094379124341003,0.09702226746182681,0.0,0.0,0.0,0.0,0.0,49.519,0.0,0.0,0.0,4.0,0.0,1.0,0.0,0.0
20,2018.0,1.0,Monkeypox,Lagos,3.0,0.0,0.0,2018-01-01,1.3862943611198906,-0.06848630644364244,27.11428571428572,84.14285714285714,19.1,0.0,204938755.0,50.344,4.0,0.0,1.0,3.5,0.7071067811865476,0.5,-0.25,0.0014638519688479614
20,2018.0,1.0,Monkeypox,Lagos,3.0,0.0,0.0,2018-01-01,1.3862943611198906,-0.06848630644364244,27.11428571428572,84.14285714285714,19.1,0.0,204938755.0,50.344,3.0,3.5,0.0,3.3333333333333335,0.5773502691896258,0.3333333333333333,0.0,0.0014638519688479614
20,2018.0,1.0,Monkeypox,Lagos,3.0,0.0,0.0,2018-01-01,1.3862943611198906,-0.06848630644364244,27.11428571428572,84.14285714285714,19.1,0.0,204938755.0,50.344,3.0,3.0,0.0,3.25,0.5,0.25,0.0,0.0014638519688479614
20,2022.0,18.0,Monkeypox,Lagos,4.0,1.0,25.0,2022-05-07,1.6094379124341003,0.09702226746182681,27.2,83.0,60.5,0.0,223150896.0,53.521,3.0,3.0,0.0,3.25,0.5,0.25,0.3333333333333333,0.0017925090473309147
20,2022.0,18.0,Monkeypox,Lagos,4.0,1.0,25.0,2022-05-07,1.6094379124341003,0.09702226746182681,27.2,83.0,60.5,0.0,223150896.0,53.521,4.0,3.5,1.0,3.5,0.5773502691896257,0.5,0.0,0.0017925090473309147
20,2022.0,18.0,Monkeypox,Lagos,4.0,1.0,25.0,2022-05-07,1.6094379124341003,0.09702226746182681,27.2,83.0,60.5,0.0,223150896.0,53.521,4.0,4.0,1.0,3.75,0.5,0.75,0.0,0.0017925090473309147
1,2024.0,36.0,Monkeypox,Lagos,1.0,0.0,0.0,2024-09-02,0.6931471805599453,-0.39950345425458095,27.985714285714288,83.14285714285714,6.1,0.0,232679478.0,55.03,4.0,4.0,1.0,3.25,1.5,0.75,-0.75,0.00042977576217529594
1,2024.0,36.0,Monkeypox,Lagos,1.0,0.0,0.0,2024-09-02,0.6931471805599453,-0.39950345425458095,27.985714285714288,83.14285714285714,6.1,0.0,232679478.0,55.03,1.0,2.5,0.0,2.5,1.7320508075688772,0.5,0.0,0.00042977576217529594
1,2024.0,36.0,Monkeypox,Lagos,1.0,0.0,0.0,2024-09-02,0.6931471805599453,-0.39950345425458095,27.985714285714288,83.14285714285714,6.1,0.0,232679478.0,55.03,1.0,1.0,0.0,1.75,1.5,0.25,0.0,0.00042977576217529594
2,2024.0,37.0,Monkeypox,Lagos,2.0,0.0,0.0,2024-09-09,1.0986122886681098,-0.2339948803491117,27.942857142857143,84.0,4.6000000000000005,0.0,232679478.0,55.03,1.0,1.0,0.0,1.25,0.5,0.0,1.0,0.0008595515243505919
2,2024.0,37.0,Monkeypox,Lagos,2.0,0.0,0.0,2024-09-09,1.0986122886681098,-0.2339948803491117,27.942857142857143,84.0,4.6000000000000005,0.0,232679478.0,55.03,2.0,1.5,0.0,1.5,0.5773502691896257,0.0,0.0,0.0008595515243505919
2,2024.0,37.0,Monkeypox,Lagos,2.0,0.0,0.0,2024-09-09,1.0986122886681098,-0.2339948803491117,27.942857142857143,84.0,4.6000000000000005,0.0,232679478.0,55.03,2.0,2.0,0.0,1.75,0.5,0.0,0.0,0.0008595515243505919
20,2025.0,6.0,Monkeypox,Lagos,4.0,1.0,25.0,2025-02-03,1.6094379124341003,0.09702226746182681,28.17142857142857,80.14285714285714,55.1,0.0,0.0,0.0,2.0,2.0,0.0,2.5,1.0,0.25,1.0,0.0
20,2025.0,6.0,Monkeypox,Lagos,4.0,1.0,25.0,2025-02-03,1.6094379124341003,0.09702226746182681,28.17142857142857,80.14285714285714,55.1,0.0,0.0,0.0,4.0,3.0,1.0,3.0,1.1547005383792515,0.5,0.0,0.0
20,2025.0,6.0,Monkeypox,Lagos,4.0,1.0,25.0,2025-02-03,1.6094379124341003,0.09702226746182681,28.17142857142857,80.14285714285714,55.1,0.0,0.0,0.0,4.0,4.0,1.0,3.5,1.0,0.75,0.0,0.0
20,2017.0,52.0,Monkeypox,Nasarawa,1.0,1.0,100.0,2017-01-01,0.6931471805599453,-0.39950345425458095,0.0,0.0,0.0,0.0,0.0,49.519,0.0,0.0,0.0,1.0,0.0,1.0,0.0,0.0
20,2018.0,1.0,Monkeypox,Nasarawa,1.0,0.0,0.0,2018-01-01,0.6931471805599453,-0.39950345425458095,28.31428571428572,72.57142857142857,14.9,0.0,204938755.0,50.344,1.0,0.0,1.0,1.0,0.0,0.5,0.0,0.00048795065628265383
20,2018.0,1.0,Monkeypox,Nasarawa,1.0,0.0,0.0,2018-01-01,0.6931471805599453,-0.39950345425458095,28.31428571428572,72.57142857142857,14.9,0.0,204938755.0,50.344,1.0,1.0,0.0,1.0,0.0,0.3333333333333333,0.0,0.00048795065628265383
20,2018.0,1.0,Monkeypox,Nasarawa,1.0,0.0,0.0,2018-01-01,0.6931471805599453,-0.39950345425458095,28.31428571428572,72.57142857142857,14.9,0.0,204938755.0,50.344,1.0,1.0,0.0,1.0,0.0,0.25,0.0,0.00048795065628265383
20,2022.0,18.0,Monkeypox,Nasarawa,1.0,1.0,100.0,2022-05-07,0.6931471805599453,-0.39950345425458095,27.81428571428572,72.85714285714286,11.9,0.0,223150896.0,53.521,1.0,1.0,0.0,1.0,0.0,0.25,0.0,0.00044812726183272866
20,2022.0,18.0,Monkeypox,Nasarawa,1.0,1.0,100.0,2022-05-07,0.6931471805599453,-0.39950345425458095,27.81428571428572,72.85714285714286,11.9,0.0,223150896.0,53.521,1.0,1.0,1.0,1.0,0.0,0.5,0.0,0.00044812726183272866
20,2022.0,18.0,Monkeypox,Nasarawa,1.0,1.0,100.0,2022-05-07,0.6931471805599453,-0.39950345425458095,27.81428571428572,72.85714285714286,11.9,0.0,223150896.0,53.521,1.0,1.0,1.0,1.0,0.0,0.75,0.0,0.00044812726183272866
20,2025.0,6.0,Monkeypox,Nasarawa,1.0,1.0,100.0,2025-02-03,0.6931471805599453,-0.39950345425458095,29.4,66.14285714285714,21.7,0.0,0.0,0.0,1.0,1.0,1.0,1.0,0.0,1.0,0.0,0.0
20,2025.0,6.0,Monkeypox,Nasarawa,1.0,1.0,100.0,2025-02-03,0.6931471805599453,-0.39950345425458095,29.4,66.14285714285714,21.7,0.0,0.0,0.0,1.0,1.0,1.0,1.0,0.0,1.0,0.0,0.0
20,2025.0,6.0,Monkeypox,Nasarawa,1.0,1.0,100.0,2025-02-03,0.6931471805599453,-0.39950345425458095,29.4,66.14285714285714,21.7,0.0,0.0,0.0,1.0,1.0,1.0,1.0,0.0,1.0,0.0,0.0
20,2017.0,52.0,Monkeypox,Niger,0.0,0.0,0.0,2017-01-01,0.0,-0.5650120281600503,0.0,0.0,0.0,0.0,0.0,49.519,0.0,0.0,0.0,0.0,0.0,0.0,0.0,0.0
20,2022.0,18.0,Monkeypox,Niger,0.0,0.0,0.0,2022-05-07,0.0,-0.5650120281600503,29.014285714285712,65.0,10.5,0.0,223150896.0,53.521,0.0,0.0,0.0,0.0,0.0,0.0,0.0,0.0
20,2022.0,18.0,Monkeypox,Niger,0.0,0.0,0.0,2022-05-07,0.0,-0.5650120281600503,29.014285714285712,65.0,10.5,0.0,223150896.0,53.521,0.0,0.0,0.0,0.0,0.0,0.0,0.0,0.0
20,2022.0,18.0,Monkeypox,Niger,0.0,0.0,0.0,2022-05-07,0.0,-0.5650120281600503,29.014285714285712,65.0,10.5,0.0,223150896.0,53.521,0.0,0.0,0.0,0.0,0.0,0.0,0.0,0.0
20,2025.0,45.0,Monkeypox,Niger,0.0,0.0,0.0,2025-11-08,0.0,-0.5650120281600503,29.2,67.0,27.0,0.0,0.0,0.0,0.0,0.0,0.0,0.0,0.0,0.0,0.0,0.0
20,2025.0,45.0,Monkeypox,Niger,0.0,0.0,0.0,2025-11-08,0.0,-0.5650120281600503,29.2,67.0,27.0,0.0,0.0,0.0,0.0,0.0,0.0,0.0,0.0,0.0,0.0,0.0
20,2025.0,45.0,Monkeypox,Niger,0.0,0.0,0.0,2025-11-08,0.0,-0.5650120281600503,29.2,67.0,27.0,0.0,0.0,0.0,0.0,0.0,0.0,0.0,0.0,0.0,0.0,0.0
20,2017.0,52.0,Monkeypox,Ogun,0.0,0.0,0.0,2017-01-01,0.0,-0.5650120281600503,0.0,0.0,0.0,0.0,0.0,49.519,0.0,0.0,0.0,0.0,0.0,0.0,0.0,0.0
20,2022.0,18.0,Monkeypox,Ogun,0.0,0.0,0.0,2022-05-07,0.0,-0.5650120281600503,26.82857142857143,83.71428571428571,40.7,0.0,223150896.0,53.521,0.0,0.0,0.0,0.0,0.0,0.0,0.0,0.0
20,2022.0,18.0,Monkeypox,Ogun,0.0,0.0,0.0,2022-05-07,0.0,-0.5650120281600503,26.82857142857143,83.71428571428571,40.7,0.0,223150896.0,53.521,0.0,0.0,0.0,0.0,0.0,0.0,0.0,0.0
20,2022.0,18.0,Monkeypox,Ogun,0.0,0.0,0.0,2022-05-07,0.0,-0.5650120281600503,26.82857142857143,83.71428571428571,40.7,0.0,223150896.0,53.521,0.0,0.0,0.0,0.0,0.0,0.0,0.0,0.0
20,2025.0,45.0,Monkeypox,Ogun,0.0,0.0,0.0,2025-11-08,0.0,-0.5650120281600503,27.514285714285712,82.42857142857143,43.5,0.0,0.0,0.0,0.0,0.0,0.0,0.0,0.0,0.0,0.0,0.0
20,2025.0,45.0,Monkeypox,Ogun,0.0,0.0,0.0,2025-11-08,0.0,-0.5650120281600503,27.514285714285712,82.42857142857143,43.5,0.0,0.0,0.0,0.0,0.0,0.0,0.0,0.0,0.0,0.0,0.0
20,2025.0,45.0,Monkeypox,Ogun,0.0,0.0,0.0,2025-11-08,0.0,-0.5650120281600503,27.514285714285712,82.42857142857143,43.5,0.0,0.0,0.0,0.0,0.0,0.0,0.0,0.0,0.0,0.0,0.0
20,2022.0,27.0,Monkeypox,Ondo,0.0,0.0,0.0,2022-07-04,0.0,-0.5650120281600503,25.342857142857145,84.85714285714286,29.4,0.0,223150896.0,53.521,0.0,0.0,0.0,0.0,0.0,0.0,0.0,0.0
20,2022.0,27.0,Monkeypox,Ondo,0.0,0.0,0.0,2022-07-04,0.0,-0.5650120281600503,25.342857142857145,84.85714285714286,29.4,0.0,223150896.0,53.521,0.0,0.0,0.0,0.0,0.0,0.0,0.0,0.0
20,2022.0,27.0,Monkeypox,Ondo,0.0,0.0,0.0,2022-07-04,0.0,-0.5650120281600503,25.342857142857145,84.85714285714286,29.4,0.0,223150896.0,53.521,0.0,0.0,0.0,0.0,0.0,0.0,0.0,0.0
20,2022.0,32.0,Monkeypox,Osun,0.0,0.0,0.0,2022-08-08,0.0,-0.5650120281600503,26.085714285714285,81.57142857142857,20.9,0.0,223150896.0,53.521,0.0,0.0,0.0,0.0,0.0,0.0,0.0,0.0
20,2022.0,32.0,Monkeypox,Osun,0.0,0.0,0.0,2022-08-08,0.0,-0.5650120281600503,26.085714285714285,81.57142857142857,20.9,0.0,223150896.0,53.521,0.0,0.0,0.0,0.0,0.0,0.0,0.0,0.0
20,2022.0,32.0,Monkeypox,Osun,0.0,0.0,0.0,2022-08-08,0.0,-0.5650120281600503,26.085714285714285,81.57142857142857,20.9,0.0,223150896.0,53.521,0.0,0.0,0.0,0.0,0.0,0.0,0.0,0.0
20,2022.0,32.0,Monkeypox,Osun,0.0,0.0,0.0,2022-08-08,0.0,-0.5650120281600503,26.085714285714285,81.57142857142857,20.9,0.0,223150896.0,53.521,0.0,0.0,0.0,0.0,0.0,0.0,0.0,0.0
1,2024.0,34.0,Monkeypox,Osun,1.0,0.0,0.0,2024-08-19,0.6931471805599453,-0.39950345425458095,28.11428571428572,59.0,0.0,0.0,232679478.0,55.03,0.0,0.0,0.0,0.25,0.5,0.0,0.0,0.00042977576217529594
1,2024.0,34.0,Monkeypox,Osun,1.0,0.0,0.0,2024-08-19,0.6931471805599453,-0.39950345425458095,28.11428571428572,59.0,0.0,0.0,232679478.0,55.03,1.0,0.5,0.0,0.5,0.5773502691896257,0.0,0.0,0.00042977576217529594
1,2024.0,34.0,Monkeypox,Osun,1.0,0.0,0.0,2024-08-19,0.6931471805599453,-0.39950345425458095,28.11428571428572,59.0,0.0,0.0,232679478.0,55.03,1.0,1.0,0.0,0.75,0.5,0.0,0.0,0.00042977576217529594
1,2024.0,34.0,Monkeypox,Osun,1.0,0.0,0.0,2024-08-19,0.6931471805599453,-0.39950345425458095,28.11428571428572,59.0,0.0,0.0,232679478.0,55.03,1.0,1.0,0.0,1.0,0.0,0.0,0.0,0.00042977576217529594
20,2017.0,52.0,Monkeypox,Oyo,1.0,3.0,0.0,2017-01-01,0.6931471805599453,-0.39950345425458095,0.0,0.0,0.0,0.0,0.0,49.519,0.0,0.0,0.0,1.0,0.0,3.0,0.0,0.0
20,2018.0,1.0,Monkeypox,Oyo,4.0,0.0,0.0,2018-01-01,1.6094379124341003,0.09702226746182681,26.071428571428573,82.28571428571429,12.2,0.0,204938755.0,50.344,1.0,0.0,3.0,2.5,2.1213203435596424,1.5,3.0,0.0019518026251306153
20,2018.0,1.0,Monkeypox,Oyo,4.0,0.0,0.0,2018-01-01,1.6094379124341003,0.09702226746182681,26.071428571428573,82.28571428571429,12.2,0.0,204938755.0,50.344,4.0,2.5,0.0,3.0,1.7320508075688772,1.0,0.0,0.0019518026251306153
20,2018.0,1.0,Monkeypox,Oyo,4.0,0.0,0.0,2018-01-01,1.6094379124341003,0.09702226746182681,26.071428571428573,82.28571428571429,12.2,0.0,204938755.0,50.344,4.0,4.0,0.0,3.25,1.5,0.75,0.0,0.0019518026251306153
20,2018.0,1.0,Monkeypox,Oyo,4.0,0.0,0.0,2018-01-01,1.6094379124341003,0.09702226746182681,26.071428571428573,82.28571428571429,12.2,0.0,204938755.0,50.344,4.0,4.0,0.0,4.0,0.0,0.0,0.0,0.0019518026251306153
20,2022.0,18.0,Monkeypox,Oyo,1.0,3.0,0.0,2022-05-07,0.6931471805599453,-0.39950345425458095,26.8,76.71428571428571,16.099999999999998,0.0,223150896.0,53.521,4.0,4.0,0.0,3.25,1.5,0.75,-0.75,0.00044812726183272866
20,2022.0,18.0,Monkeypox,Oyo,1.0,3.0,0.0,2022-05-07,0.6931471805599453,-0.39950345425458095,26.8,76.71428571428571,16.099999999999998,0.0,223150896.0,53.521,1.0,2.5,3.0,2.5,1.7320508075688772,1.5,0.0,0.00044812726183272866
20,2022.0,18.0,Monkeypox,Oyo,1.0,3.0,0.0,2022-05-07,0.6931471805599453,-0.39950345425458095,26.8,76.71428571428571,16.099999999999998,0.0,223150896.0,53.521,1.0,1.0,3.0,1.75,1.5,2.25,0.0,0.00044812726183272866
20,2022.0,18.0,Monkeypox,Oyo,1.0,3.0,0.0,2022-05-07,0.6931471805599453,-0.39950345425458095,26.8,76.71428571428571,16.099999999999998,0.0,223150896.0,53.521,1.0,1.0,3.0,1.0,0.0,3.0,0.0,0.00044812726183272866
20,2025.0,6.0,Monkeypox,Oyo,1.0,3.0,0.0,2025-02-03,0.6931471805599453,-0.39950345425458095,27.0,77.85714285714286,20.1,0.0,0.0,0.0,1.0,1.0,3.0,1.0,0.0,3.0,0.0,0.0
20,2025.0,6.0,Monkeypox,Oyo,1.0,3.0,0.0,2025-02-03,0.6931471805599453,-0.39950345425458095,27.0,77.85714285714286,20.1,0.0,0.0,0.0,1.0,1.0,3.0,1.0,0.0,3.0,0.0,0.0
20,2025.0,6.0,Monkeypox,Oyo,1.0,3.0,0.0,2025-02-03,0.6931471805599453,-0.39950345425458095,27.0,77.85714285714286,20.1,0.0,0.0,0.0,1.0,1.0,3.0,1.0,0.0,3.0,0.0,0.0
20,2025.0,6.0,Monkeypox,Oyo,1.0,3.0,0.0,2025-02-03,0.6931471805599453,-0.39950345425458095,27.0,77.85714285714286,20.1,0.0,0.0,0.0,1.0,1.0,3.0,1.0,0.0,3.0,0.0,0.0
20,2017.0,52.0,Monkeypox,Plateau,0.0,2.0,0.0,2017-01-01,0.0,-0.5650120281600503,0.0,0.0,0.0,0.0,0.0,49.519,0.0,0.0,0.0,0.0,0.0,2.0,0.0,0.0
20,2018.0,1.0,Monkeypox,Plateau,2.0,0.0,0.0,2018-01-01,1.0986122886681098,-0.2339948803491117,27.52857142857143,72.71428571428571,28.4,0.0,204938755.0,50.344,0.0,0.0,2.0,1.0,1.4142135623730951,1.0,0.0,0.0009759013125653077
20,2018.0,1.0,Monkeypox,Plateau,2.0,0.0,0.0,2018-01-01,1.0986122886681098,-0.2339948803491117,27.52857142857143,72.71428571428571,28.4,0.0,204938755.0,50.344,2.0,1.0,0.0,1.3333333333333333,1.1547005383792517,0.6666666666666666,0.0,0.0009759013125653077
20,2018.0,1.0,Monkeypox,Plateau,2.0,0.0,0.0,2018-01-01,1.0986122886681098,-0.2339948803491117,27.52857142857143,72.71428571428571,28.4,0.0,204938755.0,50.344,2.0,2.0,0.0,1.5,1.0,0.5,0.0,0.0009759013125653077
20,2018.0,1.0,Monkeypox,Plateau,2.0,0.0,0.0,2018-01-01,1.0986122886681098,-0.2339948803491117,27.52857142857143,72.71428571428571,28.4,0.0,204938755.0,50.344,2.0,2.0,0.0,2.0,0.0,0.0,0.0,0.0009759013125653077
20,2022.0,18.0,Monkeypox,Plateau,0.0,2.0,0.0,2022-05-07,0.0,-0.5650120281600503,27.014285714285712,75.57142857142857,26.2,0.0,223150896.0,53.521,2.0,2.0,0.0,1.5,1.0,0.5,-1.0,0.0
20,2022.0,18.0,Monkeypox,Plateau,0.0,2.0,0.0,2022-05-07,0.0,-0.5650120281600503,27.014285714285712,75.57142857142857,26.2,0.0,223150896.0,53.521,0.0,1.0,2.0,1.0,1.1547005383792515,1.0,0.0,0.0
20,2022.0,18.0,Monkeypox,Plateau,0.0,2.0,0.0,2022-05-07,0.0,-0.5650120281600503,27.014285714285712,75.57142857142857,26.2,0.0,223150896.0,53.521,0.0,0.0,2.0,0.5,1.0,1.5,0.0,0.0
20,2022.0,18.0,Monkeypox,Plateau,0.0,2.0,0.0,2022-05-07,0.0,-0.5650120281600503,27.014285714285712,75.57142857142857,26.2,0.0,223150896.0,53.521,0.0,0.0,2.0,0.0,0.0,2.0,0.0,0.0
1,2024.0,35.0,Monkeypox,Plateau,1.0,0.0,0.0,2024-08-26,0.6931471805599453,-0.39950345425458095,24.957142857142856,37.42857142857143,0.0,0.0,232679478.0,55.03,0.0,0.0,2.0,0.25,0.5000000000000001,1.5,0.0,0.00042977576217529594
1,2024.0,35.0,Monkeypox,Plateau,1.0,0.0,0.0,2024-08-26,0.6931471805599453,-0.39950345425458095,24.957142857142856,37.42857142857143,0.0,0.0,232679478.0,55.03,1.0,0.5,0.0,0.5,0.5773502691896258,1.0,0.0,0.00042977576217529594
1,2024.0,35.0,Monkeypox,Plateau,1.0,0.0,0.0,2024-08-26,0.6931471805599453,-0.39950345425458095,24.957142857142856,37.42857142857143,0.0,0.0,232679478.0,55.03,1.0,1.0,0.0,0.75,0.5000000000000001,0.5,0.0,0.00042977576217529594
1,2024.0,35.0,Monkeypox,Plateau,1.0,0.0,0.0,2024-08-26,0.6931471805599453,-0.39950345425458095,24.957142857142856,37.42857142857143,0.0,0.0,232679478.0,55.03,1.0,1.0,0.0,1.0,0.0,0.0,0.0,0.00042977576217529594
2,2024.0,38.0,Monkeypox,Plateau,2.0,0.0,0.0,2024-09-16,1.0986122886681098,-0.2339948803491117,24.185714285714287,30.0,0.0,0.0,232679478.0,55.03,1.0,1.0,0.0,1.25,0.5000000000000001,0.0,1.0,0.0008595515243505919
2,2024.0,38.0,Monkeypox,Plateau,2.0,0.0,0.0,2024-09-16,1.0986122886681098,-0.2339948803491117,24.185714285714287,30.0,0.0,0.0,232679478.0,55.03,2.0,1.5,0.0,1.5,0.5773502691896258,0.0,0.0,0.0008595515243505919
2,2024.0,38.0,Monkeypox,Plateau,2.0,0.0,0.0,2024-09-16,1.0986122886681098,-0.2339948803491117,24.185714285714287,30.0,0.0,0.0,232679478.0,55.03,2.0,2.0,0.0,1.75,0.5000000000000001,0.0,0.0,0.0008595515243505919
2,2024.0,38.0,Monkeypox,Plateau,2.0,0.0,0.0,2024-09-16,1.0986122886681098,-0.2339948803491117,24.185714285714287,30.0,0.0,0.0,232679478.0,55.03,2.0,2.0,0.0,2.0,0.0,0.0,0.0,0.0008595515243505919
20,2025.0,6.0,Monkeypox,Plateau,0.0,2.0,0.0,2025-02-03,0.0,-0.5650120281600503,26.857142857142858,76.85714285714286,11.3,0.0,0.0,0.0,2.0,2.0,0.0,1.5,1.0,0.5,-1.0,0.0
20,2025.0,6.0,Monkeypox,Plateau,0.0,2.0,0.0,2025-02-03,0.0,-0.5650120281600503,26.857142857142858,76.85714285714286,11.3,0.0,0.0,0.0,0.0,1.0,2.0,1.0,1.1547005383792515,1.0,0.0,0.0
20,2025.0,6.0,Monkeypox,Plateau,0.0,2.0,0.0,2025-02-03,0.0,-0.5650120281600503,26.857142857142858,76.85714285714286,11.3,0.0,0.0,0.0,0.0,0.0,2.0,0.5,1.0,1.5,0.0,0.0
20,2025.0,6.0,Monkeypox,Plateau,0.0,2.0,0.0,2025-02-03,0.0,-0.5650120281600503,26.857142857142858,76.85714285714286,11.3,0.0,0.0,0.0,0.0,0.0,2.0,0.0,0.0,2.0,0.0,0.0
20,2017.0,52.0,Monkeypox,Rivers,25.0,14.0,56.0,2017-01-01,3.258096538021482,3.5727023194766807,0.0,0.0,0.0,0.0,0.0,49.519,0.0,0.0,0.0,25.0,0.0,14.0,0.0,0.0
20,2018.0,1.0,Monkeypox,Rivers,37.0,0.0,0.0,2018-01-01,3.6375861597263857,5.558805206342312,26.47142857142857,86.71428571428571,38.4,0.0,204938755.0,50.344,25.0,0.0,14.0,31.0,8.48528137423857,7.0,0.48,0.01805417428245819
20,2018.0,1.0,Monkeypox,Rivers,37.0,0.0,0.0,2018-01-01,3.6375861597263857,5.558805206342312,26.47142857142857,86.71428571428571,38.4,0.0,204938755.0,50.344,37.0,31.0,0.0,33.0,6.928203230275509,4.666666666666667,0.0,0.01805417428245819
20,2018.0,1.0,Monkeypox,Rivers,37.0,0.0,0.0,2018-01-01,3.6375861597263857,5.558805206342312,26.47142857142857,86.71428571428571,38.4,0.0,204938755.0,50.344,37.0,37.0,0.0,34.0,6.0,3.5,0.0,0.01805417428245819
20,2018.0,1.0,Monkeypox,Rivers,37.0,0.0,0.0,2018-01-01,3.6375861597263857,5.558805206342312,26.47142857142857,86.71428571428571,38.4,0.0,204938755.0,50.344,37.0,37.0,0.0,37.0,0.0,0.0,0.0,0.01805417428245819
20,2022.0,18.0,Monkeypox,Rivers,25.0,14.0,56.0,2022-05-07,3.258096538021482,3.5727023194766807,25.942857142857143,89.14285714285714,81.9,0.0,223150896.0,53.521,37.0,37.0,0.0,34.0,6.0,3.5,-0.32432432432432434,0.011203181545818217
20,2022.0,18.0,Monkeypox,Rivers,25.0,14.0,56.0,2022-05-07,3.258096538021482,3.5727023194766807,25.942857142857143,89.14285714285714,81.9,0.0,223150896.0,53.521,25.0,31.0,14.0,31.0,6.928203230275509,7.0,0.0,0.011203181545818217
20,2022.0,18.0,Monkeypox,Rivers,25.0,14.0,56.0,2022-05-07,3.258096538021482,3.5727023194766807,25.942857142857143,89.14285714285714,81.9,0.0,223150896.0,53.521,25.0,25.0,14.0,28.0,6.0,10.5,0.0,0.011203181545818217
20,2022.0,18.0,Monkeypox,Rivers,25.0,14.0,56.0,2022-05-07,3.258096538021482,3.5727023194766807,25.942857142857143,89.14285714285714,81.9,0.0,223150896.0,53.521,25.0,25.0,14.0,25.0,0.0,14.0,0.0,0.011203181545818217
20,2025.0,6.0,Monkeypox,Rivers,25.0,14.0,56.0,2025-02-03,3.258096538021482,3.5727023194766807,27.1,85.28571428571429,40.3,0.0,0.0,0.0,25.0,25.0,14.0,25.0,0.0,14.0,0.0,0.0
20,2025.0,6.0,Monkeypox,Rivers,25.0,14.0,56.0,2025-02-03,3.258096538021482,3.5727023194766807,27.1,85.28571428571429,40.3,0.0,0.0,0.0,25.0,25.0,14.0,25.0,0.0,14.0,0.0,0.0
20,2025.0,6.0,Monkeypox,Rivers,25.0,14.0,56.0,2025-02-03,3.258096538021482,3.5727023194766807,27.1,85.28571428571429,40.3,0.0,0.0,0.0,25.0,25.0,14.0,25.0,0.0,14.0,0.0,0.0
20,2025.0,6.0,Monkeypox,Rivers,25.0,14.0,56.0,2025-02-03,3.258096538021482,3.5727023194766807,27.1,85.28571428571429,40.3,0.0,0.0,0.0,25.0,25.0,14.0,25.0,0.0,14.0,0.0,0.0
20,2022.0,27.0,Monkeypox,Taraba,0.0,0.0,0.0,2022-07-04,0.0,-0.5650120281600503,29.75714285714286,63.71428571428572,12.5,0.0,223150896.0,53.521,0.0,0.0,0.0,0.0,0.0,0.0,0.0,0.0
20,2022.0,27.0,Monkeypox,Taraba,0.0,0.0,0.0,2022-07-04,0.0,-0.5650120281600503,29.75714285714286,63.71428571428572,12.5,0.0,223150896.0,53.521,0.0,0.0,0.0,0.0,0.0,0.0,0.0,0.0
20,2022.0,27.0,Monkeypox,Taraba,0.0,0.0,0.0,2022-07-04,0.0,-0.5650120281600503,29.75714285714286,63.71428571428572,12.5,0.0,223150896.0,53.521,0.0,0.0,0.0,0.0,0.0,0.0,0.0,0.0
20,2022.0,27.0,Monkeypox,Taraba,0.0,0.0,0.0,2022-07-04,0.0,-0.5650120281600503,29.75714285714286,63.71428571428572,12.5,0.0,223150896.0,53.521,0.0,0.0,0.0,0.0,0.0,0.0,0.0,0.0
1,1974.0,0.0,Pertussis,All,599.5576923076923,0.0,0.0,,6.397858710689914,0.00815392196821926,0.0,0.0,0.0,599.5576923076923,0.0,19.363,0.0,0.0,0.0,599.5576923076923,0.0,0.0,0.0,0.0
2,1974.0,0.0,Pertussis,All,599.5576923076923,0.0,0.0,,6.397858710689914,0.00815392196821926,0.0,0.0,0.0,599.5576923076923,0.0,19.363,599.5576923076923,0.0,0.0,599.5576923076923,0.0,0.0,0.0,0.0
3,1974.0,0.0,Pertussis,All,599.5576923076923,0.0,0.0,,6.397858710689914,0.00815392196821926,0.0,0.0,0.0,599.5576923076923,0.0,19.363,599.5576923076923,599.5576923076923,0.0,599.5576923076923,0.0,0.0,0.0,0.0
4,1974.0,0.0,Pertussis,All,599.5576923076923,0.0,0.0,,6.397858710689914,0.00815392196821926,0.0,0.0,0.0,599.5576923076923,0.0,19.363,599.5576923076923,599.5576923076923,0.0,599.5576923076923,0.0,0.0,0.0,0.0
5,1974.0,0.0,Pertussis,All,599.5576923076923,0.0,0.0,,6.397858710689914,0.00815392196821926,0.0,0.0,0.0,599.5576923076923,0.0,19.363,599.5576923076923,599.5576923076923,0.0,599.5576923076923,0.0,0.0,0.0,0.0
6,1974.0,0.0,Pertussis,All,599.5576923076923,0.0,0.0,,6.397858710689914,0.00815392196821926,0.0,0.0,0.0,599.5576923076923,0.0,19.363,599.5576923076923,599.5576923076923,0.0,599.5576923076923,0.0,0.0,0.0,0.0
7,1974.0,0.0,Pertussis,All,599.5576923076923,0.0,0.0,,6.397858710689914,0.00815392196821926,0.0,0.0,0.0,599.5576923076923,0.0,19.363,599.5576923076923,599.5576923076923,0.0,599.5576923076923,0.0,0.0,0.0,0.0
8,1974.0,0.0,Pertussis,All,599.5576923076923,0.0,0.0,,6.397858710689914,0.00815392196821926,0.0,0.0,0.0,599.5576923076923,0.0,19.363,599.5576923076923,599.5576923076923,0.0,599.5576923076923,0.0,0.0,0.0,0.0
9,1974.0,0.0,Pertussis,All,599.5576923076923,0.0,0.0,,6.397858710689914,0.00815392196821926,0.0,0.0,0.0,599.5576923076923,0.0,19.363,599.5576923076923,599.5576923076923,0.0,599.5576923076923,0.0,0.0,0.0,0.0
10,1974.0,0.0,Pertussis,All,599.5576923076923,0.0,0.0,,6.397858710689914,0.00815392196821926,0.0,0.0,0.0,599.5576923076923,0.0,19.363,599.5576923076923,599.5576923076923,0.0,599.5576923076923,0.0,0.0,0.0,0.0
11,1974.0,0.0,Pertussis,All,599.5576923076923,0.0,0.0,,6.397858710689914,0.00815392196821926,0.0,0.0,0.0,599.5576923076923,0.0,19.363,599.5576923076923,599.5576923076923,0.0,599.5576923076923,0.0,0.0,0.0,0.0
12,1974.0,0.0,Pertussis,All,599.5576923076923,0.0,0.0,,6.397858710689914,0.00815392196821926,0.0,0.0,0.0,599.5576923076923,0.0,19.363,599.5576923076923,599.5576923076923,0.0,599.5576923076923,0.0,0.0,0.0,0.0
13,1974.0,0.0,Pertussis,All,599.5576923076923,0.0,0.0,,6.397858710689914,0.00815392196821926,0.0,0.0,0.0,599.5576923076923,0.0,19.363,599.5576923076923,599.5576923076923,0.0,599.5576923076923,0.0,0.0,0.0,0.0
14,1974.0,0.0,Pertussis,All,599.5576923076923,0.0,0.0,,6.397858710689914,0.00815392196821926,0.0,0.0,0.0,599.5576923076923,0.0,19.363,599.5576923076923,599.5576923076923,0.0,599.5576923076923,0.0,0.0,0.0,0.0
15,1974.0,0.0,Pertussis,All,599.5576923076923,0.0,0.0,,6.397858710689914,0.00815392196821926,0.0,0.0,0.0,599.5576923076923,0.0,19.363,599.5576923076923,599.5576923076923,0.0,599.5576923076923,0.0,0.0,0.0,0.0
16,1974.0,0.0,Pertussis,All,599.5576923076923,0.0,0.0,,6.397858710689914,0.00815392196821926,0.0,0.0,0.0,599.5576923076923,0.0,19.363,599.5576923076923,599.5576923076923,0.0,599.5576923076923,0.0,0.0,0.0,0.0
17,1974.0,0.0,Pertussis,All,599.5576923076923,0.0,0.0,,6.397858710689914,0.00815392196821926,0.0,0.0,0.0,599.5576923076923,0.0,19.363,599.5576923076923,599.5576923076923,0.0,599.5576923076923,0.0,0.0,0.0,0.0
18,1974.0,0.0,Pertussis,All,599.5576923076923,0.0,0.0,,6.397858710689914,0.00815392196821926,0.0,0.0,0.0,599.5576923076923,0.0,19.363,599.5576923076923,599.5576923076923,0.0,599.5576923076923,0.0,0.0,0.0,0.0
19,1974.0,0.0,Pertussis,All,599.5576923076923,0.0,0.0,,6.397858710689914,0.00815392196821926,0.0,0.0,0.0,599.5576923076923,0.0,19.363,599.5576923076923,599.5576923076923,0.0,599.5576923076923,0.0,0.0,0.0,0.0
20,1974.0,0.0,Pertussis,All,599.5576923076923,0.0,0.0,,6.397858710689914,0.00815392196821926,0.0,0.0,0.0,599.5576923076923,0.0,19.363,599.5576923076923,599.5576923076923,0.0,599.5576923076923,0.0,0.0,0.0,0.0
21,1974.0,0.0,Pertussis,All,599.5576923076923,0.0,0.0,,6.397858710689914,0.00815392196821926,0.0,0.0,0.0,599.5576923076923,0.0,19.363,599.5576923076923,599.5576923076923,0.0,599.5576923076923,0.0,0.0,0.0,0.0
22,1974.0,0.0,Pertussis,All,599.5576923076923,0.0,0.0,,6.397858710689914,0.00815392196821926,0.0,0.0,0.0,599.5576923076923,0.0,19.363,599.5576923076923,599.5576923076923,0.0,599.5576923076923,0.0,0.0,0.0,0.0
23,1974.0,0.0,Pertussis,All,599.5576923076923,0.0,0.0,,6.397858710689914,0.00815392196821926,0.0,0.0,0.0,599.5576923076923,0.0,19.363,599.5576923076923,599.5576923076923,0.0,599.5576923076923,0.0,0.0,0.0,0.0
24,1974.0,0.0,Pertussis,All,599.5576923076923,0.0,0.0,,6.397858710689914,0.00815392196821926,0.0,0.0,0.0,599.5576923076923,0.0,19.363,599.5576923076923,599.5576923076923,0.0,599.5576923076923,0.0,0.0,0.0,0.0
25,1974.0,0.0,Pertussis,All,599.5576923076923,0.0,0.0,,6.397858710689914,0.00815392196821926,0.0,0.0,0.0,599.5576923076923,0.0,19.363,599.5576923076923,599.5576923076923,0.0,599.5576923076923,0.0,0.0,0.0,0.0
26,1974.0,0.0,Pertussis,All,599.5576923076923,0.0,0.0,,6.397858710689914,0.00815392196821926,0.0,0.0,0.0,599.5576923076923,0.0,19.363,599.5576923076923,599.5576923076923,0.0,599.5576923076923,0.0,0.0,0.0,0.0
27,1974.0,0.0,Pertussis,All,599.5576923076923,0.0,0.0,,6.397858710689914,0.00815392196821926,0.0,0.0,0.0,599.5576923076923,0.0,19.363,599.5576923076923,599.5576923076923,0.0,599.5576923076923,0.0,0.0,0.0,0.0
28,1974.0,0.0,Pertussis,All,599.5576923076923,0.0,0.0,,6.397858710689914,0.00815392196821926,0.0,0.0,0.0,599.5576923076923,0.0,19.363,599.5576923076923,599.5576923076923,0.0,599.5576923076923,0.0,0.0,0.0,0.0
29,1974.0,0.0,Pertussis,All,599.5576923076923,0.0,0.0,,6.397858710689914,0.00815392196821926,0.0,0.0,0.0,599.5576923076923,0.0,19.363,599.5576923076923,599.5576923076923,0.0,599.5576923076923,0.0,0.0,0.0,0.0
30,1974.0,0.0,Pertussis,All,599.5576923076923,0.0,0.0,,6.397858710689914,0.00815392196821926,0.0,0.0,0.0,599.5576923076923,0.0,19.363,599.5576923076923,599.5576923076923,0.0,599.5576923076923,0.0,0.0,0.0,0.0
31,1974.0,0.0,Pertussis,All,599.5576923076923,0.0,0.0,,6.397858710689914,0.00815392196821926,0.0,0.0,0.0,599.5576923076923,0.0,19.363,599.5576923076923,599.5576923076923,0.0,599.5576923076923,0.0,0.0,0.0,0.0
32,1974.0,0.0,Pertussis,All,599.5576923076923,0.0,0.0,,6.397858710689914,0.00815392196821926,0.0,0.0,0.0,599.5576923076923,0.0,19.363,599.5576923076923,599.5576923076923,0.0,599.5576923076923,0.0,0.0,0.0,0.0
33,1974.0,0.0,Pertussis,All,599.5576923076923,0.0,0.0,,6.397858710689914,0.00815392196821926,0.0,0.0,0.0,599.5576923076923,0.0,19.363,599.5576923076923,599.5576923076923,0.0,599.5576923076923,0.0,0.0,0.0,0.0
34,1974.0,0.0,Pertussis,All,599.5576923076923,0.0,0.0,,6.397858710689914,0.00815392196821926,0.0,0.0,0.0,599.5576923076923,0.0,19.363,599.5576923076923,599.5576923076923,0.0,599.5576923076923,0.0,0.0,0.0,0.0
35,1974.0,0.0,Pertussis,All,599.5576923076923,0.0,0.0,,6.397858710689914,0.00815392196821926,0.0,0.0,0.0,599.5576923076923,0.0,19.363,599.5576923076923,599.5576923076923,0.0,599.5576923076923,0.0,0.0,0.0,0.0
36,1974.0,0.0,Pertussis,All,599.5576923076923,0.0,0.0,,6.397858710689914,0.00815392196821926,0.0,0.0,0.0,599.5576923076923,0.0,19.363,599.5576923076923,599.5576923076923,0.0,599.5576923076923,0.0,0.0,0.0,0.0
37,1974.0,0.0,Pertussis,All,599.5576923076923,0.0,0.0,,6.397858710689914,0.00815392196821926,0.0,0.0,0.0,599.5576923076923,0.0,19.363,599.5576923076923,599.5576923076923,0.0,599.5576923076923,0.0,0.0,0.0,0.0
38,1974.0,0.0,Pertussis,All,599.5576923076923,0.0,0.0,,6.397858710689914,0.00815392196821926,0.0,0.0,0.0,599.5576923076923,0.0,19.363,599.5576923076923,599.5576923076923,0.0,599.5576923076923,0.0,0.0,0.0,0.0
39,1974.0,0.0,Pertussis,All,599.5576923076923,0.0,0.0,,6.397858710689914,0.00815392196821926,0.0,0.0,0.0,599.5576923076923,0.0,19.363,599.5576923076923,599.5576923076923,0.0,599.5576923076923,0.0,0.0,0.0,0.0
40,1974.0,0.0,Pertussis,All,599.5576923076923,0.0,0.0,,6.397858710689914,0.00815392196821926,0.0,0.0,0.0,599.5576923076923,0.0,19.363,599.5576923076923,599.5576923076923,0.0,599.5576923076923,0.0,0.0,0.0,0.0
41,1974.0,0.0,Pertussis,All,599.5576923076923,0.0,0.0,,6.397858710689914,0.00815392196821926,0.0,0.0,0.0,599.5576923076923,0.0,19.363,599.5576923076923,599.5576923076923,0.0,599.5576923076923,0.0,0.0,0.0,0.0
42,1974.0,0.0,Pertussis,All,599.5576923076923,0.0,0.0,,6.397858710689914,0.00815392196821926,0.0,0.0,0.0,599.5576923076923,0.0,19.363,599.5576923076923,599.5576923076923,0.0,599.5576923076923,0.0,0.0,0.0,0.0
43,1974.0,0.0,Pertussis,All,599.5576923076923,0.0,0.0,,6.397858710689914,0.00815392196821926,0.0,0.0,0.0,599.5576923076923,0.0,19.363,599.5576923076923,599.5576923076923,0.0,599.5576923076923,0.0,0.0,0.0,0.0
44,1974.0,0.0,Pertussis,All,599.5576923076923,0.0,0.0,,6.397858710689914,0.00815392196821926,0.0,0.0,0.0,599.5576923076923,0.0,19.363,599.5576923076923,599.5576923076923,0.0,599.5576923076923,0.0,0.0,0.0,0.0
45,1974.0,0.0,Pertussis,All,599.5576923076923,0.0,0.0,,6.397858710689914,0.00815392196821926,0.0,0.0,0.0,599.5576923076923,0.0,19.363,599.5576923076923,599.5576923076923,0.0,599.5576923076923,0.0,0.0,0.0,0.0
46,1974.0,0.0,Pertussis,All,599.5576923076923,0.0,0.0,,6.397858710689914,0.00815392196821926,0.0,0.0,0.0,599.5576923076923,0.0,19.363,599.5576923076923,599.5576923076923,0.0,599.5576923076923,0.0,0.0,0.0,0.0
47,1974.0,0.0,Pertussis,All,599.5576923076923,0.0,0.0,,6.397858710689914,0.00815392196821926,0.0,0.0,0.0,599.5576923076923,0.0,19.363,599.5576923076923,599.5576923076923,0.0,599.5576923076923,0.0,0.0,0.0,0.0
48,1974.0,0.0,Pertussis,All,599.5576923076923,0.0,0.0,,6.397858710689914,0.00815392196821926,0.0,0.0,0.0,599.5576923076923,0.0,19.363,599.5576923076923,599.5576923076923,0.0,599.5576923076923,0.0,0.0,0.0,0.0
49,1974.0,0.0,Pertussis,All,599.5576923076923,0.0,0.0,,6.397858710689914,0.00815392196821926,0.0,0.0,0.0,599.5576923076923,0.0,19.363,599.5576923076923,599.5576923076923,0.0,599.5576923076923,0.0,0.0,0.0,0.0
50,1974.0,0.0,Pertussis,All,599.5576923076923,0.0,0.0,,6.397858710689914,0.00815392196821926,0.0,0.0,0.0,599.5576923076923,0.0,19.363,599.5576923076923,599.5576923076923,0.0,599.5576923076923,0.0,0.0,0.0,0.0
51,1974.0,0.0,Pertussis,All,599.5576923076923,0.0,0.0,,6.397858710689914,0.00815392196821926,0.0,0.0,0.0,599.5576923076923,0.0,19.363,599.5576923076923,599.5576923076923,0.0,599.5576923076923,0.0,0.0,0.0,0.0
52,1974.0,0.0,Pertussis,All,599.5576923076923,0.0,0.0,,6.397858710689914,0.00815392196821926,0.0,0.0,0.0,599.5576923076923,0.0,19.363,599.5576923076923,599.5576923076923,0.0,599.5576923076923,0.0,0.0,0.0,0.0
1,1975.0,0.0,Pertussis,All,660.8076923076923,0.0,0.0,,6.494975018731676,0.15458147976529227,0.0,0.0,0.0,660.8076923076923,0.0,19.78,599.5576923076923,599.5576923076923,0.0,614.8701923076923,30.625,0.0,0.10215864258908812,0.0
2,1975.0,0.0,Pertussis,All,660.8076923076923,0.0,0.0,,6.494975018731676,0.15458147976529227,0.0,0.0,0.0,660.8076923076923,0.0,19.78,660.8076923076923,630.1826923076923,0.0,630.1826923076923,35.362703987864585,0.0,0.0,0.0
3,1975.0,0.0,Pertussis,All,660.8076923076923,0.0,0.0,,6.494975018731676,0.15458147976529227,0.0,0.0,0.0,660.8076923076923,0.0,19.78,660.8076923076923,660.8076923076923,0.0,645.4951923076923,30.625,0.0,0.0,0.0
4,1975.0,0.0,Pertussis,All,660.8076923076923,0.0,0.0,,6.494975018731676,0.15458147976529227,0.0,0.0,0.0,660.8076923076923,0.0,19.78,660.8076923076923,660.8076923076923,0.0,660.8076923076923,0.0,0.0,0.0,0.0
5,1975.0,0.0,Pertussis,All,660.8076923076923,0.0,0.0,,6.494975018731676,0.15458147976529227,0.0,0.0,0.0,660.8076923076923,0.0,19.78,660.8076923076923,660.8076923076923,0.0,660.8076923076923,0.0,0.0,0.0,0.0
6,1975.0,0.0,Pertussis,All,660.8076923076923,0.0,0.0,,6.494975018731676,0.15458147976529227,0.0,0.0,0.0,660.8076923076923,0.0,19.78,660.8076923076923,660.8076923076923,0.0,660.8076923076923,0.0,0.0,0.0,0.0
7,1975.0,0.0,Pertussis,All,660.8076923076923,0.0,0.0,,6.494975018731676,0.15458147976529227,0.0,0.0,0.0,660.8076923076923,0.0,19.78,660.8076923076923,660.8076923076923,0.0,660.8076923076923,0.0,0.0,0.0,0.0
8,1975.0,0.0,Pertussis,All,660.8076923076923,0.0,0.0,,6.494975018731676,0.15458147976529227,0.0,0.0,0.0,660.8076923076923,0.0,19.78,660.8076923076923,660.8076923076923,0.0,660.8076923076923,0.0,0.0,0.0,0.0
9,1975.0,0.0,Pertussis,All,660.8076923076923,0.0,0.0,,6.494975018731676,0.15458147976529227,0.0,0.0,0.0,660.8076923076923,0.0,19.78,660.8076923076923,660.8076923076923,0.0,660.8076923076923,0.0,0.0,0.0,0.0
10,1975.0,0.0,Pertussis,All,660.8076923076923,0.0,0.0,,6.494975018731676,0.15458147976529227,0.0,0.0,0.0,660.8076923076923,0.0,19.78,660.8076923076923,660.8076923076923,0.0,660.8076923076923,0.0,0.0,0.0,0.0
11,1975.0,0.0,Pertussis,All,660.8076923076923,0.0,0.0,,6.494975018731676,0.15458147976529227,0.0,0.0,0.0,660.8076923076923,0.0,19.78,660.8076923076923,660.8076923076923,0.0,660.8076923076923,0.0,0.0,0.0,0.0
12,1975.0,0.0,Pertussis,All,660.8076923076923,0.0,0.0,,6.494975018731676,0.15458147976529227,0.0,0.0,0.0,660.8076923076923,0.0,19.78,660.8076923076923,660.8076923076923,0.0,660.8076923076923,0.0,0.0,0.0,0.0
13,1975.0,0.0,Pertussis,All,660.8076923076923,0.0,0.0,,6.494975018731676,0.15458147976529227,0.0,0.0,0.0,660.8076923076923,0.0,19.78,660.8076923076923,660.8076923076923,0.0,660.8076923076923,0.0,0.0,0.0,0.0
14,1975.0,0.0,Pertussis,All,660.8076923076923,0.0,0.0,,6.494975018731676,0.15458147976529227,0.0,0.0,0.0,660.8076923076923,0.0,19.78,660.8076923076923,660.8076923076923,0.0,660.8076923076923,0.0,0.0,0.0,0.0
15,1975.0,0.0,Pertussis,All,660.8076923076923,0.0,0.0,,6.494975018731676,0.15458147976529227,0.0,0.0,0.0,660.8076923076923,0.0,19.78,660.8076923076923,660.8076923076923,0.0,660.8076923076923,0.0,0.0,0.0,0.0
16,1975.0,0.0,Pertussis,All,660.8076923076923,0.0,0.0,,6.494975018731676,0.15458147976529227,0.0,0.0,0.0,660.8076923076923,0.0,19.78,660.8076923076923,660.8076923076923,0.0,660.8076923076923,0.0,0.0,0.0,0.0
17,1975.0,0.0,Pertussis,All,660.8076923076923,0.0,0.0,,6.494975018731676,0.15458147976529227,0.0,0.0,0.0,660.8076923076923,0.0,19.78,660.8076923076923,660.8076923076923,0.0,660.8076923076923,0.0,0.0,0.0,0.0
18,1975.0,0.0,Pertussis,All,660.8076923076923,0.0,0.0,,6.494975018731676,0.15458147976529227,0.0,0.0,0.0,660.8076923076923,0.0,19.78,660.8076923076923,660.8076923076923,0.0,660.8076923076923,0.0,0.0,0.0,0.0
19,1975.0,0.0,Pertussis,All,660.8076923076923,0.0,0.0,,6.494975018731676,0.15458147976529227,0.0,0.0,0.0,660.8076923076923,0.0,19.78,660.8076923076923,660.8076923076923,0.0,660.8076923076923,0.0,0.0,0.0,0.0
20,1975.0,0.0,Pertussis,All,660.8076923076923,0.0,0.0,,6.494975018731676,0.15458147976529227,0.0,0.0,0.0,660.8076923076923,0.0,19.78,660.8076923076923,660.8076923076923,0.0,660.8076923076923,0.0,0.0,0.0,0.0
21,1975.0,0.0,Pertussis,All,660.8076923076923,0.0,0.0,,6.494975018731676,0.15458147976529227,0.0,0.0,0.0,660.8076923076923,0.0,19.78,660.8076923076923,660.8076923076923,0.0,660.8076923076923,0.0,0.0,0.0,0.0
22,1975.0,0.0,Pertussis,All,660.8076923076923,0.0,0.0,,6.494975018731676,0.15458147976529227,0.0,0.0,0.0,660.8076923076923,0.0,19.78,660.8076923076923,660.8076923076923,0.0,660.8076923076923,0.0,0.0,0.0,0.0
23,1975.0,0.0,Pertussis,All,660.8076923076923,0.0,0.0,,6.494975018731676,0.15458147976529227,0.0,0.0,0.0,660.8076923076923,0.0,19.78,660.8076923076923,660.8076923076923,0.0,660.8076923076923,0.0,0.0,0.0,0.0
24,1975.0,0.0,Pertussis,All,660.8076923076923,0.0,0.0,,6.494975018731676,0.15458147976529227,0.0,0.0,0.0,660.8076923076923,0.0,19.78,660.8076923076923,660.8076923076923,0.0,660.8076923076923,0.0,0.0,0.0,0.0
25,1975.0,0.0,Pertussis,All,660.8076923076923,0.0,0.0,,6.494975018731676,0.15458147976529227,0.0,0.0,0.0,660.8076923076923,0.0,19.78,660.8076923076923,660.8076923076923,0.0,660.8076923076923,0.0,0.0,0.0,0.0
26,1975.0,0.0,Pertussis,All,660.8076923076923,0.0,0.0,,6.494975018731676,0.15458147976529227,0.0,0.0,0.0,660.8076923076923,0.0,19.78,660.8076923076923,660.8076923076923,0.0,660.8076923076923,0.0,0.0,0.0,0.0
27,1975.0,0.0,Pertussis,All,660.8076923076923,0.0,0.0,,6.494975018731676,0.15458147976529227,0.0,0.0,0.0,660.8076923076923,0.0,19.78,660.8076923076923,660.8076923076923,0.0,660.8076923076923,0.0,0.0,0.0,0.0
28,1975.0,0.0,Pertussis,All,660.8076923076923,0.0,0.0,,6.494975018731676,0.15458147976529227,0.0,0.0,0.0,660.8076923076923,0.0,19.78,660.8076923076923,660.8076923076923,0.0,660.8076923076923,0.0,0.0,0.0,0.0
29,1975.0,0.0,Pertussis,All,660.8076923076923,0.0,0.0,,6.494975018731676,0.15458147976529227,0.0,0.0,0.0,660.8076923076923,0.0,19.78,660.8076923076923,660.8076923076923,0.0,660.8076923076923,0.0,0.0,0.0,0.0
30,1975.0,0.0,Pertussis,All,660.8076923076923,0.0,0.0,,6.494975018731676,0.15458147976529227,0.0,0.0,0.0,660.8076923076923,0.0,19.78,660.8076923076923,660.8076923076923,0.0,660.8076923076923,0.0,0.0,0.0,0.0
31,1975.0,0.0,Pertussis,All,660.8076923076923,0.0,0.0,,6.494975018731676,0.15458147976529227,0.0,0.0,0.0,660.8076923076923,0.0,19.78,660.8076923076923,660.8076923076923,0.0,660.8076923076923,0.0,0.0,0.0,0.0
32,1975.0,0.0,Pertussis,All,660.8076923076923,0.0,0.0,,6.494975018731676,0.15458147976529227,0.0,0.0,0.0,660.8076923076923,0.0,19.78,660.8076923076923,660.8076923076923,0.0,660.8076923076923,0.0,0.0,0.0,0.0
33,1975.0,0.0,Pertussis,All,660.8076923076923,0.0,0.0,,6.494975018731676,0.15458147976529227,0.0,0.0,0.0,660.8076923076923,0.0,19.78,660.8076923076923,660.8076923076923,0.0,660.8076923076923,0.0,0.0,0.0,0.0
34,1975.0,0.0,Pertussis,All,660.8076923076923,0.0,0.0,,6.494975018731676,0.15458147976529227,0.0,0.0,0.0,660.8076923076923,0.0,19.78,660.8076923076923,660.8076923076923,0.0,660.8076923076923,0.0,0.0,0.0,0.0
35,1975.0,0.0,Pertussis,All,660.8076923076923,0.0,0.0,,6.494975018731676,0.15458147976529227,0.0,0.0,0.0,660.8076923076923,0.0,19.78,660.8076923076923,660.8076923076923,0.0,660.8076923076923,0.0,0.0,0.0,0.0
36,1975.0,0.0,Pertussis,All,660.8076923076923,0.0,0.0,,6.494975018731676,0.15458147976529227,0.0,0.0,0.0,660.8076923076923,0.0,19.78,660.8076923076923,660.8076923076923,0.0,660.8076923076923,0.0,0.0,0.0,0.0
37,1975.0,0.0,Pertussis,All,660.8076923076923,0.0,0.0,,6.494975018731676,0.15458147976529227,0.0,0.0,0.0,660.8076923076923,0.0,19.78,660.8076923076923,660.8076923076923,0.0,660.8076923076923,0.0,0.0,0.0,0.0
38,1975.0,0.0,Pertussis,All,660.8076923076923,0.0,0.0,,6.494975018731676,0.15458147976529227,0.0,0.0,0.0,660.8076923076923,0.0,19.78,660.8076923076923,660.8076923076923,0.0,660.8076923076923,0.0,0.0,0.0,0.0
39,1975.0,0.0,Pertussis,All,660.8076923076923,0.0,0.0,,6.494975018731676,0.15458147976529227,0.0,0.0,0.0,660.8076923076923,0.0,19.78,660.8076923076923,660.8076923076923,0.0,660.8076923076923,0.0,0.0,0.0,0.0
40,1975.0,0.0,Pertussis,All,660.8076923076923,0.0,0.0,,6.494975018731676,0.15458147976529227,0.0,0.0,0.0,660.8076923076923,0.0,19.78,660.8076923076923,660.8076923076923,0.0,660.8076923076923,0.0,0.0,0.0,0.0
41,1975.0,0.0,Pertussis,All,660.8076923076923,0.0,0.0,,6.494975018731676,0.15458147976529227,0.0,0.0,0.0,660.8076923076923,0.0,19.78,660.8076923076923,660.8076923076923,0.0,660.8076923076923,0.0,0.0,0.0,0.0
42,1975.0,0.0,Pertussis,All,660.8076923076923,0.0,0.0,,6.494975018731676,0.15458147976529227,0.0,0.0,0.0,660.8076923076923,0.0,19.78,660.8076923076923,660.8076923076923,0.0,660.8076923076923,0.0,0.0,0.0,0.0
43,1975.0,0.0,Pertussis,All,660.8076923076923,0.0,0.0,,6.494975018731676,0.15458147976529227,0.0,0.0,0.0,660.8076923076923,0.0,19.78,660.8076923076923,660.8076923076923,0.0,660.8076923076923,0.0,0.0,0.0,0.0
44,1975.0,0.0,Pertussis,All,660.8076923076923,0.0,0.0,,6.494975018731676,0.15458147976529227,0.0,0.0,0.0,660.8076923076923,0.0,19.78,660.8076923076923,660.8076923076923,0.0,660.8076923076923,0.0,0.0,0.0,0.0
45,1975.0,0.0,Pertussis,All,660.8076923076923,0.0,0.0,,6.494975018731676,0.15458147976529227,0.0,0.0,0.0,660.8076923076923,0.0,19.78,660.8076923076923,660.8076923076923,0.0,660.8076923076923,0.0,0.0,0.0,0.0
46,1975.0,0.0,Pertussis,All,660.8076923076923,0.0,0.0,,6.494975018731676,0.15458147976529227,0.0,0.0,0.0,660.8076923076923,0.0,19.78,660.8076923076923,660.8076923076923,0.0,660.8076923076923,0.0,0.0,0.0,0.0
47,1975.0,0.0,Pertussis,All,660.8076923076923,0.0,0.0,,6.494975018731676,0.15458147976529227,0.0,0.0,0.0,660.8076923076923,0.0,19.78,660.8076923076923,660.8076923076923,0.0,660.8076923076923,0.0,0.0,0.0,0.0
48,1975.0,0.0,Pertussis,All,660.8076923076923,0.0,0.0,,6.494975018731676,0.15458147976529227,0.0,0.0,0.0,660.8076923076923,0.0,19.78,660.8076923076923,660.8076923076923,0.0,660.8076923076923,0.0,0.0,0.0,0.0
49,1975.0,0.0,Pertussis,All,660.8076923076923,0.0,0.0,,6.494975018731676,0.15458147976529227,0.0,0.0,0.0,660.8076923076923,0.0,19.78,660.8076923076923,660.8076923076923,0.0,660.8076923076923,0.0,0.0,0.0,0.0
50,1975.0,0.0,Pertussis,All,660.8076923076923,0.0,0.0,,6.494975018731676,0.15458147976529227,0.0,0.0,0.0,660.8076923076923,0.0,19.78,660.8076923076923,660.8076923076923,0.0,660.8076923076923,0.0,0.0,0.0,0.0
51,1975.0,0.0,Pertussis,All,660.8076923076923,0.0,0.0,,6.494975018731676,0.15458147976529227,0.0,0.0,0.0,660.8076923076923,0.0,19.78,660.8076923076923,660.8076923076923,0.0,660.8076923076923,0.0,0.0,0.0,0.0
52,1975.0,0.0,Pertussis,All,660.8076923076923,0.0,0.0,,6.494975018731676,0.15458147976529227,0.0,0.0,0.0,660.8076923076923,0.0,19.78,660.8076923076923,660.8076923076923,0.0,660.8076923076923,0.0,0.0,0.0,0.0
1,1976.0,0.0,Pertussis,All,729.7884615384615,0.0,0.0,,6.594124035570315,0.31949063198447636,0.0,0.0,0.0,729.7884615384615,0.0,20.205,660.8076923076923,660.8076923076923,0.0,678.0528846153845,34.49038461538466,0.0,0.10438856876782501,0.0
2,1976.0,0.0,Pertussis,All,729.7884615384615,0.0,0.0,,6.594124035570315,0.31949063198447636,0.0,0.0,0.0,729.7884615384615,0.0,20.205,729.7884615384615,695.2980769230769,0.0,695.2980769230769,39.82606568429213,0.0,0.0,0.0
3,1976.0,0.0,Pertussis,All,729.7884615384615,0.0,0.0,,6.594124035570315,0.31949063198447636,0.0,0.0,0.0,729.7884615384615,0.0,20.205,729.7884615384615,729.7884615384615,0.0,712.5432692307693,34.49038461538466,0.0,0.0,0.0
4,1976.0,0.0,Pertussis,All,729.7884615384615,0.0,0.0,,6.594124035570315,0.31949063198447636,0.0,0.0,0.0,729.7884615384615,0.0,20.205,729.7884615384615,729.7884615384615,0.0,729.7884615384615,0.0,0.0,0.0,0.0
5,1976.0,0.0,Pertussis,All,729.7884615384615,0.0,0.0,,6.594124035570315,0.31949063198447636,0.0,0.0,0.0,729.7884615384615,0.0,20.205,729.7884615384615,729.7884615384615,0.0,729.7884615384615,0.0,0.0,0.0,0.0
6,1976.0,0.0,Pertussis,All,729.7884615384615,0.0,0.0,,6.594124035570315,0.31949063198447636,0.0,0.0,0.0,729.7884615384615,0.0,20.205,729.7884615384615,729.7884615384615,0.0,729.7884615384615,0.0,0.0,0.0,0.0
7,1976.0,0.0,Pertussis,All,729.7884615384615,0.0,0.0,,6.594124035570315,0.31949063198447636,0.0,0.0,0.0,729.7884615384615,0.0,20.205,729.7884615384615,729.7884615384615,0.0,729.7884615384615,0.0,0.0,0.0,0.0
8,1976.0,0.0,Pertussis,All,729.7884615384615,0.0,0.0,,6.594124035570315,0.31949063198447636,0.0,0.0,0.0,729.7884615384615,0.0,20.205,729.7884615384615,729.7884615384615,0.0,729.7884615384615,0.0,0.0,0.0,0.0
9,1976.0,0.0,Pertussis,All,729.7884615384615,0.0,0.0,,6.594124035570315,0.31949063198447636,0.0,0.0,0.0,729.7884615384615,0.0,20.205,729.7884615384615,729.7884615384615,0.0,729.7884615384615,0.0,0.0,0.0,0.0
10,1976.0,0.0,Pertussis,All,729.7884615384615,0.0,0.0,,6.594124035570315,0.31949063198447636,0.0,0.0,0.0,729.7884615384615,0.0,20.205,729.7884615384615,729.7884615384615,0.0,729.7884615384615,0.0,0.0,0.0,0.0
11,1976.0,0.0,Pertussis,All,729.7884615384615,0.0,0.0,,6.594124035570315,0.31949063198447636,0.0,0.0,0.0,729.7884615384615,0.0,20.205,729.7884615384615,729.7884615384615,0.0,729.7884615384615,0.0,0.0,0.0,0.0
12,1976.0,0.0,Pertussis,All,729.7884615384615,0.0,0.0,,6.594124035570315,0.31949063198447636,0.0,0.0,0.0,729.7884615384615,0.0,20.205,729.7884615384615,729.7884615384615,0.0,729.7884615384615,0.0,0.0,0.0,0.0
13,1976.0,0.0,Pertussis,All,729.7884615384615,0.0,0.0,,6.594124035570315,0.31949063198447636,0.0,0.0,0.0,729.7884615384615,0.0,20.205,729.7884615384615,729.7884615384615,0.0,729.7884615384615,0.0,0.0,0.0,0.0
14,1976.0,0.0,Pertussis,All,729.7884615384615,0.0,0.0,,6.594124035570315,0.31949063198447636,0.0,0.0,0.0,729.7884615384615,0.0,20.205,729.7884615384615,729.7884615384615,0.0,729.7884615384615,0.0,0.0,0.0,0.0
15,1976.0,0.0,Pertussis,All,729.7884615384615,0.0,0.0,,6.594124035570315,0.31949063198447636,0.0,0.0,0.0,729.7884615384615,0.0,20.205,729.7884615384615,729.7884615384615,0.0,729.7884615384615,0.0,0.0,0.0,0.0
16,1976.0,0.0,Pertussis,All,729.7884615384615,0.0,0.0,,6.594124035570315,0.31949063198447636,0.0,0.0,0.0,729.7884615384615,0.0,20.205,729.7884615384615,729.7884615384615,0.0,729.7884615384615,0.0,0.0,0.0,0.0
17,1976.0,0.0,Pertussis,All,729.7884615384615,0.0,0.0,,6.594124035570315,0.31949063198447636,0.0,0.0,0.0,729.7884615384615,0.0,20.205,729.7884615384615,729.7884615384615,0.0,729.7884615384615,0.0,0.0,0.0,0.0
18,1976.0,0.0,Pertussis,All,729.7884615384615,0.0,0.0,,6.594124035570315,0.31949063198447636,0.0,0.0,0.0,729.7884615384615,0.0,20.205,729.7884615384615,729.7884615384615,0.0,729.7884615384615,0.0,0.0,0.0,0.0
19,1976.0,0.0,Pertussis,All,729.7884615384615,0.0,0.0,,6.594124035570315,0.31949063198447636,0.0,0.0,0.0,729.7884615384615,0.0,20.205,729.7884615384615,729.7884615384615,0.0,729.7884615384615,0.0,0.0,0.0,0.0
20,1976.0,0.0,Pertussis,All,729.7884615384615,0.0,0.0,,6.594124035570315,0.31949063198447636,0.0,0.0,0.0,729.7884615384615,0.0,20.205,729.7884615384615,729.7884615384615,0.0,729.7884615384615,0.0,0.0,0.0,0.0
21,1976.0,0.0,Pertussis,All,729.7884615384615,0.0,0.0,,6.594124035570315,0.31949063198447636,0.0,0.0,0.0,729.7884615384615,0.0,20.205,729.7884615384615,729.7884615384615,0.0,729.7884615384615,0.0,0.0,0.0,0.0
22,1976.0,0.0,Pertussis,All,729.7884615384615,0.0,0.0,,6.594124035570315,0.31949063198447636,0.0,0.0,0.0,729.7884615384615,0.0,20.205,729.7884615384615,729.7884615384615,0.0,729.7884615384615,0.0,0.0,0.0,0.0
23,1976.0,0.0,Pertussis,All,729.7884615384615,0.0,0.0,,6.594124035570315,0.31949063198447636,0.0,0.0,0.0,729.7884615384615,0.0,20.205,729.7884615384615,729.7884615384615,0.0,729.7884615384615,0.0,0.0,0.0,0.0
24,1976.0,0.0,Pertussis,All,729.7884615384615,0.0,0.0,,6.594124035570315,0.31949063198447636,0.0,0.0,0.0,729.7884615384615,0.0,20.205,729.7884615384615,729.7884615384615,0.0,729.7884615384615,0.0,0.0,0.0,0.0
25,1976.0,0.0,Pertussis,All,729.7884615384615,0.0,0.0,,6.594124035570315,0.31949063198447636,0.0,0.0,0.0,729.7884615384615,0.0,20.205,729.7884615384615,729.7884615384615,0.0,729.7884615384615,0.0,0.0,0.0,0.0
26,1976.0,0.0,Pertussis,All,729.7884615384615,0.0,0.0,,6.594124035570315,0.31949063198447636,0.0,0.0,0.0,729.7884615384615,0.0,20.205,729.7884615384615,729.7884615384615,0.0,729.7884615384615,0.0,0.0,0.0,0.0
27,1976.0,0.0,Pertussis,All,729.7884615384615,0.0,0.0,,6.594124035570315,0.31949063198447636,0.0,0.0,0.0,729.7884615384615,0.0,20.205,729.7884615384615,729.7884615384615,0.0,729.7884615384615,0.0,0.0,0.0,0.0
28,1976.0,0.0,Pertussis,All,729.7884615384615,0.0,0.0,,6.594124035570315,0.31949063198447636,0.0,0.0,0.0,729.7884615384615,0.0,20.205,729.7884615384615,729.7884615384615,0.0,729.7884615384615,0.0,0.0,0.0,0.0
29,1976.0,0.0,Pertussis,All,729.7884615384615,0.0,0.0,,6.594124035570315,0.31949063198447636,0.0,0.0,0.0,729.7884615384615,0.0,20.205,729.7884615384615,729.7884615384615,0.0,729.7884615384615,0.0,0.0,0.0,0.0
30,1976.0,0.0,Pertussis,All,729.7884615384615,0.0,0.0,,6.594124035570315,0.31949063198447636,0.0,0.0,0.0,729.7884615384615,0.0,20.205,729.7884615384615,729.7884615384615,0.0,729.7884615384615,0.0,0.0,0.0,0.0
31,1976.0,0.0,Pertussis,All,729.7884615384615,0.0,0.0,,6.594124035570315,0.31949063198447636,0.0,0.0,0.0,729.7884615384615,0.0,20.205,729.7884615384615,729.7884615384615,0.0,729.7884615384615,0.0,0.0,0.0,0.0
32,1976.0,0.0,Pertussis,All,729.7884615384615,0.0,0.0,,6.594124035570315,0.31949063198447636,0.0,0.0,0.0,729.7884615384615,0.0,20.205,729.7884615384615,729.7884615384615,0.0,729.7884615384615,0.0,0.0,0.0,0.0
33,1976.0,0.0,Pertussis,All,729.7884615384615,0.0,0.0,,6.594124035570315,0.31949063198447636,0.0,0.0,0.0,729.7884615384615,0.0,20.205,729.7884615384615,729.7884615384615,0.0,729.7884615384615,0.0,0.0,0.0,0.0
34,1976.0,0.0,Pertussis,All,729.7884615384615,0.0,0.0,,6.594124035570315,0.31949063198447636,0.0,0.0,0.0,729.7884615384615,0.0,20.205,729.7884615384615,729.7884615384615,0.0,729.7884615384615,0.0,0.0,0.0,0.0
35,1976.0,0.0,Pertussis,All,729.7884615384615,0.0,0.0,,6.594124035570315,0.31949063198447636,0.0,0.0,0.0,729.7884615384615,0.0,20.205,729.7884615384615,729.7884615384615,0.0,729.7884615384615,0.0,0.0,0.0,0.0
36,1976.0,0.0,Pertussis,All,729.7884615384615,0.0,0.0,,6.594124035570315,0.31949063198447636,0.0,0.0,0.0,729.7884615384615,0.0,20.205,729.7884615384615,729.7884615384615,0.0,729.7884615384615,0.0,0.0,0.0,0.0
37,1976.0,0.0,Pertussis,All,729.7884615384615,0.0,0.0,,6.594124035570315,0.31949063198447636,0.0,0.0,0.0,729.7884615384615,0.0,20.205,729.7884615384615,729.7884615384615,0.0,729.7884615384615,0.0,0.0,0.0,0.0
38,1976.0,0.0,Pertussis,All,729.7884615384615,0.0,0.0,,6.594124035570315,0.31949063198447636,0.0,0.0,0.0,729.7884615384615,0.0,20.205,729.7884615384615,729.7884615384615,0.0,729.7884615384615,0.0,0.0,0.0,0.0
39,1976.0,0.0,Pertussis,All,729.7884615384615,0.0,0.0,,6.594124035570315,0.31949063198447636,0.0,0.0,0.0,729.7884615384615,0.0,20.205,729.7884615384615,729.7884615384615,0.0,729.7884615384615,0.0,0.0,0.0,0.0
40,1976.0,0.0,Pertussis,All,729.7884615384615,0.0,0.0,,6.594124035570315,0.31949063198447636,0.0,0.0,0.0,729.7884615384615,0.0,20.205,729.7884615384615,729.7884615384615,0.0,729.7884615384615,0.0,0.0,0.0,0.0
41,1976.0,0.0,Pertussis,All,729.7884615384615,0.0,0.0,,6.594124035570315,0.31949063198447636,0.0,0.0,0.0,729.7884615384615,0.0,20.205,729.7884615384615,729.7884615384615,0.0,729.7884615384615,0.0,0.0,0.0,0.0
42,1976.0,0.0,Pertussis,All,729.7884615384615,0.0,0.0,,6.594124035570315,0.31949063198447636,0.0,0.0,0.0,729.7884615384615,0.0,20.205,729.7884615384615,729.7884615384615,0.0,729.7884615384615,0.0,0.0,0.0,0.0
43,1976.0,0.0,Pertussis,All,729.7884615384615,0.0,0.0,,6.594124035570315,0.31949063198447636,0.0,0.0,0.0,729.7884615384615,0.0,20.205,729.7884615384615,729.7884615384615,0.0,729.7884615384615,0.0,0.0,0.0,0.0
44,1976.0,0.0,Pertussis,All,729.7884615384615,0.0,0.0,,6.594124035570315,0.31949063198447636,0.0,0.0,0.0,729.7884615384615,0.0,20.205,729.7884615384615,729.7884615384615,0.0,729.7884615384615,0.0,0.0,0.0,0.0
45,1976.0,0.0,Pertussis,All,729.7884615384615,0.0,0.0,,6.594124035570315,0.31949063198447636,0.0,0.0,0.0,729.7884615384615,0.0,20.205,729.7884615384615,729.7884615384615,0.0,729.7884615384615,0.0,0.0,0.0,0.0
46,1976.0,0.0,Pertussis,All,729.7884615384615,0.0,0.0,,6.594124035570315,0.31949063198447636,0.0,0.0,0.0,729.7884615384615,0.0,20.205,729.7884615384615,729.7884615384615,0.0,729.7884615384615,0.0,0.0,0.0,0.0
47,1976.0,0.0,Pertussis,All,729.7884615384615,0.0,0.0,,6.594124035570315,0.31949063198447636,0.0,0.0,0.0,729.7884615384615,0.0,20.205,729.7884615384615,729.7884615384615,0.0,729.7884615384615,0.0,0.0,0.0,0.0
48,1976.0,0.0,Pertussis,All,729.7884615384615,0.0,0.0,,6.594124035570315,0.31949063198447636,0.0,0.0,0.0,729.7884615384615,0.0,20.205,729.7884615384615,729.7884615384615,0.0,729.7884615384615,0.0,0.0,0.0,0.0
49,1976.0,0.0,Pertussis,All,729.7884615384615,0.0,0.0,,6.594124035570315,0.31949063198447636,0.0,0.0,0.0,729.7884615384615,0.0,20.205,729.7884615384615,729.7884615384615,0.0,729.7884615384615,0.0,0.0,0.0,0.0
50,1976.0,0.0,Pertussis,All,729.7884615384615,0.0,0.0,,6.594124035570315,0.31949063198447636,0.0,0.0,0.0,729.7884615384615,0.0,20.205,729.7884615384615,729.7884615384615,0.0,729.7884615384615,0.0,0.0,0.0,0.0
51,1976.0,0.0,Pertussis,All,729.7884615384615,0.0,0.0,,6.594124035570315,0.31949063198447636,0.0,0.0,0.0,729.7884615384615,0.0,20.205,729.7884615384615,729.7884615384615,0.0,729.7884615384615,0.0,0.0,0.0,0.0
52,1976.0,0.0,Pertussis,All,729.7884615384615,0.0,0.0,,6.594124035570315,0.31949063198447636,0.0,0.0,0.0,729.7884615384615,0.0,20.205,729.7884615384615,729.7884615384615,0.0,729.7884615384615,0.0,0.0,0.0,0.0
1,1977.0,0.0,Pertussis,All,816.3846153846154,0.0,0.0,,6.706109749549352,0.5265120739814055,0.0,0.0,0.0,816.3846153846154,0.0,20.636,729.7884615384615,729.7884615384615,0.0,751.4375,43.29807692307681,0.0,0.11865925320825313,0.0
2,1977.0,0.0,Pertussis,All,816.3846153846154,0.0,0.0,,6.706109749549352,0.5265120739814055,0.0,0.0,0.0,816.3846153846154,0.0,20.636,816.3846153846154,773.0865384615385,0.0,773.0865384615383,49.996312733863,0.0,0.0,0.0
3,1977.0,0.0,Pertussis,All,816.3846153846154,0.0,0.0,,6.706109749549352,0.5265120739814055,0.0,0.0,0.0,816.3846153846154,0.0,20.636,816.3846153846154,816.3846153846154,0.0,794.7355769230769,43.29807692307666,0.0,0.0,0.0
4,1977.0,0.0,Pertussis,All,816.3846153846154,0.0,0.0,,6.706109749549352,0.5265120739814055,0.0,0.0,0.0,816.3846153846154,0.0,20.636,816.3846153846154,816.3846153846154,0.0,816.3846153846154,0.0,0.0,0.0,0.0
5,1977.0,0.0,Pertussis,All,816.3846153846154,0.0,0.0,,6.706109749549352,0.5265120739814055,0.0,0.0,0.0,816.3846153846154,0.0,20.636,816.3846153846154,816.3846153846154,0.0,816.3846153846154,0.0,0.0,0.0,0.0
6,1977.0,0.0,Pertussis,All,816.3846153846154,0.0,0.0,,6.706109749549352,0.5265120739814055,0.0,0.0,0.0,816.3846153846154,0.0,20.636,816.3846153846154,816.3846153846154,0.0,816.3846153846154,0.0,0.0,0.0,0.0
7,1977.0,0.0,Pertussis,All,816.3846153846154,0.0,0.0,,6.706109749549352,0.5265120739814055,0.0,0.0,0.0,816.3846153846154,0.0,20.636,816.3846153846154,816.3846153846154,0.0,816.3846153846154,0.0,0.0,0.0,0.0
8,1977.0,0.0,Pertussis,All,816.3846153846154,0.0,0.0,,6.706109749549352,0.5265120739814055,0.0,0.0,0.0,816.3846153846154,0.0,20.636,816.3846153846154,816.3846153846154,0.0,816.3846153846154,0.0,0.0,0.0,0.0
9,1977.0,0.0,Pertussis,All,816.3846153846154,0.0,0.0,,6.706109749549352,0.5265120739814055,0.0,0.0,0.0,816.3846153846154,0.0,20.636,816.3846153846154,816.3846153846154,0.0,816.3846153846154,0.0,0.0,0.0,0.0
10,1977.0,0.0,Pertussis,All,816.3846153846154,0.0,0.0,,6.706109749549352,0.5265120739814055,0.0,0.0,0.0,816.3846153846154,0.0,20.636,816.3846153846154,816.3846153846154,0.0,816.3846153846154,0.0,0.0,0.0,0.0
11,1977.0,0.0,Pertussis,All,816.3846153846154,0.0,0.0,,6.706109749549352,0.5265120739814055,0.0,0.0,0.0,816.3846153846154,0.0,20.636,816.3846153846154,816.3846153846154,0.0,816.3846153846154,0.0,0.0,0.0,0.0
12,1977.0,0.0,Pertussis,All,816.3846153846154,0.0,0.0,,6.706109749549352,0.5265120739814055,0.0,0.0,0.0,816.3846153846154,0.0,20.636,816.3846153846154,816.3846153846154,0.0,816.3846153846154,0.0,0.0,0.0,0.0
13,1977.0,0.0,Pertussis,All,816.3846153846154,0.0,0.0,,6.706109749549352,0.5265120739814055,0.0,0.0,0.0,816.3846153846154,0.0,20.636,816.3846153846154,816.3846153846154,0.0,816.3846153846154,0.0,0.0,0.0,0.0
14,1977.0,0.0,Pertussis,All,816.3846153846154,0.0,0.0,,6.706109749549352,0.5265120739814055,0.0,0.0,0.0,816.3846153846154,0.0,20.636,816.3846153846154,816.3846153846154,0.0,816.3846153846154,0.0,0.0,0.0,0.0
15,1977.0,0.0,Pertussis,All,816.3846153846154,0.0,0.0,,6.706109749549352,0.5265120739814055,0.0,0.0,0.0,816.3846153846154,0.0,20.636,816.3846153846154,816.3846153846154,0.0,816.3846153846154,0.0,0.0,0.0,0.0
16,1977.0,0.0,Pertussis,All,816.3846153846154,0.0,0.0,,6.706109749549352,0.5265120739814055,0.0,0.0,0.0,816.3846153846154,0.0,20.636,816.3846153846154,816.3846153846154,0.0,816.3846153846154,0.0,0.0,0.0,0.0
17,1977.0,0.0,Pertussis,All,816.3846153846154,0.0,0.0,,6.706109749549352,0.5265120739814055,0.0,0.0,0.0,816.3846153846154,0.0,20.636,816.3846153846154,816.3846153846154,0.0,816.3846153846154,0.0,0.0,0.0,0.0
18,1977.0,0.0,Pertussis,All,816.3846153846154,0.0,0.0,,6.706109749549352,0.5265120739814055,0.0,0.0,0.0,816.3846153846154,0.0,20.636,816.3846153846154,816.3846153846154,0.0,816.3846153846154,0.0,0.0,0.0,0.0
19,1977.0,0.0,Pertussis,All,816.3846153846154,0.0,0.0,,6.706109749549352,0.5265120739814055,0.0,0.0,0.0,816.3846153846154,0.0,20.636,816.3846153846154,816.3846153846154,0.0,816.3846153846154,0.0,0.0,0.0,0.0
20,1977.0,0.0,Pertussis,All,816.3846153846154,0.0,0.0,,6.706109749549352,0.5265120739814055,0.0,0.0,0.0,816.3846153846154,0.0,20.636,816.3846153846154,816.3846153846154,0.0,816.3846153846154,0.0,0.0,0.0,0.0
21,1977.0,0.0,Pertussis,All,816.3846153846154,0.0,0.0,,6.706109749549352,0.5265120739814055,0.0,0.0,0.0,816.3846153846154,0.0,20.636,816.3846153846154,816.3846153846154,0.0,816.3846153846154,0.0,0.0,0.0,0.0
22,1977.0,0.0,Pertussis,All,816.3846153846154,0.0,0.0,,6.706109749549352,0.5265120739814055,0.0,0.0,0.0,816.3846153846154,0.0,20.636,816.3846153846154,816.3846153846154,0.0,816.3846153846154,0.0,0.0,0.0,0.0
23,1977.0,0.0,Pertussis,All,816.3846153846154,0.0,0.0,,6.706109749549352,0.5265120739814055,0.0,0.0,0.0,816.3846153846154,0.0,20.636,816.3846153846154,816.3846153846154,0.0,816.3846153846154,0.0,0.0,0.0,0.0
24,1977.0,0.0,Pertussis,All,816.3846153846154,0.0,0.0,,6.706109749549352,0.5265120739814055,0.0,0.0,0.0,816.3846153846154,0.0,20.636,816.3846153846154,816.3846153846154,0.0,816.3846153846154,0.0,0.0,0.0,0.0
25,1977.0,0.0,Pertussis,All,816.3846153846154,0.0,0.0,,6.706109749549352,0.5265120739814055,0.0,0.0,0.0,816.3846153846154,0.0,20.636,816.3846153846154,816.3846153846154,0.0,816.3846153846154,0.0,0.0,0.0,0.0
26,1977.0,0.0,Pertussis,All,816.3846153846154,0.0,0.0,,6.706109749549352,0.5265120739814055,0.0,0.0,0.0,816.3846153846154,0.0,20.636,816.3846153846154,816.3846153846154,0.0,816.3846153846154,0.0,0.0,0.0,0.0
27,1977.0,0.0,Pertussis,All,816.3846153846154,0.0,0.0,,6.706109749549352,0.5265120739814055,0.0,0.0,0.0,816.3846153846154,0.0,20.636,816.3846153846154,816.3846153846154,0.0,816.3846153846154,0.0,0.0,0.0,0.0
28,1977.0,0.0,Pertussis,All,816.3846153846154,0.0,0.0,,6.706109749549352,0.5265120739814055,0.0,0.0,0.0,816.3846153846154,0.0,20.636,816.3846153846154,816.3846153846154,0.0,816.3846153846154,0.0,0.0,0.0,0.0
29,1977.0,0.0,Pertussis,All,816.3846153846154,0.0,0.0,,6.706109749549352,0.5265120739814055,0.0,0.0,0.0,816.3846153846154,0.0,20.636,816.3846153846154,816.3846153846154,0.0,816.3846153846154,0.0,0.0,0.0,0.0
30,1977.0,0.0,Pertussis,All,816.3846153846154,0.0,0.0,,6.706109749549352,0.5265120739814055,0.0,0.0,0.0,816.3846153846154,0.0,20.636,816.3846153846154,816.3846153846154,0.0,816.3846153846154,0.0,0.0,0.0,0.0
31,1977.0,0.0,Pertussis,All,816.3846153846154,0.0,0.0,,6.706109749549352,0.5265120739814055,0.0,0.0,0.0,816.3846153846154,0.0,20.636,816.3846153846154,816.3846153846154,0.0,816.3846153846154,0.0,0.0,0.0,0.0
32,1977.0,0.0,Pertussis,All,816.3846153846154,0.0,0.0,,6.706109749549352,0.5265120739814055,0.0,0.0,0.0,816.3846153846154,0.0,20.636,816.3846153846154,816.3846153846154,0.0,816.3846153846154,0.0,0.0,0.0,0.0
33,1977.0,0.0,Pertussis,All,816.3846153846154,0.0,0.0,,6.706109749549352,0.5265120739814055,0.0,0.0,0.0,816.3846153846154,0.0,20.636,816.3846153846154,816.3846153846154,0.0,816.3846153846154,0.0,0.0,0.0,0.0
34,1977.0,0.0,Pertussis,All,816.3846153846154,0.0,0.0,,6.706109749549352,0.5265120739814055,0.0,0.0,0.0,816.3846153846154,0.0,20.636,816.3846153846154,816.3846153846154,0.0,816.3846153846154,0.0,0.0,0.0,0.0
35,1977.0,0.0,Pertussis,All,816.3846153846154,0.0,0.0,,6.706109749549352,0.5265120739814055,0.0,0.0,0.0,816.3846153846154,0.0,20.636,816.3846153846154,816.3846153846154,0.0,816.3846153846154,0.0,0.0,0.0,0.0
36,1977.0,0.0,Pertussis,All,816.3846153846154,0.0,0.0,,6.706109749549352,0.5265120739814055,0.0,0.0,0.0,816.3846153846154,0.0,20.636,816.3846153846154,816.3846153846154,0.0,816.3846153846154,0.0,0.0,0.0,0.0
37,1977.0,0.0,Pertussis,All,816.3846153846154,0.0,0.0,,6.706109749549352,0.5265120739814055,0.0,0.0,0.0,816.3846153846154,0.0,20.636,816.3846153846154,816.3846153846154,0.0,816.3846153846154,0.0,0.0,0.0,0.0
38,1977.0,0.0,Pertussis,All,816.3846153846154,0.0,0.0,,6.706109749549352,0.5265120739814055,0.0,0.0,0.0,816.3846153846154,0.0,20.636,816.3846153846154,816.3846153846154,0.0,816.3846153846154,0.0,0.0,0.0,0.0
39,1977.0,0.0,Pertussis,All,816.3846153846154,0.0,0.0,,6.706109749549352,0.5265120739814055,0.0,0.0,0.0,816.3846153846154,0.0,20.636,816.3846153846154,816.3846153846154,0.0,816.3846153846154,0.0,0.0,0.0,0.0
40,1977.0,0.0,Pertussis,All,816.3846153846154,0.0,0.0,,6.706109749549352,0.5265120739814055,0.0,0.0,0.0,816.3846153846154,0.0,20.636,816.3846153846154,816.3846153846154,0.0,816.3846153846154,0.0,0.0,0.0,0.0
41,1977.0,0.0,Pertussis,All,816.3846153846154,0.0,0.0,,6.706109749549352,0.5265120739814055,0.0,0.0,0.0,816.3846153846154,0.0,20.636,816.3846153846154,816.3846153846154,0.0,816.3846153846154,0.0,0.0,0.0,0.0
42,1977.0,0.0,Pertussis,All,816.3846153846154,0.0,0.0,,6.706109749549352,0.5265120739814055,0.0,0.0,0.0,816.3846153846154,0.0,20.636,816.3846153846154,816.3846153846154,0.0,816.3846153846154,0.0,0.0,0.0,0.0
43,1977.0,0.0,Pertussis,All,816.3846153846154,0.0,0.0,,6.706109749549352,0.5265120739814055,0.0,0.0,0.0,816.3846153846154,0.0,20.636,816.3846153846154,816.3846153846154,0.0,816.3846153846154,0.0,0.0,0.0,0.0
44,1977.0,0.0,Pertussis,All,816.3846153846154,0.0,0.0,,6.706109749549352,0.5265120739814055,0.0,0.0,0.0,816.3846153846154,0.0,20.636,816.3846153846154,816.3846153846154,0.0,816.3846153846154,0.0,0.0,0.0,0.0
45,1977.0,0.0,Pertussis,All,816.3846153846154,0.0,0.0,,6.706109749549352,0.5265120739814055,0.0,0.0,0.0,816.3846153846154,0.0,20.636,816.3846153846154,816.3846153846154,0.0,816.3846153846154,0.0,0.0,0.0,0.0
46,1977.0,0.0,Pertussis,All,816.3846153846154,0.0,0.0,,6.706109749549352,0.5265120739814055,0.0,0.0,0.0,816.3846153846154,0.0,20.636,816.3846153846154,816.3846153846154,0.0,816.3846153846154,0.0,0.0,0.0,0.0
47,1977.0,0.0,Pertussis,All,816.3846153846154,0.0,0.0,,6.706109749549352,0.5265120739814055,0.0,0.0,0.0,816.3846153846154,0.0,20.636,816.3846153846154,816.3846153846154,0.0,816.3846153846154,0.0,0.0,0.0,0.0
48,1977.0,0.0,Pertussis,All,816.3846153846154,0.0,0.0,,6.706109749549352,0.5265120739814055,0.0,0.0,0.0,816.3846153846154,0.0,20.636,816.3846153846154,816.3846153846154,0.0,816.3846153846154,0.0,0.0,0.0,0.0
49,1977.0,0.0,Pertussis,All,816.3846153846154,0.0,0.0,,6.706109749549352,0.5265120739814055,0.0,0.0,0.0,816.3846153846154,0.0,20.636,816.3846153846154,816.3846153846154,0.0,816.3846153846154,0.0,0.0,0.0,0.0
50,1977.0,0.0,Pertussis,All,816.3846153846154,0.0,0.0,,6.706109749549352,0.5265120739814055,0.0,0.0,0.0,816.3846153846154,0.0,20.636,816.3846153846154,816.3846153846154,0.0,816.3846153846154,0.0,0.0,0.0,0.0
51,1977.0,0.0,Pertussis,All,816.3846153846154,0.0,0.0,,6.706109749549352,0.5265120739814055,0.0,0.0,0.0,816.3846153846154,0.0,20.636,816.3846153846154,816.3846153846154,0.0,816.3846153846154,0.0,0.0,0.0,0.0
52,1977.0,0.0,Pertussis,All,816.3846153846154,0.0,0.0,,6.706109749549352,0.5265120739814055,0.0,0.0,0.0,816.3846153846154,0.0,20.636,816.3846153846154,816.3846153846154,0.0,816.3846153846154,0.0,0.0,0.0,0.0
1,1978.0,0.0,Pertussis,All,873.8461538461538,0.0,0.0,,6.774048046722908,0.6638827310293347,0.0,0.0,0.0,873.8461538461538,0.0,21.074,816.3846153846154,816.3846153846154,0.0,830.75,28.730769230768708,0.0,0.07038537642513897,0.0
2,1978.0,0.0,Pertussis,All,873.8461538461538,0.0,0.0,,6.774048046722908,0.6638827310293347,0.0,0.0,0.0,873.8461538461538,0.0,21.074,873.8461538461538,845.1153846153845,0.0,845.1153846153846,33.17543469881879,0.0,0.0,0.0
3,1978.0,0.0,Pertussis,All,873.8461538461538,0.0,0.0,,6.774048046722908,0.6638827310293347,0.0,0.0,0.0,873.8461538461538,0.0,21.074,873.8461538461538,873.8461538461538,0.0,859.4807692307692,28.730769230768644,0.0,0.0,0.0
4,1978.0,0.0,Pertussis,All,873.8461538461538,0.0,0.0,,6.774048046722908,0.6638827310293347,0.0,0.0,0.0,873.8461538461538,0.0,21.074,873.8461538461538,873.8461538461538,0.0,873.8461538461538,0.0,0.0,0.0,0.0
5,1978.0,0.0,Pertussis,All,873.8461538461538,0.0,0.0,,6.774048046722908,0.6638827310293347,0.0,0.0,0.0,873.8461538461538,0.0,21.074,873.8461538461538,873.8461538461538,0.0,873.8461538461538,0.0,0.0,0.0,0.0
6,1978.0,0.0,Pertussis,All,873.8461538461538,0.0,0.0,,6.774048046722908,0.6638827310293347,0.0,0.0,0.0,873.8461538461538,0.0,21.074,873.8461538461538,873.8461538461538,0.0,873.8461538461538,0.0,0.0,0.0,0.0
7,1978.0,0.0,Pertussis,All,873.8461538461538,0.0,0.0,,6.774048046722908,0.6638827310293347,0.0,0.0,0.0,873.8461538461538,0.0,21.074,873.8461538461538,873.8461538461538,0.0,873.8461538461538,0.0,0.0,0.0,0.0
8,1978.0,0.0,Pertussis,All,873.8461538461538,0.0,0.0,,6.774048046722908,0.6638827310293347,0.0,0.0,0.0,873.8461538461538,0.0,21.074,873.8461538461538,873.8461538461538,0.0,873.8461538461538,0.0,0.0,0.0,0.0
9,1978.0,0.0,Pertussis,All,873.8461538461538,0.0,0.0,,6.774048046722908,0.6638827310293347,0.0,0.0,0.0,873.8461538461538,0.0,21.074,873.8461538461538,873.8461538461538,0.0,873.8461538461538,0.0,0.0,0.0,0.0
10,1978.0,0.0,Pertussis,All,873.8461538461538,0.0,0.0,,6.774048046722908,0.6638827310293347,0.0,0.0,0.0,873.8461538461538,0.0,21.074,873.8461538461538,873.8461538461538,0.0,873.8461538461538,0.0,0.0,0.0,0.0
11,1978.0,0.0,Pertussis,All,873.8461538461538,0.0,0.0,,6.774048046722908,0.6638827310293347,0.0,0.0,0.0,873.8461538461538,0.0,21.074,873.8461538461538,873.8461538461538,0.0,873.8461538461538,0.0,0.0,0.0,0.0
12,1978.0,0.0,Pertussis,All,873.8461538461538,0.0,0.0,,6.774048046722908,0.6638827310293347,0.0,0.0,0.0,873.8461538461538,0.0,21.074,873.8461538461538,873.8461538461538,0.0,873.8461538461538,0.0,0.0,0.0,0.0
13,1978.0,0.0,Pertussis,All,873.8461538461538,0.0,0.0,,6.774048046722908,0.6638827310293347,0.0,0.0,0.0,873.8461538461538,0.0,21.074,873.8461538461538,873.8461538461538,0.0,873.8461538461538,0.0,0.0,0.0,0.0
14,1978.0,0.0,Pertussis,All,873.8461538461538,0.0,0.0,,6.774048046722908,0.6638827310293347,0.0,0.0,0.0,873.8461538461538,0.0,21.074,873.8461538461538,873.8461538461538,0.0,873.8461538461538,0.0,0.0,0.0,0.0
15,1978.0,0.0,Pertussis,All,873.8461538461538,0.0,0.0,,6.774048046722908,0.6638827310293347,0.0,0.0,0.0,873.8461538461538,0.0,21.074,873.8461538461538,873.8461538461538,0.0,873.8461538461538,0.0,0.0,0.0,0.0
16,1978.0,0.0,Pertussis,All,873.8461538461538,0.0,0.0,,6.774048046722908,0.6638827310293347,0.0,0.0,0.0,873.8461538461538,0.0,21.074,873.8461538461538,873.8461538461538,0.0,873.8461538461538,0.0,0.0,0.0,0.0
17,1978.0,0.0,Pertussis,All,873.8461538461538,0.0,0.0,,6.774048046722908,0.6638827310293347,0.0,0.0,0.0,873.8461538461538,0.0,21.074,873.8461538461538,873.8461538461538,0.0,873.8461538461538,0.0,0.0,0.0,0.0
18,1978.0,0.0,Pertussis,All,873.8461538461538,0.0,0.0,,6.774048046722908,0.6638827310293347,0.0,0.0,0.0,873.8461538461538,0.0,21.074,873.8461538461538,873.8461538461538,0.0,873.8461538461538,0.0,0.0,0.0,0.0
19,1978.0,0.0,Pertussis,All,873.8461538461538,0.0,0.0,,6.774048046722908,0.6638827310293347,0.0,0.0,0.0,873.8461538461538,0.0,21.074,873.8461538461538,873.8461538461538,0.0,873.8461538461538,0.0,0.0,0.0,0.0
20,1978.0,0.0,Pertussis,All,873.8461538461538,0.0,0.0,,6.774048046722908,0.6638827310293347,0.0,0.0,0.0,873.8461538461538,0.0,21.074,873.8461538461538,873.8461538461538,0.0,873.8461538461538,0.0,0.0,0.0,0.0
21,1978.0,0.0,Pertussis,All,873.8461538461538,0.0,0.0,,6.774048046722908,0.6638827310293347,0.0,0.0,0.0,873.8461538461538,0.0,21.074,873.8461538461538,873.8461538461538,0.0,873.8461538461538,0.0,0.0,0.0,0.0
22,1978.0,0.0,Pertussis,All,873.8461538461538,0.0,0.0,,6.774048046722908,0.6638827310293347,0.0,0.0,0.0,873.8461538461538,0.0,21.074,873.8461538461538,873.8461538461538,0.0,873.8461538461538,0.0,0.0,0.0,0.0
23,1978.0,0.0,Pertussis,All,873.8461538461538,0.0,0.0,,6.774048046722908,0.6638827310293347,0.0,0.0,0.0,873.8461538461538,0.0,21.074,873.8461538461538,873.8461538461538,0.0,873.8461538461538,0.0,0.0,0.0,0.0
24,1978.0,0.0,Pertussis,All,873.8461538461538,0.0,0.0,,6.774048046722908,0.6638827310293347,0.0,0.0,0.0,873.8461538461538,0.0,21.074,873.8461538461538,873.8461538461538,0.0,873.8461538461538,0.0,0.0,0.0,0.0
25,1978.0,0.0,Pertussis,All,873.8461538461538,0.0,0.0,,6.774048046722908,0.6638827310293347,0.0,0.0,0.0,873.8461538461538,0.0,21.074,873.8461538461538,873.8461538461538,0.0,873.8461538461538,0.0,0.0,0.0,0.0
26,1978.0,0.0,Pertussis,All,873.8461538461538,0.0,0.0,,6.774048046722908,0.6638827310293347,0.0,0.0,0.0,873.8461538461538,0.0,21.074,873.8461538461538,873.8461538461538,0.0,873.8461538461538,0.0,0.0,0.0,0.0
27,1978.0,0.0,Pertussis,All,873.8461538461538,0.0,0.0,,6.774048046722908,0.6638827310293347,0.0,0.0,0.0,873.8461538461538,0.0,21.074,873.8461538461538,873.8461538461538,0.0,873.8461538461538,0.0,0.0,0.0,0.0
28,1978.0,0.0,Pertussis,All,873.8461538461538,0.0,0.0,,6.774048046722908,0.6638827310293347,0.0,0.0,0.0,873.8461538461538,0.0,21.074,873.8461538461538,873.8461538461538,0.0,873.8461538461538,0.0,0.0,0.0,0.0
29,1978.0,0.0,Pertussis,All,873.8461538461538,0.0,0.0,,6.774048046722908,0.6638827310293347,0.0,0.0,0.0,873.8461538461538,0.0,21.074,873.8461538461538,873.8461538461538,0.0,873.8461538461538,0.0,0.0,0.0,0.0
30,1978.0,0.0,Pertussis,All,873.8461538461538,0.0,0.0,,6.774048046722908,0.6638827310293347,0.0,0.0,0.0,873.8461538461538,0.0,21.074,873.8461538461538,873.8461538461538,0.0,873.8461538461538,0.0,0.0,0.0,0.0
31,1978.0,0.0,Pertussis,All,873.8461538461538,0.0,0.0,,6.774048046722908,0.6638827310293347,0.0,0.0,0.0,873.8461538461538,0.0,21.074,873.8461538461538,873.8461538461538,0.0,873.8461538461538,0.0,0.0,0.0,0.0
32,1978.0,0.0,Pertussis,All,873.8461538461538,0.0,0.0,,6.774048046722908,0.6638827310293347,0.0,0.0,0.0,873.8461538461538,0.0,21.074,873.8461538461538,873.8461538461538,0.0,873.8461538461538,0.0,0.0,0.0,0.0
33,1978.0,0.0,Pertussis,All,873.8461538461538,0.0,0.0,,6.774048046722908,0.6638827310293347,0.0,0.0,0.0,873.8461538461538,0.0,21.074,873.8461538461538,873.8461538461538,0.0,873.8461538461538,0.0,0.0,0.0,0.0
34,1978.0,0.0,Pertussis,All,873.8461538461538,0.0,0.0,,6.774048046722908,0.6638827310293347,0.0,0.0,0.0,873.8461538461538,0.0,21.074,873.8461538461538,873.8461538461538,0.0,873.8461538461538,0.0,0.0,0.0,0.0
35,1978.0,0.0,Pertussis,All,873.8461538461538,0.0,0.0,,6.774048046722908,0.6638827310293347,0.0,0.0,0.0,873.8461538461538,0.0,21.074,873.8461538461538,873.8461538461538,0.0,873.8461538461538,0.0,0.0,0.0,0.0
36,1978.0,0.0,Pertussis,All,873.8461538461538,0.0,0.0,,6.774048046722908,0.6638827310293347,0.0,0.0,0.0,873.8461538461538,0.0,21.074,873.8461538461538,873.8461538461538,0.0,873.8461538461538,0.0,0.0,0.0,0.0
37,1978.0,0.0,Pertussis,All,873.8461538461538,0.0,0.0,,6.774048046722908,0.6638827310293347,0.0,0.0,0.0,873.8461538461538,0.0,21.074,873.8461538461538,873.8461538461538,0.0,873.8461538461538,0.0,0.0,0.0,0.0
38,1978.0,0.0,Pertussis,All,873.8461538461538,0.0,0.0,,6.774048046722908,0.6638827310293347,0.0,0.0,0.0,873.8461538461538,0.0,21.074,873.8461538461538,873.8461538461538,0.0,873.8461538461538,0.0,0.0,0.0,0.0
39,1978.0,0.0,Pertussis,All,873.8461538461538,0.0,0.0,,6.774048046722908,0.6638827310293347,0.0,0.0,0.0,873.8461538461538,0.0,21.074,873.8461538461538,873.8461538461538,0.0,873.8461538461538,0.0,0.0,0.0,0.0
40,1978.0,0.0,Pertussis,All,873.8461538461538,0.0,0.0,,6.774048046722908,0.6638827310293347,0.0,0.0,0.0,873.8461538461538,0.0,21.074,873.8461538461538,873.8461538461538,0.0,873.8461538461538,0.0,0.0,0.0,0.0
41,1978.0,0.0,Pertussis,All,873.8461538461538,0.0,0.0,,6.774048046722908,0.6638827310293347,0.0,0.0,0.0,873.8461538461538,0.0,21.074,873.8461538461538,873.8461538461538,0.0,873.8461538461538,0.0,0.0,0.0,0.0
42,1978.0,0.0,Pertussis,All,873.8461538461538,0.0,0.0,,6.774048046722908,0.6638827310293347,0.0,0.0,0.0,873.8461538461538,0.0,21.074,873.8461538461538,873.8461538461538,0.0,873.8461538461538,0.0,0.0,0.0,0.0
43,1978.0,0.0,Pertussis,All,873.8461538461538,0.0,0.0,,6.774048046722908,0.6638827310293347,0.0,0.0,0.0,873.8461538461538,0.0,21.074,873.8461538461538,873.8461538461538,0.0,873.8461538461538,0.0,0.0,0.0,0.0
44,1978.0,0.0,Pertussis,All,873.8461538461538,0.0,0.0,,6.774048046722908,0.6638827310293347,0.0,0.0,0.0,873.8461538461538,0.0,21.074,873.8461538461538,873.8461538461538,0.0,873.8461538461538,0.0,0.0,0.0,0.0
45,1978.0,0.0,Pertussis,All,873.8461538461538,0.0,0.0,,6.774048046722908,0.6638827310293347,0.0,0.0,0.0,873.8461538461538,0.0,21.074,873.8461538461538,873.8461538461538,0.0,873.8461538461538,0.0,0.0,0.0,0.0
46,1978.0,0.0,Pertussis,All,873.8461538461538,0.0,0.0,,6.774048046722908,0.6638827310293347,0.0,0.0,0.0,873.8461538461538,0.0,21.074,873.8461538461538,873.8461538461538,0.0,873.8461538461538,0.0,0.0,0.0,0.0
47,1978.0,0.0,Pertussis,All,873.8461538461538,0.0,0.0,,6.774048046722908,0.6638827310293347,0.0,0.0,0.0,873.8461538461538,0.0,21.074,873.8461538461538,873.8461538461538,0.0,873.8461538461538,0.0,0.0,0.0,0.0
48,1978.0,0.0,Pertussis,All,873.8461538461538,0.0,0.0,,6.774048046722908,0.6638827310293347,0.0,0.0,0.0,873.8461538461538,0.0,21.074,873.8461538461538,873.8461538461538,0.0,873.8461538461538,0.0,0.0,0.0,0.0
49,1978.0,0.0,Pertussis,All,873.8461538461538,0.0,0.0,,6.774048046722908,0.6638827310293347,0.0,0.0,0.0,873.8461538461538,0.0,21.074,873.8461538461538,873.8461538461538,0.0,873.8461538461538,0.0,0.0,0.0,0.0
50,1978.0,0.0,Pertussis,All,873.8461538461538,0.0,0.0,,6.774048046722908,0.6638827310293347,0.0,0.0,0.0,873.8461538461538,0.0,21.074,873.8461538461538,873.8461538461538,0.0,873.8461538461538,0.0,0.0,0.0,0.0
51,1978.0,0.0,Pertussis,All,873.8461538461538,0.0,0.0,,6.774048046722908,0.6638827310293347,0.0,0.0,0.0,873.8461538461538,0.0,21.074,873.8461538461538,873.8461538461538,0.0,873.8461538461538,0.0,0.0,0.0,0.0
52,1978.0,0.0,Pertussis,All,873.8461538461538,0.0,0.0,,6.774048046722908,0.6638827310293347,0.0,0.0,0.0,873.8461538461538,0.0,21.074,873.8461538461538,873.8461538461538,0.0,873.8461538461538,0.0,0.0,0.0,0.0
1,1979.0,0.0,Pertussis,All,1129.2115384615386,0.0,0.0,,7.030160096364598,1.2743730104602087,0.0,0.0,0.0,1129.2115384615386,0.0,21.518,873.8461538461538,873.8461538461538,0.0,937.6875,127.68269230769216,0.0,0.2922315140845072,0.0
2,1979.0,0.0,Pertussis,All,1129.2115384615386,0.0,0.0,,7.030160096364598,1.2743730104602087,0.0,0.0,0.0,1129.2115384615386,0.0,21.518,1129.2115384615386,1001.5288461538462,0.0,1001.5288461538462,147.43527354940449,0.0,0.0,0.0
3,1979.0,0.0,Pertussis,All,1129.2115384615386,0.0,0.0,,7.030160096364598,1.2743730104602087,0.0,0.0,0.0,1129.2115384615386,0.0,21.518,1129.2115384615386,1129.2115384615386,0.0,1065.3701923076924,127.682692307692,0.0,0.0,0.0
4,1979.0,0.0,Pertussis,All,1129.2115384615386,0.0,0.0,,7.030160096364598,1.2743730104602087,0.0,0.0,0.0,1129.2115384615386,0.0,21.518,1129.2115384615386,1129.2115384615386,0.0,1129.2115384615386,0.0,0.0,0.0,0.0
5,1979.0,0.0,Pertussis,All,1129.2115384615386,0.0,0.0,,7.030160096364598,1.2743730104602087,0.0,0.0,0.0,1129.2115384615386,0.0,21.518,1129.2115384615386,1129.2115384615386,0.0,1129.2115384615386,0.0,0.0,0.0,0.0
6,1979.0,0.0,Pertussis,All,1129.2115384615386,0.0,0.0,,7.030160096364598,1.2743730104602087,0.0,0.0,0.0,1129.2115384615386,0.0,21.518,1129.2115384615386,1129.2115384615386,0.0,1129.2115384615386,0.0,0.0,0.0,0.0
7,1979.0,0.0,Pertussis,All,1129.2115384615386,0.0,0.0,,7.030160096364598,1.2743730104602087,0.0,0.0,0.0,1129.2115384615386,0.0,21.518,1129.2115384615386,1129.2115384615386,0.0,1129.2115384615386,0.0,0.0,0.0,0.0
8,1979.0,0.0,Pertussis,All,1129.2115384615386,0.0,0.0,,7.030160096364598,1.2743730104602087,0.0,0.0,0.0,1129.2115384615386,0.0,21.518,1129.2115384615386,1129.2115384615386,0.0,1129.2115384615386,0.0,0.0,0.0,0.0
9,1979.0,0.0,Pertussis,All,1129.2115384615386,0.0,0.0,,7.030160096364598,1.2743730104602087,0.0,0.0,0.0,1129.2115384615386,0.0,21.518,1129.2115384615386,1129.2115384615386,0.0,1129.2115384615386,0.0,0.0,0.0,0.0
10,1979.0,0.0,Pertussis,All,1129.2115384615386,0.0,0.0,,7.030160096364598,1.2743730104602087,0.0,0.0,0.0,1129.2115384615386,0.0,21.518,1129.2115384615386,1129.2115384615386,0.0,1129.2115384615386,0.0,0.0,0.0,0.0
11,1979.0,0.0,Pertussis,All,1129.2115384615386,0.0,0.0,,7.030160096364598,1.2743730104602087,0.0,0.0,0.0,1129.2115384615386,0.0,21.518,1129.2115384615386,1129.2115384615386,0.0,1129.2115384615386,0.0,0.0,0.0,0.0
12,1979.0,0.0,Pertussis,All,1129.2115384615386,0.0,0.0,,7.030160096364598,1.2743730104602087,0.0,0.0,0.0,1129.2115384615386,0.0,21.518,1129.2115384615386,1129.2115384615386,0.0,1129.2115384615386,0.0,0.0,0.0,0.0
13,1979.0,0.0,Pertussis,All,1129.2115384615386,0.0,0.0,,7.030160096364598,1.2743730104602087,0.0,0.0,0.0,1129.2115384615386,0.0,21.518,1129.2115384615386,1129.2115384615386,0.0,1129.2115384615386,0.0,0.0,0.0,0.0
14,1979.0,0.0,Pertussis,All,1129.2115384615386,0.0,0.0,,7.030160096364598,1.2743730104602087,0.0,0.0,0.0,1129.2115384615386,0.0,21.518,1129.2115384615386,1129.2115384615386,0.0,1129.2115384615386,0.0,0.0,0.0,0.0
15,1979.0,0.0,Pertussis,All,1129.2115384615386,0.0,0.0,,7.030160096364598,1.2743730104602087,0.0,0.0,0.0,1129.2115384615386,0.0,21.518,1129.2115384615386,1129.2115384615386,0.0,1129.2115384615386,0.0,0.0,0.0,0.0
16,1979.0,0.0,Pertussis,All,1129.2115384615386,0.0,0.0,,7.030160096364598,1.2743730104602087,0.0,0.0,0.0,1129.2115384615386,0.0,21.518,1129.2115384615386,1129.2115384615386,0.0,1129.2115384615386,0.0,0.0,0.0,0.0
17,1979.0,0.0,Pertussis,All,1129.2115384615386,0.0,0.0,,7.030160096364598,1.2743730104602087,0.0,0.0,0.0,1129.2115384615386,0.0,21.518,1129.2115384615386,1129.2115384615386,0.0,1129.2115384615386,0.0,0.0,0.0,0.0
18,1979.0,0.0,Pertussis,All,1129.2115384615386,0.0,0.0,,7.030160096364598,1.2743730104602087,0.0,0.0,0.0,1129.2115384615386,0.0,21.518,1129.2115384615386,1129.2115384615386,0.0,1129.2115384615386,0.0,0.0,0.0,0.0
19,1979.0,0.0,Pertussis,All,1129.2115384615386,0.0,0.0,,7.030160096364598,1.2743730104602087,0.0,0.0,0.0,1129.2115384615386,0.0,21.518,1129.2115384615386,1129.2115384615386,0.0,1129.2115384615386,0.0,0.0,0.0,0.0
20,1979.0,0.0,Pertussis,All,1129.2115384615386,0.0,0.0,,7.030160096364598,1.2743730104602087,0.0,0.0,0.0,1129.2115384615386,0.0,21.518,1129.2115384615386,1129.2115384615386,0.0,1129.2115384615386,0.0,0.0,0.0,0.0
21,1979.0,0.0,Pertussis,All,1129.2115384615386,0.0,0.0,,7.030160096364598,1.2743730104602087,0.0,0.0,0.0,1129.2115384615386,0.0,21.518,1129.2115384615386,1129.2115384615386,0.0,1129.2115384615386,0.0,0.0,0.0,0.0
22,1979.0,0.0,Pertussis,All,1129.2115384615386,0.0,0.0,,7.030160096364598,1.2743730104602087,0.0,0.0,0.0,1129.2115384615386,0.0,21.518,1129.2115384615386,1129.2115384615386,0.0,1129.2115384615386,0.0,0.0,0.0,0.0
23,1979.0,0.0,Pertussis,All,1129.2115384615386,0.0,0.0,,7.030160096364598,1.2743730104602087,0.0,0.0,0.0,1129.2115384615386,0.0,21.518,1129.2115384615386,1129.2115384615386,0.0,1129.2115384615386,0.0,0.0,0.0,0.0
24,1979.0,0.0,Pertussis,All,1129.2115384615386,0.0,0.0,,7.030160096364598,1.2743730104602087,0.0,0.0,0.0,1129.2115384615386,0.0,21.518,1129.2115384615386,1129.2115384615386,0.0,1129.2115384615386,0.0,0.0,0.0,0.0
25,1979.0,0.0,Pertussis,All,1129.2115384615386,0.0,0.0,,7.030160096364598,1.2743730104602087,0.0,0.0,0.0,1129.2115384615386,0.0,21.518,1129.2115384615386,1129.2115384615386,0.0,1129.2115384615386,0.0,0.0,0.0,0.0
26,1979.0,0.0,Pertussis,All,1129.2115384615386,0.0,0.0,,7.030160096364598,1.2743730104602087,0.0,0.0,0.0,1129.2115384615386,0.0,21.518,1129.2115384615386,1129.2115384615386,0.0,1129.2115384615386,0.0,0.0,0.0,0.0
27,1979.0,0.0,Pertussis,All,1129.2115384615386,0.0,0.0,,7.030160096364598,1.2743730104602087,0.0,0.0,0.0,1129.2115384615386,0.0,21.518,1129.2115384615386,1129.2115384615386,0.0,1129.2115384615386,0.0,0.0,0.0,0.0
28,1979.0,0.0,Pertussis,All,1129.2115384615386,0.0,0.0,,7.030160096364598,1.2743730104602087,0.0,0.0,0.0,1129.2115384615386,0.0,21.518,1129.2115384615386,1129.2115384615386,0.0,1129.2115384615386,0.0,0.0,0.0,0.0
29,1979.0,0.0,Pertussis,All,1129.2115384615386,0.0,0.0,,7.030160096364598,1.2743730104602087,0.0,0.0,0.0,1129.2115384615386,0.0,21.518,1129.2115384615386,1129.2115384615386,0.0,1129.2115384615386,0.0,0.0,0.0,0.0
30,1979.0,0.0,Pertussis,All,1129.2115384615386,0.0,0.0,,7.030160096364598,1.2743730104602087,0.0,0.0,0.0,1129.2115384615386,0.0,21.518,1129.2115384615386,1129.2115384615386,0.0,1129.2115384615386,0.0,0.0,0.0,0.0
31,1979.0,0.0,Pertussis,All,1129.2115384615386,0.0,0.0,,7.030160096364598,1.2743730104602087,0.0,0.0,0.0,1129.2115384615386,0.0,21.518,1129.2115384615386,1129.2115384615386,0.0,1129.2115384615386,0.0,0.0,0.0,0.0
32,1979.0,0.0,Pertussis,All,1129.2115384615386,0.0,0.0,,7.030160096364598,1.2743730104602087,0.0,0.0,0.0,1129.2115384615386,0.0,21.518,1129.2115384615386,1129.2115384615386,0.0,1129.2115384615386,0.0,0.0,0.0,0.0
33,1979.0,0.0,Pertussis,All,1129.2115384615386,0.0,0.0,,7.030160096364598,1.2743730104602087,0.0,0.0,0.0,1129.2115384615386,0.0,21.518,1129.2115384615386,1129.2115384615386,0.0,1129.2115384615386,0.0,0.0,0.0,0.0
34,1979.0,0.0,Pertussis,All,1129.2115384615386,0.0,0.0,,7.030160096364598,1.2743730104602087,0.0,0.0,0.0,1129.2115384615386,0.0,21.518,1129.2115384615386,1129.2115384615386,0.0,1129.2115384615386,0.0,0.0,0.0,0.0
35,1979.0,0.0,Pertussis,All,1129.2115384615386,0.0,0.0,,7.030160096364598,1.2743730104602087,0.0,0.0,0.0,1129.2115384615386,0.0,21.518,1129.2115384615386,1129.2115384615386,0.0,1129.2115384615386,0.0,0.0,0.0,0.0
36,1979.0,0.0,Pertussis,All,1129.2115384615386,0.0,0.0,,7.030160096364598,1.2743730104602087,0.0,0.0,0.0,1129.2115384615386,0.0,21.518,1129.2115384615386,1129.2115384615386,0.0,1129.2115384615386,0.0,0.0,0.0,0.0
37,1979.0,0.0,Pertussis,All,1129.2115384615386,0.0,0.0,,7.030160096364598,1.2743730104602087,0.0,0.0,0.0,1129.2115384615386,0.0,21.518,1129.2115384615386,1129.2115384615386,0.0,1129.2115384615386,0.0,0.0,0.0,0.0
38,1979.0,0.0,Pertussis,All,1129.2115384615386,0.0,0.0,,7.030160096364598,1.2743730104602087,0.0,0.0,0.0,1129.2115384615386,0.0,21.518,1129.2115384615386,1129.2115384615386,0.0,1129.2115384615386,0.0,0.0,0.0,0.0
39,1979.0,0.0,Pertussis,All,1129.2115384615386,0.0,0.0,,7.030160096364598,1.2743730104602087,0.0,0.0,0.0,1129.2115384615386,0.0,21.518,1129.2115384615386,1129.2115384615386,0.0,1129.2115384615386,0.0,0.0,0.0,0.0
40,1979.0,0.0,Pertussis,All,1129.2115384615386,0.0,0.0,,7.030160096364598,1.2743730104602087,0.0,0.0,0.0,1129.2115384615386,0.0,21.518,1129.2115384615386,1129.2115384615386,0.0,1129.2115384615386,0.0,0.0,0.0,0.0
41,1979.0,0.0,Pertussis,All,1129.2115384615386,0.0,0.0,,7.030160096364598,1.2743730104602087,0.0,0.0,0.0,1129.2115384615386,0.0,21.518,1129.2115384615386,1129.2115384615386,0.0,1129.2115384615386,0.0,0.0,0.0,0.0
42,1979.0,0.0,Pertussis,All,1129.2115384615386,0.0,0.0,,7.030160096364598,1.2743730104602087,0.0,0.0,0.0,1129.2115384615386,0.0,21.518,1129.2115384615386,1129.2115384615386,0.0,1129.2115384615386,0.0,0.0,0.0,0.0
43,1979.0,0.0,Pertussis,All,1129.2115384615386,0.0,0.0,,7.030160096364598,1.2743730104602087,0.0,0.0,0.0,1129.2115384615386,0.0,21.518,1129.2115384615386,1129.2115384615386,0.0,1129.2115384615386,0.0,0.0,0.0,0.0
44,1979.0,0.0,Pertussis,All,1129.2115384615386,0.0,0.0,,7.030160096364598,1.2743730104602087,0.0,0.0,0.0,1129.2115384615386,0.0,21.518,1129.2115384615386,1129.2115384615386,0.0,1129.2115384615386,0.0,0.0,0.0,0.0
45,1979.0,0.0,Pertussis,All,1129.2115384615386,0.0,0.0,,7.030160096364598,1.2743730104602087,0.0,0.0,0.0,1129.2115384615386,0.0,21.518,1129.2115384615386,1129.2115384615386,0.0,1129.2115384615386,0.0,0.0,0.0,0.0
46,1979.0,0.0,Pertussis,All,1129.2115384615386,0.0,0.0,,7.030160096364598,1.2743730104602087,0.0,0.0,0.0,1129.2115384615386,0.0,21.518,1129.2115384615386,1129.2115384615386,0.0,1129.2115384615386,0.0,0.0,0.0,0.0
47,1979.0,0.0,Pertussis,All,1129.2115384615386,0.0,0.0,,7.030160096364598,1.2743730104602087,0.0,0.0,0.0,1129.2115384615386,0.0,21.518,1129.2115384615386,1129.2115384615386,0.0,1129.2115384615386,0.0,0.0,0.0,0.0
48,1979.0,0.0,Pertussis,All,1129.2115384615386,0.0,0.0,,7.030160096364598,1.2743730104602087,0.0,0.0,0.0,1129.2115384615386,0.0,21.518,1129.2115384615386,1129.2115384615386,0.0,1129.2115384615386,0.0,0.0,0.0,0.0
49,1979.0,0.0,Pertussis,All,1129.2115384615386,0.0,0.0,,7.030160096364598,1.2743730104602087,0.0,0.0,0.0,1129.2115384615386,0.0,21.518,1129.2115384615386,1129.2115384615386,0.0,1129.2115384615386,0.0,0.0,0.0,0.0
50,1979.0,0.0,Pertussis,All,1129.2115384615386,0.0,0.0,,7.030160096364598,1.2743730104602087,0.0,0.0,0.0,1129.2115384615386,0.0,21.518,1129.2115384615386,1129.2115384615386,0.0,1129.2115384615386,0.0,0.0,0.0,0.0
51,1979.0,0.0,Pertussis,All,1129.2115384615386,0.0,0.0,,7.030160096364598,1.2743730104602087,0.0,0.0,0.0,1129.2115384615386,0.0,21.518,1129.2115384615386,1129.2115384615386,0.0,1129.2115384615386,0.0,0.0,0.0,0.0
52,1979.0,0.0,Pertussis,All,1129.2115384615386,0.0,0.0,,7.030160096364598,1.2743730104602087,0.0,0.0,0.0,1129.2115384615386,0.0,21.518,1129.2115384615386,1129.2115384615386,0.0,1129.2115384615386,0.0,0.0,0.0,0.0
1,1980.0,0.0,Pertussis,All,942.2307692307692,0.0,0.0,,6.849310970861096,0.8273666856687041,0.0,0.0,0.0,942.2307692307692,0.0,21.97,1129.2115384615386,1129.2115384615386,0.0,1082.4663461538462,93.49038461538412,0.0,-0.16558524498033017,0.0
2,1980.0,0.0,Pertussis,All,942.2307692307692,0.0,0.0,,6.849310970861096,0.8273666856687041,0.0,0.0,0.0,942.2307692307692,0.0,21.97,942.2307692307692,1035.7211538461538,0.0,1035.7211538461538,107.95339744866762,0.0,0.0,0.0
3,1980.0,0.0,Pertussis,All,942.2307692307692,0.0,0.0,,6.849310970861096,0.8273666856687041,0.0,0.0,0.0,942.2307692307692,0.0,21.97,942.2307692307692,942.2307692307692,0.0,988.9759615384615,93.49038461538434,0.0,0.0,0.0
4,1980.0,0.0,Pertussis,All,942.2307692307692,0.0,0.0,,6.849310970861096,0.8273666856687041,0.0,0.0,0.0,942.2307692307692,0.0,21.97,942.2307692307692,942.2307692307692,0.0,942.2307692307692,0.0,0.0,0.0,0.0
5,1980.0,0.0,Pertussis,All,942.2307692307692,0.0,0.0,,6.849310970861096,0.8273666856687041,0.0,0.0,0.0,942.2307692307692,0.0,21.97,942.2307692307692,942.2307692307692,0.0,942.2307692307692,0.0,0.0,0.0,0.0
6,1980.0,0.0,Pertussis,All,942.2307692307692,0.0,0.0,,6.849310970861096,0.8273666856687041,0.0,0.0,0.0,942.2307692307692,0.0,21.97,942.2307692307692,942.2307692307692,0.0,942.2307692307692,0.0,0.0,0.0,0.0
7,1980.0,0.0,Pertussis,All,942.2307692307692,0.0,0.0,,6.849310970861096,0.8273666856687041,0.0,0.0,0.0,942.2307692307692,0.0,21.97,942.2307692307692,942.2307692307692,0.0,942.2307692307692,0.0,0.0,0.0,0.0
8,1980.0,0.0,Pertussis,All,942.2307692307692,0.0,0.0,,6.849310970861096,0.8273666856687041,0.0,0.0,0.0,942.2307692307692,0.0,21.97,942.2307692307692,942.2307692307692,0.0,942.2307692307692,0.0,0.0,0.0,0.0
9,1980.0,0.0,Pertussis,All,942.2307692307692,0.0,0.0,,6.849310970861096,0.8273666856687041,0.0,0.0,0.0,942.2307692307692,0.0,21.97,942.2307692307692,942.2307692307692,0.0,942.2307692307692,0.0,0.0,0.0,0.0
10,1980.0,0.0,Pertussis,All,942.2307692307692,0.0,0.0,,6.849310970861096,0.8273666856687041,0.0,0.0,0.0,942.2307692307692,0.0,21.97,942.2307692307692,942.2307692307692,0.0,942.2307692307692,0.0,0.0,0.0,0.0
11,1980.0,0.0,Pertussis,All,942.2307692307692,0.0,0.0,,6.849310970861096,0.8273666856687041,0.0,0.0,0.0,942.2307692307692,0.0,21.97,942.2307692307692,942.2307692307692,0.0,942.2307692307692,0.0,0.0,0.0,0.0
12,1980.0,0.0,Pertussis,All,942.2307692307692,0.0,0.0,,6.849310970861096,0.8273666856687041,0.0,0.0,0.0,942.2307692307692,0.0,21.97,942.2307692307692,942.2307692307692,0.0,942.2307692307692,0.0,0.0,0.0,0.0
13,1980.0,0.0,Pertussis,All,942.2307692307692,0.0,0.0,,6.849310970861096,0.8273666856687041,0.0,0.0,0.0,942.2307692307692,0.0,21.97,942.2307692307692,942.2307692307692,0.0,942.2307692307692,0.0,0.0,0.0,0.0
14,1980.0,0.0,Pertussis,All,942.2307692307692,0.0,0.0,,6.849310970861096,0.8273666856687041,0.0,0.0,0.0,942.2307692307692,0.0,21.97,942.2307692307692,942.2307692307692,0.0,942.2307692307692,0.0,0.0,0.0,0.0
15,1980.0,0.0,Pertussis,All,942.2307692307692,0.0,0.0,,6.849310970861096,0.8273666856687041,0.0,0.0,0.0,942.2307692307692,0.0,21.97,942.2307692307692,942.2307692307692,0.0,942.2307692307692,0.0,0.0,0.0,0.0
16,1980.0,0.0,Pertussis,All,942.2307692307692,0.0,0.0,,6.849310970861096,0.8273666856687041,0.0,0.0,0.0,942.2307692307692,0.0,21.97,942.2307692307692,942.2307692307692,0.0,942.2307692307692,0.0,0.0,0.0,0.0
17,1980.0,0.0,Pertussis,All,942.2307692307692,0.0,0.0,,6.849310970861096,0.8273666856687041,0.0,0.0,0.0,942.2307692307692,0.0,21.97,942.2307692307692,942.2307692307692,0.0,942.2307692307692,0.0,0.0,0.0,0.0
18,1980.0,0.0,Pertussis,All,942.2307692307692,0.0,0.0,,6.849310970861096,0.8273666856687041,0.0,0.0,0.0,942.2307692307692,0.0,21.97,942.2307692307692,942.2307692307692,0.0,942.2307692307692,0.0,0.0,0.0,0.0
19,1980.0,0.0,Pertussis,All,942.2307692307692,0.0,0.0,,6.849310970861096,0.8273666856687041,0.0,0.0,0.0,942.2307692307692,0.0,21.97,942.2307692307692,942.2307692307692,0.0,942.2307692307692,0.0,0.0,0.0,0.0
20,1980.0,0.0,Pertussis,All,942.2307692307692,0.0,0.0,,6.849310970861096,0.8273666856687041,0.0,0.0,0.0,942.2307692307692,0.0,21.97,942.2307692307692,942.2307692307692,0.0,942.2307692307692,0.0,0.0,0.0,0.0
21,1980.0,0.0,Pertussis,All,942.2307692307692,0.0,0.0,,6.849310970861096,0.8273666856687041,0.0,0.0,0.0,942.2307692307692,0.0,21.97,942.2307692307692,942.2307692307692,0.0,942.2307692307692,0.0,0.0,0.0,0.0
22,1980.0,0.0,Pertussis,All,942.2307692307692,0.0,0.0,,6.849310970861096,0.8273666856687041,0.0,0.0,0.0,942.2307692307692,0.0,21.97,942.2307692307692,942.2307692307692,0.0,942.2307692307692,0.0,0.0,0.0,0.0
23,1980.0,0.0,Pertussis,All,942.2307692307692,0.0,0.0,,6.849310970861096,0.8273666856687041,0.0,0.0,0.0,942.2307692307692,0.0,21.97,942.2307692307692,942.2307692307692,0.0,942.2307692307692,0.0,0.0,0.0,0.0
24,1980.0,0.0,Pertussis,All,942.2307692307692,0.0,0.0,,6.849310970861096,0.8273666856687041,0.0,0.0,0.0,942.2307692307692,0.0,21.97,942.2307692307692,942.2307692307692,0.0,942.2307692307692,0.0,0.0,0.0,0.0
25,1980.0,0.0,Pertussis,All,942.2307692307692,0.0,0.0,,6.849310970861096,0.8273666856687041,0.0,0.0,0.0,942.2307692307692,0.0,21.97,942.2307692307692,942.2307692307692,0.0,942.2307692307692,0.0,0.0,0.0,0.0
26,1980.0,0.0,Pertussis,All,942.2307692307692,0.0,0.0,,6.849310970861096,0.8273666856687041,0.0,0.0,0.0,942.2307692307692,0.0,21.97,942.2307692307692,942.2307692307692,0.0,942.2307692307692,0.0,0.0,0.0,0.0
27,1980.0,0.0,Pertussis,All,942.2307692307692,0.0,0.0,,6.849310970861096,0.8273666856687041,0.0,0.0,0.0,942.2307692307692,0.0,21.97,942.2307692307692,942.2307692307692,0.0,942.2307692307692,0.0,0.0,0.0,0.0
28,1980.0,0.0,Pertussis,All,942.2307692307692,0.0,0.0,,6.849310970861096,0.8273666856687041,0.0,0.0,0.0,942.2307692307692,0.0,21.97,942.2307692307692,942.2307692307692,0.0,942.2307692307692,0.0,0.0,0.0,0.0
29,1980.0,0.0,Pertussis,All,942.2307692307692,0.0,0.0,,6.849310970861096,0.8273666856687041,0.0,0.0,0.0,942.2307692307692,0.0,21.97,942.2307692307692,942.2307692307692,0.0,942.2307692307692,0.0,0.0,0.0,0.0
30,1980.0,0.0,Pertussis,All,942.2307692307692,0.0,0.0,,6.849310970861096,0.8273666856687041,0.0,0.0,0.0,942.2307692307692,0.0,21.97,942.2307692307692,942.2307692307692,0.0,942.2307692307692,0.0,0.0,0.0,0.0
31,1980.0,0.0,Pertussis,All,942.2307692307692,0.0,0.0,,6.849310970861096,0.8273666856687041,0.0,0.0,0.0,942.2307692307692,0.0,21.97,942.2307692307692,942.2307692307692,0.0,942.2307692307692,0.0,0.0,0.0,0.0
32,1980.0,0.0,Pertussis,All,942.2307692307692,0.0,0.0,,6.849310970861096,0.8273666856687041,0.0,0.0,0.0,942.2307692307692,0.0,21.97,942.2307692307692,942.2307692307692,0.0,942.2307692307692,0.0,0.0,0.0,0.0
33,1980.0,0.0,Pertussis,All,942.2307692307692,0.0,0.0,,6.849310970861096,0.8273666856687041,0.0,0.0,0.0,942.2307692307692,0.0,21.97,942.2307692307692,942.2307692307692,0.0,942.2307692307692,0.0,0.0,0.0,0.0
34,1980.0,0.0,Pertussis,All,942.2307692307692,0.0,0.0,,6.849310970861096,0.8273666856687041,0.0,0.0,0.0,942.2307692307692,0.0,21.97,942.2307692307692,942.2307692307692,0.0,942.2307692307692,0.0,0.0,0.0,0.0
35,1980.0,0.0,Pertussis,All,942.2307692307692,0.0,0.0,,6.849310970861096,0.8273666856687041,0.0,0.0,0.0,942.2307692307692,0.0,21.97,942.2307692307692,942.2307692307692,0.0,942.2307692307692,0.0,0.0,0.0,0.0
36,1980.0,0.0,Pertussis,All,942.2307692307692,0.0,0.0,,6.849310970861096,0.8273666856687041,0.0,0.0,0.0,942.2307692307692,0.0,21.97,942.2307692307692,942.2307692307692,0.0,942.2307692307692,0.0,0.0,0.0,0.0
37,1980.0,0.0,Pertussis,All,942.2307692307692,0.0,0.0,,6.849310970861096,0.8273666856687041,0.0,0.0,0.0,942.2307692307692,0.0,21.97,942.2307692307692,942.2307692307692,0.0,942.2307692307692,0.0,0.0,0.0,0.0
38,1980.0,0.0,Pertussis,All,942.2307692307692,0.0,0.0,,6.849310970861096,0.8273666856687041,0.0,0.0,0.0,942.2307692307692,0.0,21.97,942.2307692307692,942.2307692307692,0.0,942.2307692307692,0.0,0.0,0.0,0.0
39,1980.0,0.0,Pertussis,All,942.2307692307692,0.0,0.0,,6.849310970861096,0.8273666856687041,0.0,0.0,0.0,942.2307692307692,0.0,21.97,942.2307692307692,942.2307692307692,0.0,942.2307692307692,0.0,0.0,0.0,0.0
40,1980.0,0.0,Pertussis,All,942.2307692307692,0.0,0.0,,6.849310970861096,0.8273666856687041,0.0,0.0,0.0,942.2307692307692,0.0,21.97,942.2307692307692,942.2307692307692,0.0,942.2307692307692,0.0,0.0,0.0,0.0
41,1980.0,0.0,Pertussis,All,942.2307692307692,0.0,0.0,,6.849310970861096,0.8273666856687041,0.0,0.0,0.0,942.2307692307692,0.0,21.97,942.2307692307692,942.2307692307692,0.0,942.2307692307692,0.0,0.0,0.0,0.0
42,1980.0,0.0,Pertussis,All,942.2307692307692,0.0,0.0,,6.849310970861096,0.8273666856687041,0.0,0.0,0.0,942.2307692307692,0.0,21.97,942.2307692307692,942.2307692307692,0.0,942.2307692307692,0.0,0.0,0.0,0.0
43,1980.0,0.0,Pertussis,All,942.2307692307692,0.0,0.0,,6.849310970861096,0.8273666856687041,0.0,0.0,0.0,942.2307692307692,0.0,21.97,942.2307692307692,942.2307692307692,0.0,942.2307692307692,0.0,0.0,0.0,0.0
44,1980.0,0.0,Pertussis,All,942.2307692307692,0.0,0.0,,6.849310970861096,0.8273666856687041,0.0,0.0,0.0,942.2307692307692,0.0,21.97,942.2307692307692,942.2307692307692,0.0,942.2307692307692,0.0,0.0,0.0,0.0
45,1980.0,0.0,Pertussis,All,942.2307692307692,0.0,0.0,,6.849310970861096,0.8273666856687041,0.0,0.0,0.0,942.2307692307692,0.0,21.97,942.2307692307692,942.2307692307692,0.0,942.2307692307692,0.0,0.0,0.0,0.0
46,1980.0,0.0,Pertussis,All,942.2307692307692,0.0,0.0,,6.849310970861096,0.8273666856687041,0.0,0.0,0.0,942.2307692307692,0.0,21.97,942.2307692307692,942.2307692307692,0.0,942.2307692307692,0.0,0.0,0.0,0.0
47,1980.0,0.0,Pertussis,All,942.2307692307692,0.0,0.0,,6.849310970861096,0.8273666856687041,0.0,0.0,0.0,942.2307692307692,0.0,21.97,942.2307692307692,942.2307692307692,0.0,942.2307692307692,0.0,0.0,0.0,0.0
48,1980.0,0.0,Pertussis,All,942.2307692307692,0.0,0.0,,6.849310970861096,0.8273666856687041,0.0,0.0,0.0,942.2307692307692,0.0,21.97,942.2307692307692,942.2307692307692,0.0,942.2307692307692,0.0,0.0,0.0,0.0
49,1980.0,0.0,Pertussis,All,942.2307692307692,0.0,0.0,,6.849310970861096,0.8273666856687041,0.0,0.0,0.0,942.2307692307692,0.0,21.97,942.2307692307692,942.2307692307692,0.0,942.2307692307692,0.0,0.0,0.0,0.0
50,1980.0,0.0,Pertussis,All,942.2307692307692,0.0,0.0,,6.849310970861096,0.8273666856687041,0.0,0.0,0.0,942.2307692307692,0.0,21.97,942.2307692307692,942.2307692307692,0.0,942.2307692307692,0.0,0.0,0.0,0.0
51,1980.0,0.0,Pertussis,All,942.2307692307692,0.0,0.0,,6.849310970861096,0.8273666856687041,0.0,0.0,0.0,942.2307692307692,0.0,21.97,942.2307692307692,942.2307692307692,0.0,942.2307692307692,0.0,0.0,0.0,0.0
52,1980.0,0.0,Pertussis,All,942.2307692307692,0.0,0.0,,6.849310970861096,0.8273666856687041,0.0,0.0,0.0,942.2307692307692,0.0,21.97,942.2307692307692,942.2307692307692,0.0,942.2307692307692,0.0,0.0,0.0,0.0
1,1981.0,0.0,Pertussis,All,1094.4807692307693,0.0,0.0,,6.9989486045507885,1.1913437579071429,0.0,0.0,0.0,1094.4807692307693,0.0,22.671,942.2307692307692,942.2307692307692,0.0,980.2932692307693,76.12499999999969,0.0,0.161584619152584,0.0
2,1981.0,0.0,Pertussis,All,1094.4807692307693,0.0,0.0,,6.9989486045507885,1.1913437579071429,0.0,0.0,0.0,1094.4807692307693,0.0,22.671,1094.4807692307693,1018.3557692307693,0.0,1018.3557692307692,87.90157848412024,0.0,0.0,0.0
3,1981.0,0.0,Pertussis,All,1094.4807692307693,0.0,0.0,,6.9989486045507885,1.1913437579071429,0.0,0.0,0.0,1094.4807692307693,0.0,22.671,1094.4807692307693,1094.4807692307693,0.0,1056.4182692307693,76.12499999999962,0.0,0.0,0.0
4,1981.0,0.0,Pertussis,All,1094.4807692307693,0.0,0.0,,6.9989486045507885,1.1913437579071429,0.0,0.0,0.0,1094.4807692307693,0.0,22.671,1094.4807692307693,1094.4807692307693,0.0,1094.4807692307693,0.0,0.0,0.0,0.0
5,1981.0,0.0,Pertussis,All,1094.4807692307693,0.0,0.0,,6.9989486045507885,1.1913437579071429,0.0,0.0,0.0,1094.4807692307693,0.0,22.671,1094.4807692307693,1094.4807692307693,0.0,1094.4807692307693,0.0,0.0,0.0,0.0
6,1981.0,0.0,Pertussis,All,1094.4807692307693,0.0,0.0,,6.9989486045507885,1.1913437579071429,0.0,0.0,0.0,1094.4807692307693,0.0,22.671,1094.4807692307693,1094.4807692307693,0.0,1094.4807692307693,0.0,0.0,0.0,0.0
7,1981.0,0.0,Pertussis,All,1094.4807692307693,0.0,0.0,,6.9989486045507885,1.1913437579071429,0.0,0.0,0.0,1094.4807692307693,0.0,22.671,1094.4807692307693,1094.4807692307693,0.0,1094.4807692307693,0.0,0.0,0.0,0.0
8,1981.0,0.0,Pertussis,All,1094.4807692307693,0.0,0.0,,6.9989486045507885,1.1913437579071429,0.0,0.0,0.0,1094.4807692307693,0.0,22.671,1094.4807692307693,1094.4807692307693,0.0,1094.4807692307693,0.0,0.0,0.0,0.0
9,1981.0,0.0,Pertussis,All,1094.4807692307693,0.0,0.0,,6.9989486045507885,1.1913437579071429,0.0,0.0,0.0,1094.4807692307693,0.0,22.671,1094.4807692307693,1094.4807692307693,0.0,1094.4807692307693,0.0,0.0,0.0,0.0
10,1981.0,0.0,Pertussis,All,1094.4807692307693,0.0,0.0,,6.9989486045507885,1.1913437579071429,0.0,0.0,0.0,1094.4807692307693,0.0,22.671,1094.4807692307693,1094.4807692307693,0.0,1094.4807692307693,0.0,0.0,0.0,0.0
11,1981.0,0.0,Pertussis,All,1094.4807692307693,0.0,0.0,,6.9989486045507885,1.1913437579071429,0.0,0.0,0.0,1094.4807692307693,0.0,22.671,1094.4807692307693,1094.4807692307693,0.0,1094.4807692307693,0.0,0.0,0.0,0.0
12,1981.0,0.0,Pertussis,All,1094.4807692307693,0.0,0.0,,6.9989486045507885,1.1913437579071429,0.0,0.0,0.0,1094.4807692307693,0.0,22.671,1094.4807692307693,1094.4807692307693,0.0,1094.4807692307693,0.0,0.0,0.0,0.0
13,1981.0,0.0,Pertussis,All,1094.4807692307693,0.0,0.0,,6.9989486045507885,1.1913437579071429,0.0,0.0,0.0,1094.4807692307693,0.0,22.671,1094.4807692307693,1094.4807692307693,0.0,1094.4807692307693,0.0,0.0,0.0,0.0
14,1981.0,0.0,Pertussis,All,1094.4807692307693,0.0,0.0,,6.9989486045507885,1.1913437579071429,0.0,0.0,0.0,1094.4807692307693,0.0,22.671,1094.4807692307693,1094.4807692307693,0.0,1094.4807692307693,0.0,0.0,0.0,0.0
15,1981.0,0.0,Pertussis,All,1094.4807692307693,0.0,0.0,,6.9989486045507885,1.1913437579071429,0.0,0.0,0.0,1094.4807692307693,0.0,22.671,1094.4807692307693,1094.4807692307693,0.0,1094.4807692307693,0.0,0.0,0.0,0.0
16,1981.0,0.0,Pertussis,All,1094.4807692307693,0.0,0.0,,6.9989486045507885,1.1913437579071429,0.0,0.0,0.0,1094.4807692307693,0.0,22.671,1094.4807692307693,1094.4807692307693,0.0,1094.4807692307693,0.0,0.0,0.0,0.0
17,1981.0,0.0,Pertussis,All,1094.4807692307693,0.0,0.0,,6.9989486045507885,1.1913437579071429,0.0,0.0,0.0,1094.4807692307693,0.0,22.671,1094.4807692307693,1094.4807692307693,0.0,1094.4807692307693,0.0,0.0,0.0,0.0
18,1981.0,0.0,Pertussis,All,1094.4807692307693,0.0,0.0,,6.9989486045507885,1.1913437579071429,0.0,0.0,0.0,1094.4807692307693,0.0,22.671,1094.4807692307693,1094.4807692307693,0.0,1094.4807692307693,0.0,0.0,0.0,0.0
19,1981.0,0.0,Pertussis,All,1094.4807692307693,0.0,0.0,,6.9989486045507885,1.1913437579071429,0.0,0.0,0.0,1094.4807692307693,0.0,22.671,1094.4807692307693,1094.4807692307693,0.0,1094.4807692307693,0.0,0.0,0.0,0.0
20,1981.0,0.0,Pertussis,All,1094.4807692307693,0.0,0.0,,6.9989486045507885,1.1913437579071429,0.0,0.0,0.0,1094.4807692307693,0.0,22.671,1094.4807692307693,1094.4807692307693,0.0,1094.4807692307693,0.0,0.0,0.0,0.0
21,1981.0,0.0,Pertussis,All,1094.4807692307693,0.0,0.0,,6.9989486045507885,1.1913437579071429,0.0,0.0,0.0,1094.4807692307693,0.0,22.671,1094.4807692307693,1094.4807692307693,0.0,1094.4807692307693,0.0,0.0,0.0,0.0
22,1981.0,0.0,Pertussis,All,1094.4807692307693,0.0,0.0,,6.9989486045507885,1.1913437579071429,0.0,0.0,0.0,1094.4807692307693,0.0,22.671,1094.4807692307693,1094.4807692307693,0.0,1094.4807692307693,0.0,0.0,0.0,0.0
23,1981.0,0.0,Pertussis,All,1094.4807692307693,0.0,0.0,,6.9989486045507885,1.1913437579071429,0.0,0.0,0.0,1094.4807692307693,0.0,22.671,1094.4807692307693,1094.4807692307693,0.0,1094.4807692307693,0.0,0.0,0.0,0.0
24,1981.0,0.0,Pertussis,All,1094.4807692307693,0.0,0.0,,6.9989486045507885,1.1913437579071429,0.0,0.0,0.0,1094.4807692307693,0.0,22.671,1094.4807692307693,1094.4807692307693,0.0,1094.4807692307693,0.0,0.0,0.0,0.0
25,1981.0,0.0,Pertussis,All,1094.4807692307693,0.0,0.0,,6.9989486045507885,1.1913437579071429,0.0,0.0,0.0,1094.4807692307693,0.0,22.671,1094.4807692307693,1094.4807692307693,0.0,1094.4807692307693,0.0,0.0,0.0,0.0
26,1981.0,0.0,Pertussis,All,1094.4807692307693,0.0,0.0,,6.9989486045507885,1.1913437579071429,0.0,0.0,0.0,1094.4807692307693,0.0,22.671,1094.4807692307693,1094.4807692307693,0.0,1094.4807692307693,0.0,0.0,0.0,0.0
27,1981.0,0.0,Pertussis,All,1094.4807692307693,0.0,0.0,,6.9989486045507885,1.1913437579071429,0.0,0.0,0.0,1094.4807692307693,0.0,22.671,1094.4807692307693,1094.4807692307693,0.0,1094.4807692307693,0.0,0.0,0.0,0.0
28,1981.0,0.0,Pertussis,All,1094.4807692307693,0.0,0.0,,6.9989486045507885,1.1913437579071429,0.0,0.0,0.0,1094.4807692307693,0.0,22.671,1094.4807692307693,1094.4807692307693,0.0,1094.4807692307693,0.0,0.0,0.0,0.0
29,1981.0,0.0,Pertussis,All,1094.4807692307693,0.0,0.0,,6.9989486045507885,1.1913437579071429,0.0,0.0,0.0,1094.4807692307693,0.0,22.671,1094.4807692307693,1094.4807692307693,0.0,1094.4807692307693,0.0,0.0,0.0,0.0
30,1981.0,0.0,Pertussis,All,1094.4807692307693,0.0,0.0,,6.9989486045507885,1.1913437579071429,0.0,0.0,0.0,1094.4807692307693,0.0,22.671,1094.4807692307693,1094.4807692307693,0.0,1094.4807692307693,0.0,0.0,0.0,0.0
31,1981.0,0.0,Pertussis,All,1094.4807692307693,0.0,0.0,,6.9989486045507885,1.1913437579071429,0.0,0.0,0.0,1094.4807692307693,0.0,22.671,1094.4807692307693,1094.4807692307693,0.0,1094.4807692307693,0.0,0.0,0.0,0.0
32,1981.0,0.0,Pertussis,All,1094.4807692307693,0.0,0.0,,6.9989486045507885,1.1913437579071429,0.0,0.0,0.0,1094.4807692307693,0.0,22.671,1094.4807692307693,1094.4807692307693,0.0,1094.4807692307693,0.0,0.0,0.0,0.0
33,1981.0,0.0,Pertussis,All,1094.4807692307693,0.0,0.0,,6.9989486045507885,1.1913437579071429,0.0,0.0,0.0,1094.4807692307693,0.0,22.671,1094.4807692307693,1094.4807692307693,0.0,1094.4807692307693,0.0,0.0,0.0,0.0
34,1981.0,0.0,Pertussis,All,1094.4807692307693,0.0,0.0,,6.9989486045507885,1.1913437579071429,0.0,0.0,0.0,1094.4807692307693,0.0,22.671,1094.4807692307693,1094.4807692307693,0.0,1094.4807692307693,0.0,0.0,0.0,0.0
35,1981.0,0.0,Pertussis,All,1094.4807692307693,0.0,0.0,,6.9989486045507885,1.1913437579071429,0.0,0.0,0.0,1094.4807692307693,0.0,22.671,1094.4807692307693,1094.4807692307693,0.0,1094.4807692307693,0.0,0.0,0.0,0.0
36,1981.0,0.0,Pertussis,All,1094.4807692307693,0.0,0.0,,6.9989486045507885,1.1913437579071429,0.0,0.0,0.0,1094.4807692307693,0.0,22.671,1094.4807692307693,1094.4807692307693,0.0,1094.4807692307693,0.0,0.0,0.0,0.0
37,1981.0,0.0,Pertussis,All,1094.4807692307693,0.0,0.0,,6.9989486045507885,1.1913437579071429,0.0,0.0,0.0,1094.4807692307693,0.0,22.671,1094.4807692307693,1094.4807692307693,0.0,1094.4807692307693,0.0,0.0,0.0,0.0
38,1981.0,0.0,Pertussis,All,1094.4807692307693,0.0,0.0,,6.9989486045507885,1.1913437579071429,0.0,0.0,0.0,1094.4807692307693,0.0,22.671,1094.4807692307693,1094.4807692307693,0.0,1094.4807692307693,0.0,0.0,0.0,0.0
39,1981.0,0.0,Pertussis,All,1094.4807692307693,0.0,0.0,,6.9989486045507885,1.1913437579071429,0.0,0.0,0.0,1094.4807692307693,0.0,22.671,1094.4807692307693,1094.4807692307693,0.0,1094.4807692307693,0.0,0.0,0.0,0.0
40,1981.0,0.0,Pertussis,All,1094.4807692307693,0.0,0.0,,6.9989486045507885,1.1913437579071429,0.0,0.0,0.0,1094.4807692307693,0.0,22.671,1094.4807692307693,1094.4807692307693,0.0,1094.4807692307693,0.0,0.0,0.0,0.0
41,1981.0,0.0,Pertussis,All,1094.4807692307693,0.0,0.0,,6.9989486045507885,1.1913437579071429,0.0,0.0,0.0,1094.4807692307693,0.0,22.671,1094.4807692307693,1094.4807692307693,0.0,1094.4807692307693,0.0,0.0,0.0,0.0
42,1981.0,0.0,Pertussis,All,1094.4807692307693,0.0,0.0,,6.9989486045507885,1.1913437579071429,0.0,0.0,0.0,1094.4807692307693,0.0,22.671,1094.4807692307693,1094.4807692307693,0.0,1094.4807692307693,0.0,0.0,0.0,0.0
43,1981.0,0.0,Pertussis,All,1094.4807692307693,0.0,0.0,,6.9989486045507885,1.1913437579071429,0.0,0.0,0.0,1094.4807692307693,0.0,22.671,1094.4807692307693,1094.4807692307693,0.0,1094.4807692307693,0.0,0.0,0.0,0.0
44,1981.0,0.0,Pertussis,All,1094.4807692307693,0.0,0.0,,6.9989486045507885,1.1913437579071429,0.0,0.0,0.0,1094.4807692307693,0.0,22.671,1094.4807692307693,1094.4807692307693,0.0,1094.4807692307693,0.0,0.0,0.0,0.0
45,1981.0,0.0,Pertussis,All,1094.4807692307693,0.0,0.0,,6.9989486045507885,1.1913437579071429,0.0,0.0,0.0,1094.4807692307693,0.0,22.671,1094.4807692307693,1094.4807692307693,0.0,1094.4807692307693,0.0,0.0,0.0,0.0
46,1981.0,0.0,Pertussis,All,1094.4807692307693,0.0,0.0,,6.9989486045507885,1.1913437579071429,0.0,0.0,0.0,1094.4807692307693,0.0,22.671,1094.4807692307693,1094.4807692307693,0.0,1094.4807692307693,0.0,0.0,0.0,0.0
47,1981.0,0.0,Pertussis,All,1094.4807692307693,0.0,0.0,,6.9989486045507885,1.1913437579071429,0.0,0.0,0.0,1094.4807692307693,0.0,22.671,1094.4807692307693,1094.4807692307693,0.0,1094.4807692307693,0.0,0.0,0.0,0.0
48,1981.0,0.0,Pertussis,All,1094.4807692307693,0.0,0.0,,6.9989486045507885,1.1913437579071429,0.0,0.0,0.0,1094.4807692307693,0.0,22.671,1094.4807692307693,1094.4807692307693,0.0,1094.4807692307693,0.0,0.0,0.0,0.0
49,1981.0,0.0,Pertussis,All,1094.4807692307693,0.0,0.0,,6.9989486045507885,1.1913437579071429,0.0,0.0,0.0,1094.4807692307693,0.0,22.671,1094.4807692307693,1094.4807692307693,0.0,1094.4807692307693,0.0,0.0,0.0,0.0
50,1981.0,0.0,Pertussis,All,1094.4807692307693,0.0,0.0,,6.9989486045507885,1.1913437579071429,0.0,0.0,0.0,1094.4807692307693,0.0,22.671,1094.4807692307693,1094.4807692307693,0.0,1094.4807692307693,0.0,0.0,0.0,0.0
51,1981.0,0.0,Pertussis,All,1094.4807692307693,0.0,0.0,,6.9989486045507885,1.1913437579071429,0.0,0.0,0.0,1094.4807692307693,0.0,22.671,1094.4807692307693,1094.4807692307693,0.0,1094.4807692307693,0.0,0.0,0.0,0.0
52,1981.0,0.0,Pertussis,All,1094.4807692307693,0.0,0.0,,6.9989486045507885,1.1913437579071429,0.0,0.0,0.0,1094.4807692307693,0.0,22.671,1094.4807692307693,1094.4807692307693,0.0,1094.4807692307693,0.0,0.0,0.0,0.0
1,1982.0,0.0,Pertussis,All,1496.7307692307693,0.0,0.0,,7.3117064211091245,2.1529843313581245,0.0,0.0,0.0,1496.7307692307693,0.0,23.389,1094.4807692307693,1094.4807692307693,0.0,1195.0432692307693,201.12499999999983,0.0,0.36752587282343224,0.0
2,1982.0,0.0,Pertussis,All,1496.7307692307693,0.0,0.0,,7.3117064211091245,2.1529843313581245,0.0,0.0,0.0,1496.7307692307693,0.0,23.389,1496.7307692307693,1295.6057692307693,0.0,1295.6057692307693,232.23914578152684,0.0,0.0,0.0
3,1982.0,0.0,Pertussis,All,1496.7307692307693,0.0,0.0,,7.3117064211091245,2.1529843313581245,0.0,0.0,0.0,1496.7307692307693,0.0,23.389,1496.7307692307693,1496.7307692307693,0.0,1396.1682692307693,201.12499999999983,0.0,0.0,0.0
4,1982.0,0.0,Pertussis,All,1496.7307692307693,0.0,0.0,,7.3117064211091245,2.1529843313581245,0.0,0.0,0.0,1496.7307692307693,0.0,23.389,1496.7307692307693,1496.7307692307693,0.0,1496.7307692307693,0.0,0.0,0.0,0.0
5,1982.0,0.0,Pertussis,All,1496.7307692307693,0.0,0.0,,7.3117064211091245,2.1529843313581245,0.0,0.0,0.0,1496.7307692307693,0.0,23.389,1496.7307692307693,1496.7307692307693,0.0,1496.7307692307693,0.0,0.0,0.0,0.0
6,1982.0,0.0,Pertussis,All,1496.7307692307693,0.0,0.0,,7.3117064211091245,2.1529843313581245,0.0,0.0,0.0,1496.7307692307693,0.0,23.389,1496.7307692307693,1496.7307692307693,0.0,1496.7307692307693,0.0,0.0,0.0,0.0
7,1982.0,0.0,Pertussis,All,1496.7307692307693,0.0,0.0,,7.3117064211091245,2.1529843313581245,0.0,0.0,0.0,1496.7307692307693,0.0,23.389,1496.7307692307693,1496.7307692307693,0.0,1496.7307692307693,0.0,0.0,0.0,0.0
8,1982.0,0.0,Pertussis,All,1496.7307692307693,0.0,0.0,,7.3117064211091245,2.1529843313581245,0.0,0.0,0.0,1496.7307692307693,0.0,23.389,1496.7307692307693,1496.7307692307693,0.0,1496.7307692307693,0.0,0.0,0.0,0.0
9,1982.0,0.0,Pertussis,All,1496.7307692307693,0.0,0.0,,7.3117064211091245,2.1529843313581245,0.0,0.0,0.0,1496.7307692307693,0.0,23.389,1496.7307692307693,1496.7307692307693,0.0,1496.7307692307693,0.0,0.0,0.0,0.0
10,1982.0,0.0,Pertussis,All,1496.7307692307693,0.0,0.0,,7.3117064211091245,2.1529843313581245,0.0,0.0,0.0,1496.7307692307693,0.0,23.389,1496.7307692307693,1496.7307692307693,0.0,1496.7307692307693,0.0,0.0,0.0,0.0
11,1982.0,0.0,Pertussis,All,1496.7307692307693,0.0,0.0,,7.3117064211091245,2.1529843313581245,0.0,0.0,0.0,1496.7307692307693,0.0,23.389,1496.7307692307693,1496.7307692307693,0.0,1496.7307692307693,0.0,0.0,0.0,0.0
12,1982.0,0.0,Pertussis,All,1496.7307692307693,0.0,0.0,,7.3117064211091245,2.1529843313581245,0.0,0.0,0.0,1496.7307692307693,0.0,23.389,1496.7307692307693,1496.7307692307693,0.0,1496.7307692307693,0.0,0.0,0.0,0.0
13,1982.0,0.0,Pertussis,All,1496.7307692307693,0.0,0.0,,7.3117064211091245,2.1529843313581245,0.0,0.0,0.0,1496.7307692307693,0.0,23.389,1496.7307692307693,1496.7307692307693,0.0,1496.7307692307693,0.0,0.0,0.0,0.0
14,1982.0,0.0,Pertussis,All,1496.7307692307693,0.0,0.0,,7.3117064211091245,2.1529843313581245,0.0,0.0,0.0,1496.7307692307693,0.0,23.389,1496.7307692307693,1496.7307692307693,0.0,1496.7307692307693,0.0,0.0,0.0,0.0
15,1982.0,0.0,Pertussis,All,1496.7307692307693,0.0,0.0,,7.3117064211091245,2.1529843313581245,0.0,0.0,0.0,1496.7307692307693,0.0,23.389,1496.7307692307693,1496.7307692307693,0.0,1496.7307692307693,0.0,0.0,0.0,0.0
16,1982.0,0.0,Pertussis,All,1496.7307692307693,0.0,0.0,,7.3117064211091245,2.1529843313581245,0.0,0.0,0.0,1496.7307692307693,0.0,23.389,1496.7307692307693,1496.7307692307693,0.0,1496.7307692307693,0.0,0.0,0.0,0.0
17,1982.0,0.0,Pertussis,All,1496.7307692307693,0.0,0.0,,7.3117064211091245,2.1529843313581245,0.0,0.0,0.0,1496.7307692307693,0.0,23.389,1496.7307692307693,1496.7307692307693,0.0,1496.7307692307693,0.0,0.0,0.0,0.0
18,1982.0,0.0,Pertussis,All,1496.7307692307693,0.0,0.0,,7.3117064211091245,2.1529843313581245,0.0,0.0,0.0,1496.7307692307693,0.0,23.389,1496.7307692307693,1496.7307692307693,0.0,1496.7307692307693,0.0,0.0,0.0,0.0
19,1982.0,0.0,Pertussis,All,1496.7307692307693,0.0,0.0,,7.3117064211091245,2.1529843313581245,0.0,0.0,0.0,1496.7307692307693,0.0,23.389,1496.7307692307693,1496.7307692307693,0.0,1496.7307692307693,0.0,0.0,0.0,0.0
20,1982.0,0.0,Pertussis,All,1496.7307692307693,0.0,0.0,,7.3117064211091245,2.1529843313581245,0.0,0.0,0.0,1496.7307692307693,0.0,23.389,1496.7307692307693,1496.7307692307693,0.0,1496.7307692307693,0.0,0.0,0.0,0.0
21,1982.0,0.0,Pertussis,All,1496.7307692307693,0.0,0.0,,7.3117064211091245,2.1529843313581245,0.0,0.0,0.0,1496.7307692307693,0.0,23.389,1496.7307692307693,1496.7307692307693,0.0,1496.7307692307693,0.0,0.0,0.0,0.0
22,1982.0,0.0,Pertussis,All,1496.7307692307693,0.0,0.0,,7.3117064211091245,2.1529843313581245,0.0,0.0,0.0,1496.7307692307693,0.0,23.389,1496.7307692307693,1496.7307692307693,0.0,1496.7307692307693,0.0,0.0,0.0,0.0
23,1982.0,0.0,Pertussis,All,1496.7307692307693,0.0,0.0,,7.3117064211091245,2.1529843313581245,0.0,0.0,0.0,1496.7307692307693,0.0,23.389,1496.7307692307693,1496.7307692307693,0.0,1496.7307692307693,0.0,0.0,0.0,0.0
24,1982.0,0.0,Pertussis,All,1496.7307692307693,0.0,0.0,,7.3117064211091245,2.1529843313581245,0.0,0.0,0.0,1496.7307692307693,0.0,23.389,1496.7307692307693,1496.7307692307693,0.0,1496.7307692307693,0.0,0.0,0.0,0.0
25,1982.0,0.0,Pertussis,All,1496.7307692307693,0.0,0.0,,7.3117064211091245,2.1529843313581245,0.0,0.0,0.0,1496.7307692307693,0.0,23.389,1496.7307692307693,1496.7307692307693,0.0,1496.7307692307693,0.0,0.0,0.0,0.0
26,1982.0,0.0,Pertussis,All,1496.7307692307693,0.0,0.0,,7.3117064211091245,2.1529843313581245,0.0,0.0,0.0,1496.7307692307693,0.0,23.389,1496.7307692307693,1496.7307692307693,0.0,1496.7307692307693,0.0,0.0,0.0,0.0
27,1982.0,0.0,Pertussis,All,1496.7307692307693,0.0,0.0,,7.3117064211091245,2.1529843313581245,0.0,0.0,0.0,1496.7307692307693,0.0,23.389,1496.7307692307693,1496.7307692307693,0.0,1496.7307692307693,0.0,0.0,0.0,0.0
28,1982.0,0.0,Pertussis,All,1496.7307692307693,0.0,0.0,,7.3117064211091245,2.1529843313581245,0.0,0.0,0.0,1496.7307692307693,0.0,23.389,1496.7307692307693,1496.7307692307693,0.0,1496.7307692307693,0.0,0.0,0.0,0.0
29,1982.0,0.0,Pertussis,All,1496.7307692307693,0.0,0.0,,7.3117064211091245,2.1529843313581245,0.0,0.0,0.0,1496.7307692307693,0.0,23.389,1496.7307692307693,1496.7307692307693,0.0,1496.7307692307693,0.0,0.0,0.0,0.0
30,1982.0,0.0,Pertussis,All,1496.7307692307693,0.0,0.0,,7.3117064211091245,2.1529843313581245,0.0,0.0,0.0,1496.7307692307693,0.0,23.389,1496.7307692307693,1496.7307692307693,0.0,1496.7307692307693,0.0,0.0,0.0,0.0
31,1982.0,0.0,Pertussis,All,1496.7307692307693,0.0,0.0,,7.3117064211091245,2.1529843313581245,0.0,0.0,0.0,1496.7307692307693,0.0,23.389,1496.7307692307693,1496.7307692307693,0.0,1496.7307692307693,0.0,0.0,0.0,0.0
32,1982.0,0.0,Pertussis,All,1496.7307692307693,0.0,0.0,,7.3117064211091245,2.1529843313581245,0.0,0.0,0.0,1496.7307692307693,0.0,23.389,1496.7307692307693,1496.7307692307693,0.0,1496.7307692307693,0.0,0.0,0.0,0.0
33,1982.0,0.0,Pertussis,All,1496.7307692307693,0.0,0.0,,7.3117064211091245,2.1529843313581245,0.0,0.0,0.0,1496.7307692307693,0.0,23.389,1496.7307692307693,1496.7307692307693,0.0,1496.7307692307693,0.0,0.0,0.0,0.0
34,1982.0,0.0,Pertussis,All,1496.7307692307693,0.0,0.0,,7.3117064211091245,2.1529843313581245,0.0,0.0,0.0,1496.7307692307693,0.0,23.389,1496.7307692307693,1496.7307692307693,0.0,1496.7307692307693,0.0,0.0,0.0,0.0
35,1982.0,0.0,Pertussis,All,1496.7307692307693,0.0,0.0,,7.3117064211091245,2.1529843313581245,0.0,0.0,0.0,1496.7307692307693,0.0,23.389,1496.7307692307693,1496.7307692307693,0.0,1496.7307692307693,0.0,0.0,0.0,0.0
36,1982.0,0.0,Pertussis,All,1496.7307692307693,0.0,0.0,,7.3117064211091245,2.1529843313581245,0.0,0.0,0.0,1496.7307692307693,0.0,23.389,1496.7307692307693,1496.7307692307693,0.0,1496.7307692307693,0.0,0.0,0.0,0.0
37,1982.0,0.0,Pertussis,All,1496.7307692307693,0.0,0.0,,7.3117064211091245,2.1529843313581245,0.0,0.0,0.0,1496.7307692307693,0.0,23.389,1496.7307692307693,1496.7307692307693,0.0,1496.7307692307693,0.0,0.0,0.0,0.0
38,1982.0,0.0,Pertussis,All,1496.7307692307693,0.0,0.0,,7.3117064211091245,2.1529843313581245,0.0,0.0,0.0,1496.7307692307693,0.0,23.389,1496.7307692307693,1496.7307692307693,0.0,1496.7307692307693,0.0,0.0,0.0,0.0
39,1982.0,0.0,Pertussis,All,1496.7307692307693,0.0,0.0,,7.3117064211091245,2.1529843313581245,0.0,0.0,0.0,1496.7307692307693,0.0,23.389,1496.7307692307693,1496.7307692307693,0.0,1496.7307692307693,0.0,0.0,0.0,0.0
40,1982.0,0.0,Pertussis,All,1496.7307692307693,0.0,0.0,,7.3117064211091245,2.1529843313581245,0.0,0.0,0.0,1496.7307692307693,0.0,23.389,1496.7307692307693,1496.7307692307693,0.0,1496.7307692307693,0.0,0.0,0.0,0.0
41,1982.0,0.0,Pertussis,All,1496.7307692307693,0.0,0.0,,7.3117064211091245,2.1529843313581245,0.0,0.0,0.0,1496.7307692307693,0.0,23.389,1496.7307692307693,1496.7307692307693,0.0,1496.7307692307693,0.0,0.0,0.0,0.0
42,1982.0,0.0,Pertussis,All,1496.7307692307693,0.0,0.0,,7.3117064211091245,2.1529843313581245,0.0,0.0,0.0,1496.7307692307693,0.0,23.389,1496.7307692307693,1496.7307692307693,0.0,1496.7307692307693,0.0,0.0,0.0,0.0
43,1982.0,0.0,Pertussis,All,1496.7307692307693,0.0,0.0,,7.3117064211091245,2.1529843313581245,0.0,0.0,0.0,1496.7307692307693,0.0,23.389,1496.7307692307693,1496.7307692307693,0.0,1496.7307692307693,0.0,0.0,0.0,0.0
44,1982.0,0.0,Pertussis,All,1496.7307692307693,0.0,0.0,,7.3117064211091245,2.1529843313581245,0.0,0.0,0.0,1496.7307692307693,0.0,23.389,1496.7307692307693,1496.7307692307693,0.0,1496.7307692307693,0.0,0.0,0.0,0.0
45,1982.0,0.0,Pertussis,All,1496.7307692307693,0.0,0.0,,7.3117064211091245,2.1529843313581245,0.0,0.0,0.0,1496.7307692307693,0.0,23.389,1496.7307692307693,1496.7307692307693,0.0,1496.7307692307693,0.0,0.0,0.0,0.0
46,1982.0,0.0,Pertussis,All,1496.7307692307693,0.0,0.0,,7.3117064211091245,2.1529843313581245,0.0,0.0,0.0,1496.7307692307693,0.0,23.389,1496.7307692307693,1496.7307692307693,0.0,1496.7307692307693,0.0,0.0,0.0,0.0
47,1982.0,0.0,Pertussis,All,1496.7307692307693,0.0,0.0,,7.3117064211091245,2.1529843313581245,0.0,0.0,0.0,1496.7307692307693,0.0,23.389,1496.7307692307693,1496.7307692307693,0.0,1496.7307692307693,0.0,0.0,0.0,0.0
48,1982.0,0.0,Pertussis,All,1496.7307692307693,0.0,0.0,,7.3117064211091245,2.1529843313581245,0.0,0.0,0.0,1496.7307692307693,0.0,23.389,1496.7307692307693,1496.7307692307693,0.0,1496.7307692307693,0.0,0.0,0.0,0.0
49,1982.0,0.0,Pertussis,All,1496.7307692307693,0.0,0.0,,7.3117064211091245,2.1529843313581245,0.0,0.0,0.0,1496.7307692307693,0.0,23.389,1496.7307692307693,1496.7307692307693,0.0,1496.7307692307693,0.0,0.0,0.0,0.0
50,1982.0,0.0,Pertussis,All,1496.7307692307693,0.0,0.0,,7.3117064211091245,2.1529843313581245,0.0,0.0,0.0,1496.7307692307693,0.0,23.389,1496.7307692307693,1496.7307692307693,0.0,1496.7307692307693,0.0,0.0,0.0,0.0
51,1982.0,0.0,Pertussis,All,1496.7307692307693,0.0,0.0,,7.3117064211091245,2.1529843313581245,0.0,0.0,0.0,1496.7307692307693,0.0,23.389,1496.7307692307693,1496.7307692307693,0.0,1496.7307692307693,0.0,0.0,0.0,0.0
52,1982.0,0.0,Pertussis,All,1496.7307692307693,0.0,0.0,,7.3117064211091245,2.1529843313581245,0.0,0.0,0.0,1496.7307692307693,0.0,23.389,1496.7307692307693,1496.7307692307693,0.0,1496.7307692307693,0.0,0.0,0.0,0.0
1,1983.0,0.0,Pertussis,All,1346.6153846153843,0.0,0.0,,7.206091927774285,1.7941103859377305,0.0,0.0,0.0,1346.6153846153843,0.0,24.122,1496.7307692307693,1496.7307692307693,0.0,1459.201923076923,75.0576923076921,0.0,-0.1002955158679175,0.0
2,1983.0,0.0,Pertussis,All,1346.6153846153843,0.0,0.0,,7.206091927774285,1.7941103859377305,0.0,0.0,0.0,1346.6153846153843,0.0,24.122,1346.6153846153843,1421.6730769230767,0.0,1421.6730769230767,86.66915771719636,0.0,0.0,0.0
3,1983.0,0.0,Pertussis,All,1346.6153846153843,0.0,0.0,,7.206091927774285,1.7941103859377305,0.0,0.0,0.0,1346.6153846153843,0.0,24.122,1346.6153846153843,1346.6153846153843,0.0,1384.1442307692305,75.05769230769198,0.0,0.0,0.0
4,1983.0,0.0,Pertussis,All,1346.6153846153843,0.0,0.0,,7.206091927774285,1.7941103859377305,0.0,0.0,0.0,1346.6153846153843,0.0,24.122,1346.6153846153843,1346.6153846153843,0.0,1346.6153846153843,0.0,0.0,0.0,0.0
5,1983.0,0.0,Pertussis,All,1346.6153846153843,0.0,0.0,,7.206091927774285,1.7941103859377305,0.0,0.0,0.0,1346.6153846153843,0.0,24.122,1346.6153846153843,1346.6153846153843,0.0,1346.6153846153843,0.0,0.0,0.0,0.0
6,1983.0,0.0,Pertussis,All,1346.6153846153843,0.0,0.0,,7.206091927774285,1.7941103859377305,0.0,0.0,0.0,1346.6153846153843,0.0,24.122,1346.6153846153843,1346.6153846153843,0.0,1346.6153846153843,0.0,0.0,0.0,0.0
7,1983.0,0.0,Pertussis,All,1346.6153846153843,0.0,0.0,,7.206091927774285,1.7941103859377305,0.0,0.0,0.0,1346.6153846153843,0.0,24.122,1346.6153846153843,1346.6153846153843,0.0,1346.6153846153843,0.0,0.0,0.0,0.0
8,1983.0,0.0,Pertussis,All,1346.6153846153843,0.0,0.0,,7.206091927774285,1.7941103859377305,0.0,0.0,0.0,1346.6153846153843,0.0,24.122,1346.6153846153843,1346.6153846153843,0.0,1346.6153846153843,0.0,0.0,0.0,0.0
9,1983.0,0.0,Pertussis,All,1346.6153846153843,0.0,0.0,,7.206091927774285,1.7941103859377305,0.0,0.0,0.0,1346.6153846153843,0.0,24.122,1346.6153846153843,1346.6153846153843,0.0,1346.6153846153843,0.0,0.0,0.0,0.0
10,1983.0,0.0,Pertussis,All,1346.6153846153843,0.0,0.0,,7.206091927774285,1.7941103859377305,0.0,0.0,0.0,1346.6153846153843,0.0,24.122,1346.6153846153843,1346.6153846153843,0.0,1346.6153846153843,0.0,0.0,0.0,0.0
11,1983.0,0.0,Pertussis,All,1346.6153846153843,0.0,0.0,,7.206091927774285,1.7941103859377305,0.0,0.0,0.0,1346.6153846153843,0.0,24.122,1346.6153846153843,1346.6153846153843,0.0,1346.6153846153843,0.0,0.0,0.0,0.0
12,1983.0,0.0,Pertussis,All,1346.6153846153843,0.0,0.0,,7.206091927774285,1.7941103859377305,0.0,0.0,0.0,1346.6153846153843,0.0,24.122,1346.6153846153843,1346.6153846153843,0.0,1346.6153846153843,0.0,0.0,0.0,0.0
13,1983.0,0.0,Pertussis,All,1346.6153846153843,0.0,0.0,,7.206091927774285,1.7941103859377305,0.0,0.0,0.0,1346.6153846153843,0.0,24.122,1346.6153846153843,1346.6153846153843,0.0,1346.6153846153843,0.0,0.0,0.0,0.0
14,1983.0,0.0,Pertussis,All,1346.6153846153843,0.0,0.0,,7.206091927774285,1.7941103859377305,0.0,0.0,0.0,1346.6153846153843,0.0,24.122,1346.6153846153843,1346.6153846153843,0.0,1346.6153846153843,0.0,0.0,0.0,0.0
15,1983.0,0.0,Pertussis,All,1346.6153846153843,0.0,0.0,,7.206091927774285,1.7941103859377305,0.0,0.0,0.0,1346.6153846153843,0.0,24.122,1346.6153846153843,1346.6153846153843,0.0,1346.6153846153843,0.0,0.0,0.0,0.0
16,1983.0,0.0,Pertussis,All,1346.6153846153843,0.0,0.0,,7.206091927774285,1.7941103859377305,0.0,0.0,0.0,1346.6153846153843,0.0,24.122,1346.6153846153843,1346.6153846153843,0.0,1346.6153846153843,0.0,0.0,0.0,0.0
17,1983.0,0.0,Pertussis,All,1346.6153846153843,0.0,0.0,,7.206091927774285,1.7941103859377305,0.0,0.0,0.0,1346.6153846153843,0.0,24.122,1346.6153846153843,1346.6153846153843,0.0,1346.6153846153843,0.0,0.0,0.0,0.0
18,1983.0,0.0,Pertussis,All,1346.6153846153843,0.0,0.0,,7.206091927774285,1.7941103859377305,0.0,0.0,0.0,1346.6153846153843,0.0,24.122,1346.6153846153843,1346.6153846153843,0.0,1346.6153846153843,0.0,0.0,0.0,0.0
19,1983.0,0.0,Pertussis,All,1346.6153846153843,0.0,0.0,,7.206091927774285,1.7941103859377305,0.0,0.0,0.0,1346.6153846153843,0.0,24.122,1346.6153846153843,1346.6153846153843,0.0,1346.6153846153843,0.0,0.0,0.0,0.0
20,1983.0,0.0,Pertussis,All,1346.6153846153843,0.0,0.0,,7.206091927774285,1.7941103859377305,0.0,0.0,0.0,1346.6153846153843,0.0,24.122,1346.6153846153843,1346.6153846153843,0.0,1346.6153846153843,0.0,0.0,0.0,0.0
21,1983.0,0.0,Pertussis,All,1346.6153846153843,0.0,0.0,,7.206091927774285,1.7941103859377305,0.0,0.0,0.0,1346.6153846153843,0.0,24.122,1346.6153846153843,1346.6153846153843,0.0,1346.6153846153843,0.0,0.0,0.0,0.0
22,1983.0,0.0,Pertussis,All,1346.6153846153843,0.0,0.0,,7.206091927774285,1.7941103859377305,0.0,0.0,0.0,1346.6153846153843,0.0,24.122,1346.6153846153843,1346.6153846153843,0.0,1346.6153846153843,0.0,0.0,0.0,0.0
23,1983.0,0.0,Pertussis,All,1346.6153846153843,0.0,0.0,,7.206091927774285,1.7941103859377305,0.0,0.0,0.0,1346.6153846153843,0.0,24.122,1346.6153846153843,1346.6153846153843,0.0,1346.6153846153843,0.0,0.0,0.0,0.0
24,1983.0,0.0,Pertussis,All,1346.6153846153843,0.0,0.0,,7.206091927774285,1.7941103859377305,0.0,0.0,0.0,1346.6153846153843,0.0,24.122,1346.6153846153843,1346.6153846153843,0.0,1346.6153846153843,0.0,0.0,0.0,0.0
25,1983.0,0.0,Pertussis,All,1346.6153846153843,0.0,0.0,,7.206091927774285,1.7941103859377305,0.0,0.0,0.0,1346.6153846153843,0.0,24.122,1346.6153846153843,1346.6153846153843,0.0,1346.6153846153843,0.0,0.0,0.0,0.0
26,1983.0,0.0,Pertussis,All,1346.6153846153843,0.0,0.0,,7.206091927774285,1.7941103859377305,0.0,0.0,0.0,1346.6153846153843,0.0,24.122,1346.6153846153843,1346.6153846153843,0.0,1346.6153846153843,0.0,0.0,0.0,0.0
27,1983.0,0.0,Pertussis,All,1346.6153846153843,0.0,0.0,,7.206091927774285,1.7941103859377305,0.0,0.0,0.0,1346.6153846153843,0.0,24.122,1346.6153846153843,1346.6153846153843,0.0,1346.6153846153843,0.0,0.0,0.0,0.0
28,1983.0,0.0,Pertussis,All,1346.6153846153843,0.0,0.0,,7.206091927774285,1.7941103859377305,0.0,0.0,0.0,1346.6153846153843,0.0,24.122,1346.6153846153843,1346.6153846153843,0.0,1346.6153846153843,0.0,0.0,0.0,0.0
29,1983.0,0.0,Pertussis,All,1346.6153846153843,0.0,0.0,,7.206091927774285,1.7941103859377305,0.0,0.0,0.0,1346.6153846153843,0.0,24.122,1346.6153846153843,1346.6153846153843,0.0,1346.6153846153843,0.0,0.0,0.0,0.0
30,1983.0,0.0,Pertussis,All,1346.6153846153843,0.0,0.0,,7.206091927774285,1.7941103859377305,0.0,0.0,0.0,1346.6153846153843,0.0,24.122,1346.6153846153843,1346.6153846153843,0.0,1346.6153846153843,0.0,0.0,0.0,0.0
31,1983.0,0.0,Pertussis,All,1346.6153846153843,0.0,0.0,,7.206091927774285,1.7941103859377305,0.0,0.0,0.0,1346.6153846153843,0.0,24.122,1346.6153846153843,1346.6153846153843,0.0,1346.6153846153843,0.0,0.0,0.0,0.0
32,1983.0,0.0,Pertussis,All,1346.6153846153843,0.0,0.0,,7.206091927774285,1.7941103859377305,0.0,0.0,0.0,1346.6153846153843,0.0,24.122,1346.6153846153843,1346.6153846153843,0.0,1346.6153846153843,0.0,0.0,0.0,0.0
33,1983.0,0.0,Pertussis,All,1346.6153846153843,0.0,0.0,,7.206091927774285,1.7941103859377305,0.0,0.0,0.0,1346.6153846153843,0.0,24.122,1346.6153846153843,1346.6153846153843,0.0,1346.6153846153843,0.0,0.0,0.0,0.0
34,1983.0,0.0,Pertussis,All,1346.6153846153843,0.0,0.0,,7.206091927774285,1.7941103859377305,0.0,0.0,0.0,1346.6153846153843,0.0,24.122,1346.6153846153843,1346.6153846153843,0.0,1346.6153846153843,0.0,0.0,0.0,0.0
35,1983.0,0.0,Pertussis,All,1346.6153846153843,0.0,0.0,,7.206091927774285,1.7941103859377305,0.0,0.0,0.0,1346.6153846153843,0.0,24.122,1346.6153846153843,1346.6153846153843,0.0,1346.6153846153843,0.0,0.0,0.0,0.0
36,1983.0,0.0,Pertussis,All,1346.6153846153843,0.0,0.0,,7.206091927774285,1.7941103859377305,0.0,0.0,0.0,1346.6153846153843,0.0,24.122,1346.6153846153843,1346.6153846153843,0.0,1346.6153846153843,0.0,0.0,0.0,0.0
37,1983.0,0.0,Pertussis,All,1346.6153846153843,0.0,0.0,,7.206091927774285,1.7941103859377305,0.0,0.0,0.0,1346.6153846153843,0.0,24.122,1346.6153846153843,1346.6153846153843,0.0,1346.6153846153843,0.0,0.0,0.0,0.0
38,1983.0,0.0,Pertussis,All,1346.6153846153843,0.0,0.0,,7.206091927774285,1.7941103859377305,0.0,0.0,0.0,1346.6153846153843,0.0,24.122,1346.6153846153843,1346.6153846153843,0.0,1346.6153846153843,0.0,0.0,0.0,0.0
39,1983.0,0.0,Pertussis,All,1346.6153846153843,0.0,0.0,,7.206091927774285,1.7941103859377305,0.0,0.0,0.0,1346.6153846153843,0.0,24.122,1346.6153846153843,1346.6153846153843,0.0,1346.6153846153843,0.0,0.0,0.0,0.0
40,1983.0,0.0,Pertussis,All,1346.6153846153843,0.0,0.0,,7.206091927774285,1.7941103859377305,0.0,0.0,0.0,1346.6153846153843,0.0,24.122,1346.6153846153843,1346.6153846153843,0.0,1346.6153846153843,0.0,0.0,0.0,0.0
41,1983.0,0.0,Pertussis,All,1346.6153846153843,0.0,0.0,,7.206091927774285,1.7941103859377305,0.0,0.0,0.0,1346.6153846153843,0.0,24.122,1346.6153846153843,1346.6153846153843,0.0,1346.6153846153843,0.0,0.0,0.0,0.0
42,1983.0,0.0,Pertussis,All,1346.6153846153843,0.0,0.0,,7.206091927774285,1.7941103859377305,0.0,0.0,0.0,1346.6153846153843,0.0,24.122,1346.6153846153843,1346.6153846153843,0.0,1346.6153846153843,0.0,0.0,0.0,0.0
43,1983.0,0.0,Pertussis,All,1346.6153846153843,0.0,0.0,,7.206091927774285,1.7941103859377305,0.0,0.0,0.0,1346.6153846153843,0.0,24.122,1346.6153846153843,1346.6153846153843,0.0,1346.6153846153843,0.0,0.0,0.0,0.0
44,1983.0,0.0,Pertussis,All,1346.6153846153843,0.0,0.0,,7.206091927774285,1.7941103859377305,0.0,0.0,0.0,1346.6153846153843,0.0,24.122,1346.6153846153843,1346.6153846153843,0.0,1346.6153846153843,0.0,0.0,0.0,0.0
45,1983.0,0.0,Pertussis,All,1346.6153846153843,0.0,0.0,,7.206091927774285,1.7941103859377305,0.0,0.0,0.0,1346.6153846153843,0.0,24.122,1346.6153846153843,1346.6153846153843,0.0,1346.6153846153843,0.0,0.0,0.0,0.0
46,1983.0,0.0,Pertussis,All,1346.6153846153843,0.0,0.0,,7.206091927774285,1.7941103859377305,0.0,0.0,0.0,1346.6153846153843,0.0,24.122,1346.6153846153843,1346.6153846153843,0.0,1346.6153846153843,0.0,0.0,0.0,0.0
47,1983.0,0.0,Pertussis,All,1346.6153846153843,0.0,0.0,,7.206091927774285,1.7941103859377305,0.0,0.0,0.0,1346.6153846153843,0.0,24.122,1346.6153846153843,1346.6153846153843,0.0,1346.6153846153843,0.0,0.0,0.0,0.0
48,1983.0,0.0,Pertussis,All,1346.6153846153843,0.0,0.0,,7.206091927774285,1.7941103859377305,0.0,0.0,0.0,1346.6153846153843,0.0,24.122,1346.6153846153843,1346.6153846153843,0.0,1346.6153846153843,0.0,0.0,0.0,0.0
49,1983.0,0.0,Pertussis,All,1346.6153846153843,0.0,0.0,,7.206091927774285,1.7941103859377305,0.0,0.0,0.0,1346.6153846153843,0.0,24.122,1346.6153846153843,1346.6153846153843,0.0,1346.6153846153843,0.0,0.0,0.0,0.0
50,1983.0,0.0,Pertussis,All,1346.6153846153843,0.0,0.0,,7.206091927774285,1.7941103859377305,0.0,0.0,0.0,1346.6153846153843,0.0,24.122,1346.6153846153843,1346.6153846153843,0.0,1346.6153846153843,0.0,0.0,0.0,0.0
51,1983.0,0.0,Pertussis,All,1346.6153846153843,0.0,0.0,,7.206091927774285,1.7941103859377305,0.0,0.0,0.0,1346.6153846153843,0.0,24.122,1346.6153846153843,1346.6153846153843,0.0,1346.6153846153843,0.0,0.0,0.0,0.0
52,1983.0,0.0,Pertussis,All,1346.6153846153843,0.0,0.0,,7.206091927774285,1.7941103859377305,0.0,0.0,0.0,1346.6153846153843,0.0,24.122,1346.6153846153843,1346.6153846153843,0.0,1346.6153846153843,0.0,0.0,0.0,0.0
1,1984.0,0.0,Pertussis,All,1206.75,0.0,0.0,,7.096514403434516,1.4597406440670524,0.0,0.0,0.0,1206.75,0.0,24.872,1346.6153846153843,1346.6153846153843,0.0,1311.649038461538,69.93269230769154,0.0,-0.10386438935222189,0.0
2,1984.0,0.0,Pertussis,All,1206.75,0.0,0.0,,7.096514403434516,1.4597406440670524,0.0,0.0,0.0,1206.75,0.0,24.872,1206.75,1276.6826923076922,0.0,1276.6826923076922,80.75131745800205,0.0,0.0,0.0
3,1984.0,0.0,Pertussis,All,1206.75,0.0,0.0,,7.096514403434516,1.4597406440670524,0.0,0.0,0.0,1206.75,0.0,24.872,1206.75,1206.75,0.0,1241.7163461538462,69.93269230769127,0.0,0.0,0.0
4,1984.0,0.0,Pertussis,All,1206.75,0.0,0.0,,7.096514403434516,1.4597406440670524,0.0,0.0,0.0,1206.75,0.0,24.872,1206.75,1206.75,0.0,1206.75,0.0,0.0,0.0,0.0
5,1984.0,0.0,Pertussis,All,1206.75,0.0,0.0,,7.096514403434516,1.4597406440670524,0.0,0.0,0.0,1206.75,0.0,24.872,1206.75,1206.75,0.0,1206.75,0.0,0.0,0.0,0.0
6,1984.0,0.0,Pertussis,All,1206.75,0.0,0.0,,7.096514403434516,1.4597406440670524,0.0,0.0,0.0,1206.75,0.0,24.872,1206.75,1206.75,0.0,1206.75,0.0,0.0,0.0,0.0
7,1984.0,0.0,Pertussis,All,1206.75,0.0,0.0,,7.096514403434516,1.4597406440670524,0.0,0.0,0.0,1206.75,0.0,24.872,1206.75,1206.75,0.0,1206.75,0.0,0.0,0.0,0.0
8,1984.0,0.0,Pertussis,All,1206.75,0.0,0.0,,7.096514403434516,1.4597406440670524,0.0,0.0,0.0,1206.75,0.0,24.872,1206.75,1206.75,0.0,1206.75,0.0,0.0,0.0,0.0
9,1984.0,0.0,Pertussis,All,1206.75,0.0,0.0,,7.096514403434516,1.4597406440670524,0.0,0.0,0.0,1206.75,0.0,24.872,1206.75,1206.75,0.0,1206.75,0.0,0.0,0.0,0.0
10,1984.0,0.0,Pertussis,All,1206.75,0.0,0.0,,7.096514403434516,1.4597406440670524,0.0,0.0,0.0,1206.75,0.0,24.872,1206.75,1206.75,0.0,1206.75,0.0,0.0,0.0,0.0
11,1984.0,0.0,Pertussis,All,1206.75,0.0,0.0,,7.096514403434516,1.4597406440670524,0.0,0.0,0.0,1206.75,0.0,24.872,1206.75,1206.75,0.0,1206.75,0.0,0.0,0.0,0.0
12,1984.0,0.0,Pertussis,All,1206.75,0.0,0.0,,7.096514403434516,1.4597406440670524,0.0,0.0,0.0,1206.75,0.0,24.872,1206.75,1206.75,0.0,1206.75,0.0,0.0,0.0,0.0
13,1984.0,0.0,Pertussis,All,1206.75,0.0,0.0,,7.096514403434516,1.4597406440670524,0.0,0.0,0.0,1206.75,0.0,24.872,1206.75,1206.75,0.0,1206.75,0.0,0.0,0.0,0.0
14,1984.0,0.0,Pertussis,All,1206.75,0.0,0.0,,7.096514403434516,1.4597406440670524,0.0,0.0,0.0,1206.75,0.0,24.872,1206.75,1206.75,0.0,1206.75,0.0,0.0,0.0,0.0
15,1984.0,0.0,Pertussis,All,1206.75,0.0,0.0,,7.096514403434516,1.4597406440670524,0.0,0.0,0.0,1206.75,0.0,24.872,1206.75,1206.75,0.0,1206.75,0.0,0.0,0.0,0.0
16,1984.0,0.0,Pertussis,All,1206.75,0.0,0.0,,7.096514403434516,1.4597406440670524,0.0,0.0,0.0,1206.75,0.0,24.872,1206.75,1206.75,0.0,1206.75,0.0,0.0,0.0,0.0
17,1984.0,0.0,Pertussis,All,1206.75,0.0,0.0,,7.096514403434516,1.4597406440670524,0.0,0.0,0.0,1206.75,0.0,24.872,1206.75,1206.75,0.0,1206.75,0.0,0.0,0.0,0.0
18,1984.0,0.0,Pertussis,All,1206.75,0.0,0.0,,7.096514403434516,1.4597406440670524,0.0,0.0,0.0,1206.75,0.0,24.872,1206.75,1206.75,0.0,1206.75,0.0,0.0,0.0,0.0
19,1984.0,0.0,Pertussis,All,1206.75,0.0,0.0,,7.096514403434516,1.4597406440670524,0.0,0.0,0.0,1206.75,0.0,24.872,1206.75,1206.75,0.0,1206.75,0.0,0.0,0.0,0.0
20,1984.0,0.0,Pertussis,All,1206.75,0.0,0.0,,7.096514403434516,1.4597406440670524,0.0,0.0,0.0,1206.75,0.0,24.872,1206.75,1206.75,0.0,1206.75,0.0,0.0,0.0,0.0
21,1984.0,0.0,Pertussis,All,1206.75,0.0,0.0,,7.096514403434516,1.4597406440670524,0.0,0.0,0.0,1206.75,0.0,24.872,1206.75,1206.75,0.0,1206.75,0.0,0.0,0.0,0.0
22,1984.0,0.0,Pertussis,All,1206.75,0.0,0.0,,7.096514403434516,1.4597406440670524,0.0,0.0,0.0,1206.75,0.0,24.872,1206.75,1206.75,0.0,1206.75,0.0,0.0,0.0,0.0
23,1984.0,0.0,Pertussis,All,1206.75,0.0,0.0,,7.096514403434516,1.4597406440670524,0.0,0.0,0.0,1206.75,0.0,24.872,1206.75,1206.75,0.0,1206.75,0.0,0.0,0.0,0.0
24,1984.0,0.0,Pertussis,All,1206.75,0.0,0.0,,7.096514403434516,1.4597406440670524,0.0,0.0,0.0,1206.75,0.0,24.872,1206.75,1206.75,0.0,1206.75,0.0,0.0,0.0,0.0
25,1984.0,0.0,Pertussis,All,1206.75,0.0,0.0,,7.096514403434516,1.4597406440670524,0.0,0.0,0.0,1206.75,0.0,24.872,1206.75,1206.75,0.0,1206.75,0.0,0.0,0.0,0.0
26,1984.0,0.0,Pertussis,All,1206.75,0.0,0.0,,7.096514403434516,1.4597406440670524,0.0,0.0,0.0,1206.75,0.0,24.872,1206.75,1206.75,0.0,1206.75,0.0,0.0,0.0,0.0
27,1984.0,0.0,Pertussis,All,1206.75,0.0,0.0,,7.096514403434516,1.4597406440670524,0.0,0.0,0.0,1206.75,0.0,24.872,1206.75,1206.75,0.0,1206.75,0.0,0.0,0.0,0.0
28,1984.0,0.0,Pertussis,All,1206.75,0.0,0.0,,7.096514403434516,1.4597406440670524,0.0,0.0,0.0,1206.75,0.0,24.872,1206.75,1206.75,0.0,1206.75,0.0,0.0,0.0,0.0
29,1984.0,0.0,Pertussis,All,1206.75,0.0,0.0,,7.096514403434516,1.4597406440670524,0.0,0.0,0.0,1206.75,0.0,24.872,1206.75,1206.75,0.0,1206.75,0.0,0.0,0.0,0.0
30,1984.0,0.0,Pertussis,All,1206.75,0.0,0.0,,7.096514403434516,1.4597406440670524,0.0,0.0,0.0,1206.75,0.0,24.872,1206.75,1206.75,0.0,1206.75,0.0,0.0,0.0,0.0
31,1984.0,0.0,Pertussis,All,1206.75,0.0,0.0,,7.096514403434516,1.4597406440670524,0.0,0.0,0.0,1206.75,0.0,24.872,1206.75,1206.75,0.0,1206.75,0.0,0.0,0.0,0.0
32,1984.0,0.0,Pertussis,All,1206.75,0.0,0.0,,7.096514403434516,1.4597406440670524,0.0,0.0,0.0,1206.75,0.0,24.872,1206.75,1206.75,0.0,1206.75,0.0,0.0,0.0,0.0
33,1984.0,0.0,Pertussis,All,1206.75,0.0,0.0,,7.096514403434516,1.4597406440670524,0.0,0.0,0.0,1206.75,0.0,24.872,1206.75,1206.75,0.0,1206.75,0.0,0.0,0.0,0.0
34,1984.0,0.0,Pertussis,All,1206.75,0.0,0.0,,7.096514403434516,1.4597406440670524,0.0,0.0,0.0,1206.75,0.0,24.872,1206.75,1206.75,0.0,1206.75,0.0,0.0,0.0,0.0
35,1984.0,0.0,Pertussis,All,1206.75,0.0,0.0,,7.096514403434516,1.4597406440670524,0.0,0.0,0.0,1206.75,0.0,24.872,1206.75,1206.75,0.0,1206.75,0.0,0.0,0.0,0.0
36,1984.0,0.0,Pertussis,All,1206.75,0.0,0.0,,7.096514403434516,1.4597406440670524,0.0,0.0,0.0,1206.75,0.0,24.872,1206.75,1206.75,0.0,1206.75,0.0,0.0,0.0,0.0
37,1984.0,0.0,Pertussis,All,1206.75,0.0,0.0,,7.096514403434516,1.4597406440670524,0.0,0.0,0.0,1206.75,0.0,24.872,1206.75,1206.75,0.0,1206.75,0.0,0.0,0.0,0.0
38,1984.0,0.0,Pertussis,All,1206.75,0.0,0.0,,7.096514403434516,1.4597406440670524,0.0,0.0,0.0,1206.75,0.0,24.872,1206.75,1206.75,0.0,1206.75,0.0,0.0,0.0,0.0
39,1984.0,0.0,Pertussis,All,1206.75,0.0,0.0,,7.096514403434516,1.4597406440670524,0.0,0.0,0.0,1206.75,0.0,24.872,1206.75,1206.75,0.0,1206.75,0.0,0.0,0.0,0.0
40,1984.0,0.0,Pertussis,All,1206.75,0.0,0.0,,7.096514403434516,1.4597406440670524,0.0,0.0,0.0,1206.75,0.0,24.872,1206.75,1206.75,0.0,1206.75,0.0,0.0,0.0,0.0
41,1984.0,0.0,Pertussis,All,1206.75,0.0,0.0,,7.096514403434516,1.4597406440670524,0.0,0.0,0.0,1206.75,0.0,24.872,1206.75,1206.75,0.0,1206.75,0.0,0.0,0.0,0.0
42,1984.0,0.0,Pertussis,All,1206.75,0.0,0.0,,7.096514403434516,1.4597406440670524,0.0,0.0,0.0,1206.75,0.0,24.872,1206.75,1206.75,0.0,1206.75,0.0,0.0,0.0,0.0
43,1984.0,0.0,Pertussis,All,1206.75,0.0,0.0,,7.096514403434516,1.4597406440670524,0.0,0.0,0.0,1206.75,0.0,24.872,1206.75,1206.75,0.0,1206.75,0.0,0.0,0.0,0.0
44,1984.0,0.0,Pertussis,All,1206.75,0.0,0.0,,7.096514403434516,1.4597406440670524,0.0,0.0,0.0,1206.75,0.0,24.872,1206.75,1206.75,0.0,1206.75,0.0,0.0,0.0,0.0
45,1984.0,0.0,Pertussis,All,1206.75,0.0,0.0,,7.096514403434516,1.4597406440670524,0.0,0.0,0.0,1206.75,0.0,24.872,1206.75,1206.75,0.0,1206.75,0.0,0.0,0.0,0.0
46,1984.0,0.0,Pertussis,All,1206.75,0.0,0.0,,7.096514403434516,1.4597406440670524,0.0,0.0,0.0,1206.75,0.0,24.872,1206.75,1206.75,0.0,1206.75,0.0,0.0,0.0,0.0
47,1984.0,0.0,Pertussis,All,1206.75,0.0,0.0,,7.096514403434516,1.4597406440670524,0.0,0.0,0.0,1206.75,0.0,24.872,1206.75,1206.75,0.0,1206.75,0.0,0.0,0.0,0.0
48,1984.0,0.0,Pertussis,All,1206.75,0.0,0.0,,7.096514403434516,1.4597406440670524,0.0,0.0,0.0,1206.75,0.0,24.872,1206.75,1206.75,0.0,1206.75,0.0,0.0,0.0,0.0
49,1984.0,0.0,Pertussis,All,1206.75,0.0,0.0,,7.096514403434516,1.4597406440670524,0.0,0.0,0.0,1206.75,0.0,24.872,1206.75,1206.75,0.0,1206.75,0.0,0.0,0.0,0.0
50,1984.0,0.0,Pertussis,All,1206.75,0.0,0.0,,7.096514403434516,1.4597406440670524,0.0,0.0,0.0,1206.75,0.0,24.872,1206.75,1206.75,0.0,1206.75,0.0,0.0,0.0,0.0
51,1984.0,0.0,Pertussis,All,1206.75,0.0,0.0,,7.096514403434516,1.4597406440670524,0.0,0.0,0.0,1206.75,0.0,24.872,1206.75,1206.75,0.0,1206.75,0.0,0.0,0.0,0.0
52,1984.0,0.0,Pertussis,All,1206.75,0.0,0.0,,7.096514403434516,1.4597406440670524,0.0,0.0,0.0,1206.75,0.0,24.872,1206.75,1206.75,0.0,1206.75,0.0,0.0,0.0,0.0
1,1985.0,0.0,Pertussis,All,1774.3461538461538,0.0,0.0,,7.481750699147673,2.816666662396914,0.0,0.0,0.0,1774.3461538461538,0.0,25.635,1206.75,1206.75,0.0,1348.6490384615386,283.798076923077,0.0,0.47035107010246846,0.0
2,1985.0,0.0,Pertussis,All,1774.3461538461538,0.0,0.0,,7.481750699147673,2.816666662396914,0.0,0.0,0.0,1774.3461538461538,0.0,25.635,1774.3461538461538,1490.548076923077,0.0,1490.548076923077,327.7017922140736,0.0,0.0,0.0
3,1985.0,0.0,Pertussis,All,1774.3461538461538,0.0,0.0,,7.481750699147673,2.816666662396914,0.0,0.0,0.0,1774.3461538461538,0.0,25.635,1774.3461538461538,1774.3461538461538,0.0,1632.4471153846152,283.79807692307793,0.0,0.0,0.0
4,1985.0,0.0,Pertussis,All,1774.3461538461538,0.0,0.0,,7.481750699147673,2.816666662396914,0.0,0.0,0.0,1774.3461538461538,0.0,25.635,1774.3461538461538,1774.3461538461538,0.0,1774.3461538461538,0.0,0.0,0.0,0.0
5,1985.0,0.0,Pertussis,All,1774.3461538461538,0.0,0.0,,7.481750699147673,2.816666662396914,0.0,0.0,0.0,1774.3461538461538,0.0,25.635,1774.3461538461538,1774.3461538461538,0.0,1774.3461538461538,0.0,0.0,0.0,0.0
6,1985.0,0.0,Pertussis,All,1774.3461538461538,0.0,0.0,,7.481750699147673,2.816666662396914,0.0,0.0,0.0,1774.3461538461538,0.0,25.635,1774.3461538461538,1774.3461538461538,0.0,1774.3461538461538,0.0,0.0,0.0,0.0
7,1985.0,0.0,Pertussis,All,1774.3461538461538,0.0,0.0,,7.481750699147673,2.816666662396914,0.0,0.0,0.0,1774.3461538461538,0.0,25.635,1774.3461538461538,1774.3461538461538,0.0,1774.3461538461538,0.0,0.0,0.0,0.0
8,1985.0,0.0,Pertussis,All,1774.3461538461538,0.0,0.0,,7.481750699147673,2.816666662396914,0.0,0.0,0.0,1774.3461538461538,0.0,25.635,1774.3461538461538,1774.3461538461538,0.0,1774.3461538461538,0.0,0.0,0.0,0.0
9,1985.0,0.0,Pertussis,All,1774.3461538461538,0.0,0.0,,7.481750699147673,2.816666662396914,0.0,0.0,0.0,1774.3461538461538,0.0,25.635,1774.3461538461538,1774.3461538461538,0.0,1774.3461538461538,0.0,0.0,0.0,0.0
10,1985.0,0.0,Pertussis,All,1774.3461538461538,0.0,0.0,,7.481750699147673,2.816666662396914,0.0,0.0,0.0,1774.3461538461538,0.0,25.635,1774.3461538461538,1774.3461538461538,0.0,1774.3461538461538,0.0,0.0,0.0,0.0
11,1985.0,0.0,Pertussis,All,1774.3461538461538,0.0,0.0,,7.481750699147673,2.816666662396914,0.0,0.0,0.0,1774.3461538461538,0.0,25.635,1774.3461538461538,1774.3461538461538,0.0,1774.3461538461538,0.0,0.0,0.0,0.0
12,1985.0,0.0,Pertussis,All,1774.3461538461538,0.0,0.0,,7.481750699147673,2.816666662396914,0.0,0.0,0.0,1774.3461538461538,0.0,25.635,1774.3461538461538,1774.3461538461538,0.0,1774.3461538461538,0.0,0.0,0.0,0.0
13,1985.0,0.0,Pertussis,All,1774.3461538461538,0.0,0.0,,7.481750699147673,2.816666662396914,0.0,0.0,0.0,1774.3461538461538,0.0,25.635,1774.3461538461538,1774.3461538461538,0.0,1774.3461538461538,0.0,0.0,0.0,0.0
14,1985.0,0.0,Pertussis,All,1774.3461538461538,0.0,0.0,,7.481750699147673,2.816666662396914,0.0,0.0,0.0,1774.3461538461538,0.0,25.635,1774.3461538461538,1774.3461538461538,0.0,1774.3461538461538,0.0,0.0,0.0,0.0
15,1985.0,0.0,Pertussis,All,1774.3461538461538,0.0,0.0,,7.481750699147673,2.816666662396914,0.0,0.0,0.0,1774.3461538461538,0.0,25.635,1774.3461538461538,1774.3461538461538,0.0,1774.3461538461538,0.0,0.0,0.0,0.0
16,1985.0,0.0,Pertussis,All,1774.3461538461538,0.0,0.0,,7.481750699147673,2.816666662396914,0.0,0.0,0.0,1774.3461538461538,0.0,25.635,1774.3461538461538,1774.3461538461538,0.0,1774.3461538461538,0.0,0.0,0.0,0.0
17,1985.0,0.0,Pertussis,All,1774.3461538461538,0.0,0.0,,7.481750699147673,2.816666662396914,0.0,0.0,0.0,1774.3461538461538,0.0,25.635,1774.3461538461538,1774.3461538461538,0.0,1774.3461538461538,0.0,0.0,0.0,0.0
18,1985.0,0.0,Pertussis,All,1774.3461538461538,0.0,0.0,,7.481750699147673,2.816666662396914,0.0,0.0,0.0,1774.3461538461538,0.0,25.635,1774.3461538461538,1774.3461538461538,0.0,1774.3461538461538,0.0,0.0,0.0,0.0
19,1985.0,0.0,Pertussis,All,1774.3461538461538,0.0,0.0,,7.481750699147673,2.816666662396914,0.0,0.0,0.0,1774.3461538461538,0.0,25.635,1774.3461538461538,1774.3461538461538,0.0,1774.3461538461538,0.0,0.0,0.0,0.0
20,1985.0,0.0,Pertussis,All,1774.3461538461538,0.0,0.0,,7.481750699147673,2.816666662396914,0.0,0.0,0.0,1774.3461538461538,0.0,25.635,1774.3461538461538,1774.3461538461538,0.0,1774.3461538461538,0.0,0.0,0.0,0.0
21,1985.0,0.0,Pertussis,All,1774.3461538461538,0.0,0.0,,7.481750699147673,2.816666662396914,0.0,0.0,0.0,1774.3461538461538,0.0,25.635,1774.3461538461538,1774.3461538461538,0.0,1774.3461538461538,0.0,0.0,0.0,0.0
22,1985.0,0.0,Pertussis,All,1774.3461538461538,0.0,0.0,,7.481750699147673,2.816666662396914,0.0,0.0,0.0,1774.3461538461538,0.0,25.635,1774.3461538461538,1774.3461538461538,0.0,1774.3461538461538,0.0,0.0,0.0,0.0
23,1985.0,0.0,Pertussis,All,1774.3461538461538,0.0,0.0,,7.481750699147673,2.816666662396914,0.0,0.0,0.0,1774.3461538461538,0.0,25.635,1774.3461538461538,1774.3461538461538,0.0,1774.3461538461538,0.0,0.0,0.0,0.0
24,1985.0,0.0,Pertussis,All,1774.3461538461538,0.0,0.0,,7.481750699147673,2.816666662396914,0.0,0.0,0.0,1774.3461538461538,0.0,25.635,1774.3461538461538,1774.3461538461538,0.0,1774.3461538461538,0.0,0.0,0.0,0.0
25,1985.0,0.0,Pertussis,All,1774.3461538461538,0.0,0.0,,7.481750699147673,2.816666662396914,0.0,0.0,0.0,1774.3461538461538,0.0,25.635,1774.3461538461538,1774.3461538461538,0.0,1774.3461538461538,0.0,0.0,0.0,0.0
26,1985.0,0.0,Pertussis,All,1774.3461538461538,0.0,0.0,,7.481750699147673,2.816666662396914,0.0,0.0,0.0,1774.3461538461538,0.0,25.635,1774.3461538461538,1774.3461538461538,0.0,1774.3461538461538,0.0,0.0,0.0,0.0
27,1985.0,0.0,Pertussis,All,1774.3461538461538,0.0,0.0,,7.481750699147673,2.816666662396914,0.0,0.0,0.0,1774.3461538461538,0.0,25.635,1774.3461538461538,1774.3461538461538,0.0,1774.3461538461538,0.0,0.0,0.0,0.0
28,1985.0,0.0,Pertussis,All,1774.3461538461538,0.0,0.0,,7.481750699147673,2.816666662396914,0.0,0.0,0.0,1774.3461538461538,0.0,25.635,1774.3461538461538,1774.3461538461538,0.0,1774.3461538461538,0.0,0.0,0.0,0.0
29,1985.0,0.0,Pertussis,All,1774.3461538461538,0.0,0.0,,7.481750699147673,2.816666662396914,0.0,0.0,0.0,1774.3461538461538,0.0,25.635,1774.3461538461538,1774.3461538461538,0.0,1774.3461538461538,0.0,0.0,0.0,0.0
30,1985.0,0.0,Pertussis,All,1774.3461538461538,0.0,0.0,,7.481750699147673,2.816666662396914,0.0,0.0,0.0,1774.3461538461538,0.0,25.635,1774.3461538461538,1774.3461538461538,0.0,1774.3461538461538,0.0,0.0,0.0,0.0
31,1985.0,0.0,Pertussis,All,1774.3461538461538,0.0,0.0,,7.481750699147673,2.816666662396914,0.0,0.0,0.0,1774.3461538461538,0.0,25.635,1774.3461538461538,1774.3461538461538,0.0,1774.3461538461538,0.0,0.0,0.0,0.0
32,1985.0,0.0,Pertussis,All,1774.3461538461538,0.0,0.0,,7.481750699147673,2.816666662396914,0.0,0.0,0.0,1774.3461538461538,0.0,25.635,1774.3461538461538,1774.3461538461538,0.0,1774.3461538461538,0.0,0.0,0.0,0.0
33,1985.0,0.0,Pertussis,All,1774.3461538461538,0.0,0.0,,7.481750699147673,2.816666662396914,0.0,0.0,0.0,1774.3461538461538,0.0,25.635,1774.3461538461538,1774.3461538461538,0.0,1774.3461538461538,0.0,0.0,0.0,0.0
34,1985.0,0.0,Pertussis,All,1774.3461538461538,0.0,0.0,,7.481750699147673,2.816666662396914,0.0,0.0,0.0,1774.3461538461538,0.0,25.635,1774.3461538461538,1774.3461538461538,0.0,1774.3461538461538,0.0,0.0,0.0,0.0
35,1985.0,0.0,Pertussis,All,1774.3461538461538,0.0,0.0,,7.481750699147673,2.816666662396914,0.0,0.0,0.0,1774.3461538461538,0.0,25.635,1774.3461538461538,1774.3461538461538,0.0,1774.3461538461538,0.0,0.0,0.0,0.0
36,1985.0,0.0,Pertussis,All,1774.3461538461538,0.0,0.0,,7.481750699147673,2.816666662396914,0.0,0.0,0.0,1774.3461538461538,0.0,25.635,1774.3461538461538,1774.3461538461538,0.0,1774.3461538461538,0.0,0.0,0.0,0.0
37,1985.0,0.0,Pertussis,All,1774.3461538461538,0.0,0.0,,7.481750699147673,2.816666662396914,0.0,0.0,0.0,1774.3461538461538,0.0,25.635,1774.3461538461538,1774.3461538461538,0.0,1774.3461538461538,0.0,0.0,0.0,0.0
38,1985.0,0.0,Pertussis,All,1774.3461538461538,0.0,0.0,,7.481750699147673,2.816666662396914,0.0,0.0,0.0,1774.3461538461538,0.0,25.635,1774.3461538461538,1774.3461538461538,0.0,1774.3461538461538,0.0,0.0,0.0,0.0
39,1985.0,0.0,Pertussis,All,1774.3461538461538,0.0,0.0,,7.481750699147673,2.816666662396914,0.0,0.0,0.0,1774.3461538461538,0.0,25.635,1774.3461538461538,1774.3461538461538,0.0,1774.3461538461538,0.0,0.0,0.0,0.0
40,1985.0,0.0,Pertussis,All,1774.3461538461538,0.0,0.0,,7.481750699147673,2.816666662396914,0.0,0.0,0.0,1774.3461538461538,0.0,25.635,1774.3461538461538,1774.3461538461538,0.0,1774.3461538461538,0.0,0.0,0.0,0.0
41,1985.0,0.0,Pertussis,All,1774.3461538461538,0.0,0.0,,7.481750699147673,2.816666662396914,0.0,0.0,0.0,1774.3461538461538,0.0,25.635,1774.3461538461538,1774.3461538461538,0.0,1774.3461538461538,0.0,0.0,0.0,0.0
42,1985.0,0.0,Pertussis,All,1774.3461538461538,0.0,0.0,,7.481750699147673,2.816666662396914,0.0,0.0,0.0,1774.3461538461538,0.0,25.635,1774.3461538461538,1774.3461538461538,0.0,1774.3461538461538,0.0,0.0,0.0,0.0
43,1985.0,0.0,Pertussis,All,1774.3461538461538,0.0,0.0,,7.481750699147673,2.816666662396914,0.0,0.0,0.0,1774.3461538461538,0.0,25.635,1774.3461538461538,1774.3461538461538,0.0,1774.3461538461538,0.0,0.0,0.0,0.0
44,1985.0,0.0,Pertussis,All,1774.3461538461538,0.0,0.0,,7.481750699147673,2.816666662396914,0.0,0.0,0.0,1774.3461538461538,0.0,25.635,1774.3461538461538,1774.3461538461538,0.0,1774.3461538461538,0.0,0.0,0.0,0.0
45,1985.0,0.0,Pertussis,All,1774.3461538461538,0.0,0.0,,7.481750699147673,2.816666662396914,0.0,0.0,0.0,1774.3461538461538,0.0,25.635,1774.3461538461538,1774.3461538461538,0.0,1774.3461538461538,0.0,0.0,0.0,0.0
46,1985.0,0.0,Pertussis,All,1774.3461538461538,0.0,0.0,,7.481750699147673,2.816666662396914,0.0,0.0,0.0,1774.3461538461538,0.0,25.635,1774.3461538461538,1774.3461538461538,0.0,1774.3461538461538,0.0,0.0,0.0,0.0
47,1985.0,0.0,Pertussis,All,1774.3461538461538,0.0,0.0,,7.481750699147673,2.816666662396914,0.0,0.0,0.0,1774.3461538461538,0.0,25.635,1774.3461538461538,1774.3461538461538,0.0,1774.3461538461538,0.0,0.0,0.0,0.0
48,1985.0,0.0,Pertussis,All,1774.3461538461538,0.0,0.0,,7.481750699147673,2.816666662396914,0.0,0.0,0.0,1774.3461538461538,0.0,25.635,1774.3461538461538,1774.3461538461538,0.0,1774.3461538461538,0.0,0.0,0.0,0.0
49,1985.0,0.0,Pertussis,All,1774.3461538461538,0.0,0.0,,7.481750699147673,2.816666662396914,0.0,0.0,0.0,1774.3461538461538,0.0,25.635,1774.3461538461538,1774.3461538461538,0.0,1774.3461538461538,0.0,0.0,0.0,0.0
50,1985.0,0.0,Pertussis,All,1774.3461538461538,0.0,0.0,,7.481750699147673,2.816666662396914,0.0,0.0,0.0,1774.3461538461538,0.0,25.635,1774.3461538461538,1774.3461538461538,0.0,1774.3461538461538,0.0,0.0,0.0,0.0
51,1985.0,0.0,Pertussis,All,1774.3461538461538,0.0,0.0,,7.481750699147673,2.816666662396914,0.0,0.0,0.0,1774.3461538461538,0.0,25.635,1774.3461538461538,1774.3461538461538,0.0,1774.3461538461538,0.0,0.0,0.0,0.0
52,1985.0,0.0,Pertussis,All,1774.3461538461538,0.0,0.0,,7.481750699147673,2.816666662396914,0.0,0.0,0.0,1774.3461538461538,0.0,25.635,1774.3461538461538,1774.3461538461538,0.0,1774.3461538461538,0.0,0.0,0.0,0.0
1,1986.0,0.0,Pertussis,All,811.4038461538462,0.0,0.0,,6.699997564005518,0.5146047780726327,0.0,0.0,0.0,811.4038461538462,0.0,26.414,1774.3461538461538,1774.3461538461538,0.0,1533.6105769230767,481.47115384615415,0.0,-0.5427026206836755,0.0
2,1986.0,0.0,Pertussis,All,811.4038461538462,0.0,0.0,,6.699997564005518,0.5146047780726327,0.0,0.0,0.0,811.4038461538462,0.0,26.414,811.4038461538462,1292.875,0.0,1292.875,555.955000560233,0.0,0.0,0.0
3,1986.0,0.0,Pertussis,All,811.4038461538462,0.0,0.0,,6.699997564005518,0.5146047780726327,0.0,0.0,0.0,811.4038461538462,0.0,26.414,811.4038461538462,811.4038461538462,0.0,1052.139423076923,481.4711538461529,0.0,0.0,0.0
4,1986.0,0.0,Pertussis,All,811.4038461538462,0.0,0.0,,6.699997564005518,0.5146047780726327,0.0,0.0,0.0,811.4038461538462,0.0,26.414,811.4038461538462,811.4038461538462,0.0,811.4038461538462,0.0,0.0,0.0,0.0
5,1986.0,0.0,Pertussis,All,811.4038461538462,0.0,0.0,,6.699997564005518,0.5146047780726327,0.0,0.0,0.0,811.4038461538462,0.0,26.414,811.4038461538462,811.4038461538462,0.0,811.4038461538462,0.0,0.0,0.0,0.0
6,1986.0,0.0,Pertussis,All,811.4038461538462,0.0,0.0,,6.699997564005518,0.5146047780726327,0.0,0.0,0.0,811.4038461538462,0.0,26.414,811.4038461538462,811.4038461538462,0.0,811.4038461538462,0.0,0.0,0.0,0.0
7,1986.0,0.0,Pertussis,All,811.4038461538462,0.0,0.0,,6.699997564005518,0.5146047780726327,0.0,0.0,0.0,811.4038461538462,0.0,26.414,811.4038461538462,811.4038461538462,0.0,811.4038461538462,0.0,0.0,0.0,0.0
8,1986.0,0.0,Pertussis,All,811.4038461538462,0.0,0.0,,6.699997564005518,0.5146047780726327,0.0,0.0,0.0,811.4038461538462,0.0,26.414,811.4038461538462,811.4038461538462,0.0,811.4038461538462,0.0,0.0,0.0,0.0
9,1986.0,0.0,Pertussis,All,811.4038461538462,0.0,0.0,,6.699997564005518,0.5146047780726327,0.0,0.0,0.0,811.4038461538462,0.0,26.414,811.4038461538462,811.4038461538462,0.0,811.4038461538462,0.0,0.0,0.0,0.0
10,1986.0,0.0,Pertussis,All,811.4038461538462,0.0,0.0,,6.699997564005518,0.5146047780726327,0.0,0.0,0.0,811.4038461538462,0.0,26.414,811.4038461538462,811.4038461538462,0.0,811.4038461538462,0.0,0.0,0.0,0.0
11,1986.0,0.0,Pertussis,All,811.4038461538462,0.0,0.0,,6.699997564005518,0.5146047780726327,0.0,0.0,0.0,811.4038461538462,0.0,26.414,811.4038461538462,811.4038461538462,0.0,811.4038461538462,0.0,0.0,0.0,0.0
12,1986.0,0.0,Pertussis,All,811.4038461538462,0.0,0.0,,6.699997564005518,0.5146047780726327,0.0,0.0,0.0,811.4038461538462,0.0,26.414,811.4038461538462,811.4038461538462,0.0,811.4038461538462,0.0,0.0,0.0,0.0
13,1986.0,0.0,Pertussis,All,811.4038461538462,0.0,0.0,,6.699997564005518,0.5146047780726327,0.0,0.0,0.0,811.4038461538462,0.0,26.414,811.4038461538462,811.4038461538462,0.0,811.4038461538462,0.0,0.0,0.0,0.0
14,1986.0,0.0,Pertussis,All,811.4038461538462,0.0,0.0,,6.699997564005518,0.5146047780726327,0.0,0.0,0.0,811.4038461538462,0.0,26.414,811.4038461538462,811.4038461538462,0.0,811.4038461538462,0.0,0.0,0.0,0.0
15,1986.0,0.0,Pertussis,All,811.4038461538462,0.0,0.0,,6.699997564005518,0.5146047780726327,0.0,0.0,0.0,811.4038461538462,0.0,26.414,811.4038461538462,811.4038461538462,0.0,811.4038461538462,0.0,0.0,0.0,0.0
16,1986.0,0.0,Pertussis,All,811.4038461538462,0.0,0.0,,6.699997564005518,0.5146047780726327,0.0,0.0,0.0,811.4038461538462,0.0,26.414,811.4038461538462,811.4038461538462,0.0,811.4038461538462,0.0,0.0,0.0,0.0
17,1986.0,0.0,Pertussis,All,811.4038461538462,0.0,0.0,,6.699997564005518,0.5146047780726327,0.0,0.0,0.0,811.4038461538462,0.0,26.414,811.4038461538462,811.4038461538462,0.0,811.4038461538462,0.0,0.0,0.0,0.0
18,1986.0,0.0,Pertussis,All,811.4038461538462,0.0,0.0,,6.699997564005518,0.5146047780726327,0.0,0.0,0.0,811.4038461538462,0.0,26.414,811.4038461538462,811.4038461538462,0.0,811.4038461538462,0.0,0.0,0.0,0.0
19,1986.0,0.0,Pertussis,All,811.4038461538462,0.0,0.0,,6.699997564005518,0.5146047780726327,0.0,0.0,0.0,811.4038461538462,0.0,26.414,811.4038461538462,811.4038461538462,0.0,811.4038461538462,0.0,0.0,0.0,0.0
20,1986.0,0.0,Pertussis,All,811.4038461538462,0.0,0.0,,6.699997564005518,0.5146047780726327,0.0,0.0,0.0,811.4038461538462,0.0,26.414,811.4038461538462,811.4038461538462,0.0,811.4038461538462,0.0,0.0,0.0,0.0
21,1986.0,0.0,Pertussis,All,811.4038461538462,0.0,0.0,,6.699997564005518,0.5146047780726327,0.0,0.0,0.0,811.4038461538462,0.0,26.414,811.4038461538462,811.4038461538462,0.0,811.4038461538462,0.0,0.0,0.0,0.0
22,1986.0,0.0,Pertussis,All,811.4038461538462,0.0,0.0,,6.699997564005518,0.5146047780726327,0.0,0.0,0.0,811.4038461538462,0.0,26.414,811.4038461538462,811.4038461538462,0.0,811.4038461538462,0.0,0.0,0.0,0.0
23,1986.0,0.0,Pertussis,All,811.4038461538462,0.0,0.0,,6.699997564005518,0.5146047780726327,0.0,0.0,0.0,811.4038461538462,0.0,26.414,811.4038461538462,811.4038461538462,0.0,811.4038461538462,0.0,0.0,0.0,0.0
24,1986.0,0.0,Pertussis,All,811.4038461538462,0.0,0.0,,6.699997564005518,0.5146047780726327,0.0,0.0,0.0,811.4038461538462,0.0,26.414,811.4038461538462,811.4038461538462,0.0,811.4038461538462,0.0,0.0,0.0,0.0
25,1986.0,0.0,Pertussis,All,811.4038461538462,0.0,0.0,,6.699997564005518,0.5146047780726327,0.0,0.0,0.0,811.4038461538462,0.0,26.414,811.4038461538462,811.4038461538462,0.0,811.4038461538462,0.0,0.0,0.0,0.0
26,1986.0,0.0,Pertussis,All,811.4038461538462,0.0,0.0,,6.699997564005518,0.5146047780726327,0.0,0.0,0.0,811.4038461538462,0.0,26.414,811.4038461538462,811.4038461538462,0.0,811.4038461538462,0.0,0.0,0.0,0.0
27,1986.0,0.0,Pertussis,All,811.4038461538462,0.0,0.0,,6.699997564005518,0.5146047780726327,0.0,0.0,0.0,811.4038461538462,0.0,26.414,811.4038461538462,811.4038461538462,0.0,811.4038461538462,0.0,0.0,0.0,0.0
28,1986.0,0.0,Pertussis,All,811.4038461538462,0.0,0.0,,6.699997564005518,0.5146047780726327,0.0,0.0,0.0,811.4038461538462,0.0,26.414,811.4038461538462,811.4038461538462,0.0,811.4038461538462,0.0,0.0,0.0,0.0
29,1986.0,0.0,Pertussis,All,811.4038461538462,0.0,0.0,,6.699997564005518,0.5146047780726327,0.0,0.0,0.0,811.4038461538462,0.0,26.414,811.4038461538462,811.4038461538462,0.0,811.4038461538462,0.0,0.0,0.0,0.0
30,1986.0,0.0,Pertussis,All,811.4038461538462,0.0,0.0,,6.699997564005518,0.5146047780726327,0.0,0.0,0.0,811.4038461538462,0.0,26.414,811.4038461538462,811.4038461538462,0.0,811.4038461538462,0.0,0.0,0.0,0.0
31,1986.0,0.0,Pertussis,All,811.4038461538462,0.0,0.0,,6.699997564005518,0.5146047780726327,0.0,0.0,0.0,811.4038461538462,0.0,26.414,811.4038461538462,811.4038461538462,0.0,811.4038461538462,0.0,0.0,0.0,0.0
32,1986.0,0.0,Pertussis,All,811.4038461538462,0.0,0.0,,6.699997564005518,0.5146047780726327,0.0,0.0,0.0,811.4038461538462,0.0,26.414,811.4038461538462,811.4038461538462,0.0,811.4038461538462,0.0,0.0,0.0,0.0
33,1986.0,0.0,Pertussis,All,811.4038461538462,0.0,0.0,,6.699997564005518,0.5146047780726327,0.0,0.0,0.0,811.4038461538462,0.0,26.414,811.4038461538462,811.4038461538462,0.0,811.4038461538462,0.0,0.0,0.0,0.0
34,1986.0,0.0,Pertussis,All,811.4038461538462,0.0,0.0,,6.699997564005518,0.5146047780726327,0.0,0.0,0.0,811.4038461538462,0.0,26.414,811.4038461538462,811.4038461538462,0.0,811.4038461538462,0.0,0.0,0.0,0.0
35,1986.0,0.0,Pertussis,All,811.4038461538462,0.0,0.0,,6.699997564005518,0.5146047780726327,0.0,0.0,0.0,811.4038461538462,0.0,26.414,811.4038461538462,811.4038461538462,0.0,811.4038461538462,0.0,0.0,0.0,0.0
36,1986.0,0.0,Pertussis,All,811.4038461538462,0.0,0.0,,6.699997564005518,0.5146047780726327,0.0,0.0,0.0,811.4038461538462,0.0,26.414,811.4038461538462,811.4038461538462,0.0,811.4038461538462,0.0,0.0,0.0,0.0
37,1986.0,0.0,Pertussis,All,811.4038461538462,0.0,0.0,,6.699997564005518,0.5146047780726327,0.0,0.0,0.0,811.4038461538462,0.0,26.414,811.4038461538462,811.4038461538462,0.0,811.4038461538462,0.0,0.0,0.0,0.0
38,1986.0,0.0,Pertussis,All,811.4038461538462,0.0,0.0,,6.699997564005518,0.5146047780726327,0.0,0.0,0.0,811.4038461538462,0.0,26.414,811.4038461538462,811.4038461538462,0.0,811.4038461538462,0.0,0.0,0.0,0.0
39,1986.0,0.0,Pertussis,All,811.4038461538462,0.0,0.0,,6.699997564005518,0.5146047780726327,0.0,0.0,0.0,811.4038461538462,0.0,26.414,811.4038461538462,811.4038461538462,0.0,811.4038461538462,0.0,0.0,0.0,0.0
40,1986.0,0.0,Pertussis,All,811.4038461538462,0.0,0.0,,6.699997564005518,0.5146047780726327,0.0,0.0,0.0,811.4038461538462,0.0,26.414,811.4038461538462,811.4038461538462,0.0,811.4038461538462,0.0,0.0,0.0,0.0
41,1986.0,0.0,Pertussis,All,811.4038461538462,0.0,0.0,,6.699997564005518,0.5146047780726327,0.0,0.0,0.0,811.4038461538462,0.0,26.414,811.4038461538462,811.4038461538462,0.0,811.4038461538462,0.0,0.0,0.0,0.0
42,1986.0,0.0,Pertussis,All,811.4038461538462,0.0,0.0,,6.699997564005518,0.5146047780726327,0.0,0.0,0.0,811.4038461538462,0.0,26.414,811.4038461538462,811.4038461538462,0.0,811.4038461538462,0.0,0.0,0.0,0.0
43,1986.0,0.0,Pertussis,All,811.4038461538462,0.0,0.0,,6.699997564005518,0.5146047780726327,0.0,0.0,0.0,811.4038461538462,0.0,26.414,811.4038461538462,811.4038461538462,0.0,811.4038461538462,0.0,0.0,0.0,0.0
44,1986.0,0.0,Pertussis,All,811.4038461538462,0.0,0.0,,6.699997564005518,0.5146047780726327,0.0,0.0,0.0,811.4038461538462,0.0,26.414,811.4038461538462,811.4038461538462,0.0,811.4038461538462,0.0,0.0,0.0,0.0
45,1986.0,0.0,Pertussis,All,811.4038461538462,0.0,0.0,,6.699997564005518,0.5146047780726327,0.0,0.0,0.0,811.4038461538462,0.0,26.414,811.4038461538462,811.4038461538462,0.0,811.4038461538462,0.0,0.0,0.0,0.0
46,1986.0,0.0,Pertussis,All,811.4038461538462,0.0,0.0,,6.699997564005518,0.5146047780726327,0.0,0.0,0.0,811.4038461538462,0.0,26.414,811.4038461538462,811.4038461538462,0.0,811.4038461538462,0.0,0.0,0.0,0.0
47,1986.0,0.0,Pertussis,All,811.4038461538462,0.0,0.0,,6.699997564005518,0.5146047780726327,0.0,0.0,0.0,811.4038461538462,0.0,26.414,811.4038461538462,811.4038461538462,0.0,811.4038461538462,0.0,0.0,0.0,0.0
48,1986.0,0.0,Pertussis,All,811.4038461538462,0.0,0.0,,6.699997564005518,0.5146047780726327,0.0,0.0,0.0,811.4038461538462,0.0,26.414,811.4038461538462,811.4038461538462,0.0,811.4038461538462,0.0,0.0,0.0,0.0
49,1986.0,0.0,Pertussis,All,811.4038461538462,0.0,0.0,,6.699997564005518,0.5146047780726327,0.0,0.0,0.0,811.4038461538462,0.0,26.414,811.4038461538462,811.4038461538462,0.0,811.4038461538462,0.0,0.0,0.0,0.0
50,1986.0,0.0,Pertussis,All,811.4038461538462,0.0,0.0,,6.699997564005518,0.5146047780726327,0.0,0.0,0.0,811.4038461538462,0.0,26.414,811.4038461538462,811.4038461538462,0.0,811.4038461538462,0.0,0.0,0.0,0.0
51,1986.0,0.0,Pertussis,All,811.4038461538462,0.0,0.0,,6.699997564005518,0.5146047780726327,0.0,0.0,0.0,811.4038461538462,0.0,26.414,811.4038461538462,811.4038461538462,0.0,811.4038461538462,0.0,0.0,0.0,0.0
52,1986.0,0.0,Pertussis,All,811.4038461538462,0.0,0.0,,6.699997564005518,0.5146047780726327,0.0,0.0,0.0,811.4038461538462,0.0,26.414,811.4038461538462,811.4038461538462,0.0,811.4038461538462,0.0,0.0,0.0,0.0
1,1987.0,0.0,Pertussis,All,986.8461538461538,0.0,0.0,,6.8955269708924565,0.9340266335774041,0.0,0.0,0.0,986.8461538461538,0.0,27.209,811.4038461538462,811.4038461538462,0.0,855.2644230769231,87.72115384614624,0.0,0.21622070011613292,0.0
2,1987.0,0.0,Pertussis,All,986.8461538461538,0.0,0.0,,6.8955269708924565,0.9340266335774041,0.0,0.0,0.0,986.8461538461538,0.0,27.209,986.8461538461538,899.125,0.0,899.125,101.29166357339692,0.0,0.0,0.0
3,1987.0,0.0,Pertussis,All,986.8461538461538,0.0,0.0,,6.8955269708924565,0.9340266335774041,0.0,0.0,0.0,986.8461538461538,0.0,27.209,986.8461538461538,986.8461538461538,0.0,942.9855769230769,87.72115384614744,0.0,0.0,0.0
4,1987.0,0.0,Pertussis,All,986.8461538461538,0.0,0.0,,6.8955269708924565,0.9340266335774041,0.0,0.0,0.0,986.8461538461538,0.0,27.209,986.8461538461538,986.8461538461538,0.0,986.8461538461538,0.0,0.0,0.0,0.0
5,1987.0,0.0,Pertussis,All,986.8461538461538,0.0,0.0,,6.8955269708924565,0.9340266335774041,0.0,0.0,0.0,986.8461538461538,0.0,27.209,986.8461538461538,986.8461538461538,0.0,986.8461538461538,0.0,0.0,0.0,0.0
6,1987.0,0.0,Pertussis,All,986.8461538461538,0.0,0.0,,6.8955269708924565,0.9340266335774041,0.0,0.0,0.0,986.8461538461538,0.0,27.209,986.8461538461538,986.8461538461538,0.0,986.8461538461538,0.0,0.0,0.0,0.0
7,1987.0,0.0,Pertussis,All,986.8461538461538,0.0,0.0,,6.8955269708924565,0.9340266335774041,0.0,0.0,0.0,986.8461538461538,0.0,27.209,986.8461538461538,986.8461538461538,0.0,986.8461538461538,0.0,0.0,0.0,0.0
8,1987.0,0.0,Pertussis,All,986.8461538461538,0.0,0.0,,6.8955269708924565,0.9340266335774041,0.0,0.0,0.0,986.8461538461538,0.0,27.209,986.8461538461538,986.8461538461538,0.0,986.8461538461538,0.0,0.0,0.0,0.0
9,1987.0,0.0,Pertussis,All,986.8461538461538,0.0,0.0,,6.8955269708924565,0.9340266335774041,0.0,0.0,0.0,986.8461538461538,0.0,27.209,986.8461538461538,986.8461538461538,0.0,986.8461538461538,0.0,0.0,0.0,0.0
10,1987.0,0.0,Pertussis,All,986.8461538461538,0.0,0.0,,6.8955269708924565,0.9340266335774041,0.0,0.0,0.0,986.8461538461538,0.0,27.209,986.8461538461538,986.8461538461538,0.0,986.8461538461538,0.0,0.0,0.0,0.0
11,1987.0,0.0,Pertussis,All,986.8461538461538,0.0,0.0,,6.8955269708924565,0.9340266335774041,0.0,0.0,0.0,986.8461538461538,0.0,27.209,986.8461538461538,986.8461538461538,0.0,986.8461538461538,0.0,0.0,0.0,0.0
12,1987.0,0.0,Pertussis,All,986.8461538461538,0.0,0.0,,6.8955269708924565,0.9340266335774041,0.0,0.0,0.0,986.8461538461538,0.0,27.209,986.8461538461538,986.8461538461538,0.0,986.8461538461538,0.0,0.0,0.0,0.0
13,1987.0,0.0,Pertussis,All,986.8461538461538,0.0,0.0,,6.8955269708924565,0.9340266335774041,0.0,0.0,0.0,986.8461538461538,0.0,27.209,986.8461538461538,986.8461538461538,0.0,986.8461538461538,0.0,0.0,0.0,0.0
14,1987.0,0.0,Pertussis,All,986.8461538461538,0.0,0.0,,6.8955269708924565,0.9340266335774041,0.0,0.0,0.0,986.8461538461538,0.0,27.209,986.8461538461538,986.8461538461538,0.0,986.8461538461538,0.0,0.0,0.0,0.0
15,1987.0,0.0,Pertussis,All,986.8461538461538,0.0,0.0,,6.8955269708924565,0.9340266335774041,0.0,0.0,0.0,986.8461538461538,0.0,27.209,986.8461538461538,986.8461538461538,0.0,986.8461538461538,0.0,0.0,0.0,0.0
16,1987.0,0.0,Pertussis,All,986.8461538461538,0.0,0.0,,6.8955269708924565,0.9340266335774041,0.0,0.0,0.0,986.8461538461538,0.0,27.209,986.8461538461538,986.8461538461538,0.0,986.8461538461538,0.0,0.0,0.0,0.0
17,1987.0,0.0,Pertussis,All,986.8461538461538,0.0,0.0,,6.8955269708924565,0.9340266335774041,0.0,0.0,0.0,986.8461538461538,0.0,27.209,986.8461538461538,986.8461538461538,0.0,986.8461538461538,0.0,0.0,0.0,0.0
18,1987.0,0.0,Pertussis,All,986.8461538461538,0.0,0.0,,6.8955269708924565,0.9340266335774041,0.0,0.0,0.0,986.8461538461538,0.0,27.209,986.8461538461538,986.8461538461538,0.0,986.8461538461538,0.0,0.0,0.0,0.0
19,1987.0,0.0,Pertussis,All,986.8461538461538,0.0,0.0,,6.8955269708924565,0.9340266335774041,0.0,0.0,0.0,986.8461538461538,0.0,27.209,986.8461538461538,986.8461538461538,0.0,986.8461538461538,0.0,0.0,0.0,0.0
20,1987.0,0.0,Pertussis,All,986.8461538461538,0.0,0.0,,6.8955269708924565,0.9340266335774041,0.0,0.0,0.0,986.8461538461538,0.0,27.209,986.8461538461538,986.8461538461538,0.0,986.8461538461538,0.0,0.0,0.0,0.0
21,1987.0,0.0,Pertussis,All,986.8461538461538,0.0,0.0,,6.8955269708924565,0.9340266335774041,0.0,0.0,0.0,986.8461538461538,0.0,27.209,986.8461538461538,986.8461538461538,0.0,986.8461538461538,0.0,0.0,0.0,0.0
22,1987.0,0.0,Pertussis,All,986.8461538461538,0.0,0.0,,6.8955269708924565,0.9340266335774041,0.0,0.0,0.0,986.8461538461538,0.0,27.209,986.8461538461538,986.8461538461538,0.0,986.8461538461538,0.0,0.0,0.0,0.0
23,1987.0,0.0,Pertussis,All,986.8461538461538,0.0,0.0,,6.8955269708924565,0.9340266335774041,0.0,0.0,0.0,986.8461538461538,0.0,27.209,986.8461538461538,986.8461538461538,0.0,986.8461538461538,0.0,0.0,0.0,0.0
24,1987.0,0.0,Pertussis,All,986.8461538461538,0.0,0.0,,6.8955269708924565,0.9340266335774041,0.0,0.0,0.0,986.8461538461538,0.0,27.209,986.8461538461538,986.8461538461538,0.0,986.8461538461538,0.0,0.0,0.0,0.0
25,1987.0,0.0,Pertussis,All,986.8461538461538,0.0,0.0,,6.8955269708924565,0.9340266335774041,0.0,0.0,0.0,986.8461538461538,0.0,27.209,986.8461538461538,986.8461538461538,0.0,986.8461538461538,0.0,0.0,0.0,0.0
26,1987.0,0.0,Pertussis,All,986.8461538461538,0.0,0.0,,6.8955269708924565,0.9340266335774041,0.0,0.0,0.0,986.8461538461538,0.0,27.209,986.8461538461538,986.8461538461538,0.0,986.8461538461538,0.0,0.0,0.0,0.0
27,1987.0,0.0,Pertussis,All,986.8461538461538,0.0,0.0,,6.8955269708924565,0.9340266335774041,0.0,0.0,0.0,986.8461538461538,0.0,27.209,986.8461538461538,986.8461538461538,0.0,986.8461538461538,0.0,0.0,0.0,0.0
28,1987.0,0.0,Pertussis,All,986.8461538461538,0.0,0.0,,6.8955269708924565,0.9340266335774041,0.0,0.0,0.0,986.8461538461538,0.0,27.209,986.8461538461538,986.8461538461538,0.0,986.8461538461538,0.0,0.0,0.0,0.0
29,1987.0,0.0,Pertussis,All,986.8461538461538,0.0,0.0,,6.8955269708924565,0.9340266335774041,0.0,0.0,0.0,986.8461538461538,0.0,27.209,986.8461538461538,986.8461538461538,0.0,986.8461538461538,0.0,0.0,0.0,0.0
30,1987.0,0.0,Pertussis,All,986.8461538461538,0.0,0.0,,6.8955269708924565,0.9340266335774041,0.0,0.0,0.0,986.8461538461538,0.0,27.209,986.8461538461538,986.8461538461538,0.0,986.8461538461538,0.0,0.0,0.0,0.0
31,1987.0,0.0,Pertussis,All,986.8461538461538,0.0,0.0,,6.8955269708924565,0.9340266335774041,0.0,0.0,0.0,986.8461538461538,0.0,27.209,986.8461538461538,986.8461538461538,0.0,986.8461538461538,0.0,0.0,0.0,0.0
32,1987.0,0.0,Pertussis,All,986.8461538461538,0.0,0.0,,6.8955269708924565,0.9340266335774041,0.0,0.0,0.0,986.8461538461538,0.0,27.209,986.8461538461538,986.8461538461538,0.0,986.8461538461538,0.0,0.0,0.0,0.0
33,1987.0,0.0,Pertussis,All,986.8461538461538,0.0,0.0,,6.8955269708924565,0.9340266335774041,0.0,0.0,0.0,986.8461538461538,0.0,27.209,986.8461538461538,986.8461538461538,0.0,986.8461538461538,0.0,0.0,0.0,0.0
34,1987.0,0.0,Pertussis,All,986.8461538461538,0.0,0.0,,6.8955269708924565,0.9340266335774041,0.0,0.0,0.0,986.8461538461538,0.0,27.209,986.8461538461538,986.8461538461538,0.0,986.8461538461538,0.0,0.0,0.0,0.0
35,1987.0,0.0,Pertussis,All,986.8461538461538,0.0,0.0,,6.8955269708924565,0.9340266335774041,0.0,0.0,0.0,986.8461538461538,0.0,27.209,986.8461538461538,986.8461538461538,0.0,986.8461538461538,0.0,0.0,0.0,0.0
36,1987.0,0.0,Pertussis,All,986.8461538461538,0.0,0.0,,6.8955269708924565,0.9340266335774041,0.0,0.0,0.0,986.8461538461538,0.0,27.209,986.8461538461538,986.8461538461538,0.0,986.8461538461538,0.0,0.0,0.0,0.0
37,1987.0,0.0,Pertussis,All,986.8461538461538,0.0,0.0,,6.8955269708924565,0.9340266335774041,0.0,0.0,0.0,986.8461538461538,0.0,27.209,986.8461538461538,986.8461538461538,0.0,986.8461538461538,0.0,0.0,0.0,0.0
38,1987.0,0.0,Pertussis,All,986.8461538461538,0.0,0.0,,6.8955269708924565,0.9340266335774041,0.0,0.0,0.0,986.8461538461538,0.0,27.209,986.8461538461538,986.8461538461538,0.0,986.8461538461538,0.0,0.0,0.0,0.0
39,1987.0,0.0,Pertussis,All,986.8461538461538,0.0,0.0,,6.8955269708924565,0.9340266335774041,0.0,0.0,0.0,986.8461538461538,0.0,27.209,986.8461538461538,986.8461538461538,0.0,986.8461538461538,0.0,0.0,0.0,0.0
40,1987.0,0.0,Pertussis,All,986.8461538461538,0.0,0.0,,6.8955269708924565,0.9340266335774041,0.0,0.0,0.0,986.8461538461538,0.0,27.209,986.8461538461538,986.8461538461538,0.0,986.8461538461538,0.0,0.0,0.0,0.0
41,1987.0,0.0,Pertussis,All,986.8461538461538,0.0,0.0,,6.8955269708924565,0.9340266335774041,0.0,0.0,0.0,986.8461538461538,0.0,27.209,986.8461538461538,986.8461538461538,0.0,986.8461538461538,0.0,0.0,0.0,0.0
42,1987.0,0.0,Pertussis,All,986.8461538461538,0.0,0.0,,6.8955269708924565,0.9340266335774041,0.0,0.0,0.0,986.8461538461538,0.0,27.209,986.8461538461538,986.8461538461538,0.0,986.8461538461538,0.0,0.0,0.0,0.0
43,1987.0,0.0,Pertussis,All,986.8461538461538,0.0,0.0,,6.8955269708924565,0.9340266335774041,0.0,0.0,0.0,986.8461538461538,0.0,27.209,986.8461538461538,986.8461538461538,0.0,986.8461538461538,0.0,0.0,0.0,0.0
44,1987.0,0.0,Pertussis,All,986.8461538461538,0.0,0.0,,6.8955269708924565,0.9340266335774041,0.0,0.0,0.0,986.8461538461538,0.0,27.209,986.8461538461538,986.8461538461538,0.0,986.8461538461538,0.0,0.0,0.0,0.0
45,1987.0,0.0,Pertussis,All,986.8461538461538,0.0,0.0,,6.8955269708924565,0.9340266335774041,0.0,0.0,0.0,986.8461538461538,0.0,27.209,986.8461538461538,986.8461538461538,0.0,986.8461538461538,0.0,0.0,0.0,0.0
46,1987.0,0.0,Pertussis,All,986.8461538461538,0.0,0.0,,6.8955269708924565,0.9340266335774041,0.0,0.0,0.0,986.8461538461538,0.0,27.209,986.8461538461538,986.8461538461538,0.0,986.8461538461538,0.0,0.0,0.0,0.0
47,1987.0,0.0,Pertussis,All,986.8461538461538,0.0,0.0,,6.8955269708924565,0.9340266335774041,0.0,0.0,0.0,986.8461538461538,0.0,27.209,986.8461538461538,986.8461538461538,0.0,986.8461538461538,0.0,0.0,0.0,0.0
48,1987.0,0.0,Pertussis,All,986.8461538461538,0.0,0.0,,6.8955269708924565,0.9340266335774041,0.0,0.0,0.0,986.8461538461538,0.0,27.209,986.8461538461538,986.8461538461538,0.0,986.8461538461538,0.0,0.0,0.0,0.0
49,1987.0,0.0,Pertussis,All,986.8461538461538,0.0,0.0,,6.8955269708924565,0.9340266335774041,0.0,0.0,0.0,986.8461538461538,0.0,27.209,986.8461538461538,986.8461538461538,0.0,986.8461538461538,0.0,0.0,0.0,0.0
50,1987.0,0.0,Pertussis,All,986.8461538461538,0.0,0.0,,6.8955269708924565,0.9340266335774041,0.0,0.0,0.0,986.8461538461538,0.0,27.209,986.8461538461538,986.8461538461538,0.0,986.8461538461538,0.0,0.0,0.0,0.0
51,1987.0,0.0,Pertussis,All,986.8461538461538,0.0,0.0,,6.8955269708924565,0.9340266335774041,0.0,0.0,0.0,986.8461538461538,0.0,27.209,986.8461538461538,986.8461538461538,0.0,986.8461538461538,0.0,0.0,0.0,0.0
52,1987.0,0.0,Pertussis,All,986.8461538461538,0.0,0.0,,6.8955269708924565,0.9340266335774041,0.0,0.0,0.0,986.8461538461538,0.0,27.209,986.8461538461538,986.8461538461538,0.0,986.8461538461538,0.0,0.0,0.0,0.0
1,1988.0,0.0,Pertussis,All,671.5384615384615,0.0,0.0,,6.511059301719354,0.18023503620195386,0.0,0.0,0.0,671.5384615384615,0.0,28.019,986.8461538461538,986.8461538461538,0.0,908.0192307692307,157.65384615384232,0.0,-0.31951048405955257,0.0
2,1988.0,0.0,Pertussis,All,671.5384615384615,0.0,0.0,,6.511059301719354,0.18023503620195386,0.0,0.0,0.0,671.5384615384615,0.0,28.019,671.5384615384615,829.1923076923076,0.0,829.1923076923076,182.04298103140198,0.0,0.0,0.0
3,1988.0,0.0,Pertussis,All,671.5384615384615,0.0,0.0,,6.511059301719354,0.18023503620195386,0.0,0.0,0.0,671.5384615384615,0.0,28.019,671.5384615384615,671.5384615384615,0.0,750.3653846153846,157.65384615384104,0.0,0.0,0.0
4,1988.0,0.0,Pertussis,All,671.5384615384615,0.0,0.0,,6.511059301719354,0.18023503620195386,0.0,0.0,0.0,671.5384615384615,0.0,28.019,671.5384615384615,671.5384615384615,0.0,671.5384615384615,0.0,0.0,0.0,0.0
5,1988.0,0.0,Pertussis,All,671.5384615384615,0.0,0.0,,6.511059301719354,0.18023503620195386,0.0,0.0,0.0,671.5384615384615,0.0,28.019,671.5384615384615,671.5384615384615,0.0,671.5384615384615,0.0,0.0,0.0,0.0
6,1988.0,0.0,Pertussis,All,671.5384615384615,0.0,0.0,,6.511059301719354,0.18023503620195386,0.0,0.0,0.0,671.5384615384615,0.0,28.019,671.5384615384615,671.5384615384615,0.0,671.5384615384615,0.0,0.0,0.0,0.0
7,1988.0,0.0,Pertussis,All,671.5384615384615,0.0,0.0,,6.511059301719354,0.18023503620195386,0.0,0.0,0.0,671.5384615384615,0.0,28.019,671.5384615384615,671.5384615384615,0.0,671.5384615384615,0.0,0.0,0.0,0.0
8,1988.0,0.0,Pertussis,All,671.5384615384615,0.0,0.0,,6.511059301719354,0.18023503620195386,0.0,0.0,0.0,671.5384615384615,0.0,28.019,671.5384615384615,671.5384615384615,0.0,671.5384615384615,0.0,0.0,0.0,0.0
9,1988.0,0.0,Pertussis,All,671.5384615384615,0.0,0.0,,6.511059301719354,0.18023503620195386,0.0,0.0,0.0,671.5384615384615,0.0,28.019,671.5384615384615,671.5384615384615,0.0,671.5384615384615,0.0,0.0,0.0,0.0
10,1988.0,0.0,Pertussis,All,671.5384615384615,0.0,0.0,,6.511059301719354,0.18023503620195386,0.0,0.0,0.0,671.5384615384615,0.0,28.019,671.5384615384615,671.5384615384615,0.0,671.5384615384615,0.0,0.0,0.0,0.0
11,1988.0,0.0,Pertussis,All,671.5384615384615,0.0,0.0,,6.511059301719354,0.18023503620195386,0.0,0.0,0.0,671.5384615384615,0.0,28.019,671.5384615384615,671.5384615384615,0.0,671.5384615384615,0.0,0.0,0.0,0.0
12,1988.0,0.0,Pertussis,All,671.5384615384615,0.0,0.0,,6.511059301719354,0.18023503620195386,0.0,0.0,0.0,671.5384615384615,0.0,28.019,671.5384615384615,671.5384615384615,0.0,671.5384615384615,0.0,0.0,0.0,0.0
13,1988.0,0.0,Pertussis,All,671.5384615384615,0.0,0.0,,6.511059301719354,0.18023503620195386,0.0,0.0,0.0,671.5384615384615,0.0,28.019,671.5384615384615,671.5384615384615,0.0,671.5384615384615,0.0,0.0,0.0,0.0
14,1988.0,0.0,Pertussis,All,671.5384615384615,0.0,0.0,,6.511059301719354,0.18023503620195386,0.0,0.0,0.0,671.5384615384615,0.0,28.019,671.5384615384615,671.5384615384615,0.0,671.5384615384615,0.0,0.0,0.0,0.0
15,1988.0,0.0,Pertussis,All,671.5384615384615,0.0,0.0,,6.511059301719354,0.18023503620195386,0.0,0.0,0.0,671.5384615384615,0.0,28.019,671.5384615384615,671.5384615384615,0.0,671.5384615384615,0.0,0.0,0.0,0.0
16,1988.0,0.0,Pertussis,All,671.5384615384615,0.0,0.0,,6.511059301719354,0.18023503620195386,0.0,0.0,0.0,671.5384615384615,0.0,28.019,671.5384615384615,671.5384615384615,0.0,671.5384615384615,0.0,0.0,0.0,0.0
17,1988.0,0.0,Pertussis,All,671.5384615384615,0.0,0.0,,6.511059301719354,0.18023503620195386,0.0,0.0,0.0,671.5384615384615,0.0,28.019,671.5384615384615,671.5384615384615,0.0,671.5384615384615,0.0,0.0,0.0,0.0
18,1988.0,0.0,Pertussis,All,671.5384615384615,0.0,0.0,,6.511059301719354,0.18023503620195386,0.0,0.0,0.0,671.5384615384615,0.0,28.019,671.5384615384615,671.5384615384615,0.0,671.5384615384615,0.0,0.0,0.0,0.0
19,1988.0,0.0,Pertussis,All,671.5384615384615,0.0,0.0,,6.511059301719354,0.18023503620195386,0.0,0.0,0.0,671.5384615384615,0.0,28.019,671.5384615384615,671.5384615384615,0.0,671.5384615384615,0.0,0.0,0.0,0.0
20,1988.0,0.0,Pertussis,All,671.5384615384615,0.0,0.0,,6.511059301719354,0.18023503620195386,0.0,0.0,0.0,671.5384615384615,0.0,28.019,671.5384615384615,671.5384615384615,0.0,671.5384615384615,0.0,0.0,0.0,0.0
21,1988.0,0.0,Pertussis,All,671.5384615384615,0.0,0.0,,6.511059301719354,0.18023503620195386,0.0,0.0,0.0,671.5384615384615,0.0,28.019,671.5384615384615,671.5384615384615,0.0,671.5384615384615,0.0,0.0,0.0,0.0
22,1988.0,0.0,Pertussis,All,671.5384615384615,0.0,0.0,,6.511059301719354,0.18023503620195386,0.0,0.0,0.0,671.5384615384615,0.0,28.019,671.5384615384615,671.5384615384615,0.0,671.5384615384615,0.0,0.0,0.0,0.0
23,1988.0,0.0,Pertussis,All,671.5384615384615,0.0,0.0,,6.511059301719354,0.18023503620195386,0.0,0.0,0.0,671.5384615384615,0.0,28.019,671.5384615384615,671.5384615384615,0.0,671.5384615384615,0.0,0.0,0.0,0.0
24,1988.0,0.0,Pertussis,All,671.5384615384615,0.0,0.0,,6.511059301719354,0.18023503620195386,0.0,0.0,0.0,671.5384615384615,0.0,28.019,671.5384615384615,671.5384615384615,0.0,671.5384615384615,0.0,0.0,0.0,0.0
25,1988.0,0.0,Pertussis,All,671.5384615384615,0.0,0.0,,6.511059301719354,0.18023503620195386,0.0,0.0,0.0,671.5384615384615,0.0,28.019,671.5384615384615,671.5384615384615,0.0,671.5384615384615,0.0,0.0,0.0,0.0
26,1988.0,0.0,Pertussis,All,671.5384615384615,0.0,0.0,,6.511059301719354,0.18023503620195386,0.0,0.0,0.0,671.5384615384615,0.0,28.019,671.5384615384615,671.5384615384615,0.0,671.5384615384615,0.0,0.0,0.0,0.0
27,1988.0,0.0,Pertussis,All,671.5384615384615,0.0,0.0,,6.511059301719354,0.18023503620195386,0.0,0.0,0.0,671.5384615384615,0.0,28.019,671.5384615384615,671.5384615384615,0.0,671.5384615384615,0.0,0.0,0.0,0.0
28,1988.0,0.0,Pertussis,All,671.5384615384615,0.0,0.0,,6.511059301719354,0.18023503620195386,0.0,0.0,0.0,671.5384615384615,0.0,28.019,671.5384615384615,671.5384615384615,0.0,671.5384615384615,0.0,0.0,0.0,0.0
29,1988.0,0.0,Pertussis,All,671.5384615384615,0.0,0.0,,6.511059301719354,0.18023503620195386,0.0,0.0,0.0,671.5384615384615,0.0,28.019,671.5384615384615,671.5384615384615,0.0,671.5384615384615,0.0,0.0,0.0,0.0
30,1988.0,0.0,Pertussis,All,671.5384615384615,0.0,0.0,,6.511059301719354,0.18023503620195386,0.0,0.0,0.0,671.5384615384615,0.0,28.019,671.5384615384615,671.5384615384615,0.0,671.5384615384615,0.0,0.0,0.0,0.0
31,1988.0,0.0,Pertussis,All,671.5384615384615,0.0,0.0,,6.511059301719354,0.18023503620195386,0.0,0.0,0.0,671.5384615384615,0.0,28.019,671.5384615384615,671.5384615384615,0.0,671.5384615384615,0.0,0.0,0.0,0.0
32,1988.0,0.0,Pertussis,All,671.5384615384615,0.0,0.0,,6.511059301719354,0.18023503620195386,0.0,0.0,0.0,671.5384615384615,0.0,28.019,671.5384615384615,671.5384615384615,0.0,671.5384615384615,0.0,0.0,0.0,0.0
33,1988.0,0.0,Pertussis,All,671.5384615384615,0.0,0.0,,6.511059301719354,0.18023503620195386,0.0,0.0,0.0,671.5384615384615,0.0,28.019,671.5384615384615,671.5384615384615,0.0,671.5384615384615,0.0,0.0,0.0,0.0
34,1988.0,0.0,Pertussis,All,671.5384615384615,0.0,0.0,,6.511059301719354,0.18023503620195386,0.0,0.0,0.0,671.5384615384615,0.0,28.019,671.5384615384615,671.5384615384615,0.0,671.5384615384615,0.0,0.0,0.0,0.0
35,1988.0,0.0,Pertussis,All,671.5384615384615,0.0,0.0,,6.511059301719354,0.18023503620195386,0.0,0.0,0.0,671.5384615384615,0.0,28.019,671.5384615384615,671.5384615384615,0.0,671.5384615384615,0.0,0.0,0.0,0.0
36,1988.0,0.0,Pertussis,All,671.5384615384615,0.0,0.0,,6.511059301719354,0.18023503620195386,0.0,0.0,0.0,671.5384615384615,0.0,28.019,671.5384615384615,671.5384615384615,0.0,671.5384615384615,0.0,0.0,0.0,0.0
37,1988.0,0.0,Pertussis,All,671.5384615384615,0.0,0.0,,6.511059301719354,0.18023503620195386,0.0,0.0,0.0,671.5384615384615,0.0,28.019,671.5384615384615,671.5384615384615,0.0,671.5384615384615,0.0,0.0,0.0,0.0
38,1988.0,0.0,Pertussis,All,671.5384615384615,0.0,0.0,,6.511059301719354,0.18023503620195386,0.0,0.0,0.0,671.5384615384615,0.0,28.019,671.5384615384615,671.5384615384615,0.0,671.5384615384615,0.0,0.0,0.0,0.0
39,1988.0,0.0,Pertussis,All,671.5384615384615,0.0,0.0,,6.511059301719354,0.18023503620195386,0.0,0.0,0.0,671.5384615384615,0.0,28.019,671.5384615384615,671.5384615384615,0.0,671.5384615384615,0.0,0.0,0.0,0.0
40,1988.0,0.0,Pertussis,All,671.5384615384615,0.0,0.0,,6.511059301719354,0.18023503620195386,0.0,0.0,0.0,671.5384615384615,0.0,28.019,671.5384615384615,671.5384615384615,0.0,671.5384615384615,0.0,0.0,0.0,0.0
41,1988.0,0.0,Pertussis,All,671.5384615384615,0.0,0.0,,6.511059301719354,0.18023503620195386,0.0,0.0,0.0,671.5384615384615,0.0,28.019,671.5384615384615,671.5384615384615,0.0,671.5384615384615,0.0,0.0,0.0,0.0
42,1988.0,0.0,Pertussis,All,671.5384615384615,0.0,0.0,,6.511059301719354,0.18023503620195386,0.0,0.0,0.0,671.5384615384615,0.0,28.019,671.5384615384615,671.5384615384615,0.0,671.5384615384615,0.0,0.0,0.0,0.0
43,1988.0,0.0,Pertussis,All,671.5384615384615,0.0,0.0,,6.511059301719354,0.18023503620195386,0.0,0.0,0.0,671.5384615384615,0.0,28.019,671.5384615384615,671.5384615384615,0.0,671.5384615384615,0.0,0.0,0.0,0.0
44,1988.0,0.0,Pertussis,All,671.5384615384615,0.0,0.0,,6.511059301719354,0.18023503620195386,0.0,0.0,0.0,671.5384615384615,0.0,28.019,671.5384615384615,671.5384615384615,0.0,671.5384615384615,0.0,0.0,0.0,0.0
45,1988.0,0.0,Pertussis,All,671.5384615384615,0.0,0.0,,6.511059301719354,0.18023503620195386,0.0,0.0,0.0,671.5384615384615,0.0,28.019,671.5384615384615,671.5384615384615,0.0,671.5384615384615,0.0,0.0,0.0,0.0
46,1988.0,0.0,Pertussis,All,671.5384615384615,0.0,0.0,,6.511059301719354,0.18023503620195386,0.0,0.0,0.0,671.5384615384615,0.0,28.019,671.5384615384615,671.5384615384615,0.0,671.5384615384615,0.0,0.0,0.0,0.0
47,1988.0,0.0,Pertussis,All,671.5384615384615,0.0,0.0,,6.511059301719354,0.18023503620195386,0.0,0.0,0.0,671.5384615384615,0.0,28.019,671.5384615384615,671.5384615384615,0.0,671.5384615384615,0.0,0.0,0.0,0.0
48,1988.0,0.0,Pertussis,All,671.5384615384615,0.0,0.0,,6.511059301719354,0.18023503620195386,0.0,0.0,0.0,671.5384615384615,0.0,28.019,671.5384615384615,671.5384615384615,0.0,671.5384615384615,0.0,0.0,0.0,0.0
49,1988.0,0.0,Pertussis,All,671.5384615384615,0.0,0.0,,6.511059301719354,0.18023503620195386,0.0,0.0,0.0,671.5384615384615,0.0,28.019,671.5384615384615,671.5384615384615,0.0,671.5384615384615,0.0,0.0,0.0,0.0
50,1988.0,0.0,Pertussis,All,671.5384615384615,0.0,0.0,,6.511059301719354,0.18023503620195386,0.0,0.0,0.0,671.5384615384615,0.0,28.019,671.5384615384615,671.5384615384615,0.0,671.5384615384615,0.0,0.0,0.0,0.0
51,1988.0,0.0,Pertussis,All,671.5384615384615,0.0,0.0,,6.511059301719354,0.18023503620195386,0.0,0.0,0.0,671.5384615384615,0.0,28.019,671.5384615384615,671.5384615384615,0.0,671.5384615384615,0.0,0.0,0.0,0.0
52,1988.0,0.0,Pertussis,All,671.5384615384615,0.0,0.0,,6.511059301719354,0.18023503620195386,0.0,0.0,0.0,671.5384615384615,0.0,28.019,671.5384615384615,671.5384615384615,0.0,671.5384615384615,0.0,0.0,0.0,0.0
1,1989.0,0.0,Pertussis,All,645.2884615384615,0.0,0.0,,6.4712459390048265,0.11748036857463685,0.0,0.0,0.0,645.2884615384615,0.0,28.842,671.5384615384615,671.5384615384615,0.0,664.9759615384615,13.124999999930209,0.0,-0.0390893470790378,0.0
2,1989.0,0.0,Pertussis,All,645.2884615384615,0.0,0.0,,6.4712459390048265,0.11748036857463685,0.0,0.0,0.0,645.2884615384615,0.0,28.842,645.2884615384615,658.4134615384615,0.0,658.4134615384615,15.155444566166645,0.0,0.0,0.0
3,1989.0,0.0,Pertussis,All,645.2884615384615,0.0,0.0,,6.4712459390048265,0.11748036857463685,0.0,0.0,0.0,645.2884615384615,0.0,28.842,645.2884615384615,645.2884615384615,0.0,651.8509615384615,13.124999999928846,0.0,0.0,0.0
4,1989.0,0.0,Pertussis,All,645.2884615384615,0.0,0.0,,6.4712459390048265,0.11748036857463685,0.0,0.0,0.0,645.2884615384615,0.0,28.842,645.2884615384615,645.2884615384615,0.0,645.2884615384615,0.0,0.0,0.0,0.0
5,1989.0,0.0,Pertussis,All,645.2884615384615,0.0,0.0,,6.4712459390048265,0.11748036857463685,0.0,0.0,0.0,645.2884615384615,0.0,28.842,645.2884615384615,645.2884615384615,0.0,645.2884615384615,0.0,0.0,0.0,0.0
6,1989.0,0.0,Pertussis,All,645.2884615384615,0.0,0.0,,6.4712459390048265,0.11748036857463685,0.0,0.0,0.0,645.2884615384615,0.0,28.842,645.2884615384615,645.2884615384615,0.0,645.2884615384615,0.0,0.0,0.0,0.0
7,1989.0,0.0,Pertussis,All,645.2884615384615,0.0,0.0,,6.4712459390048265,0.11748036857463685,0.0,0.0,0.0,645.2884615384615,0.0,28.842,645.2884615384615,645.2884615384615,0.0,645.2884615384615,0.0,0.0,0.0,0.0
8,1989.0,0.0,Pertussis,All,645.2884615384615,0.0,0.0,,6.4712459390048265,0.11748036857463685,0.0,0.0,0.0,645.2884615384615,0.0,28.842,645.2884615384615,645.2884615384615,0.0,645.2884615384615,0.0,0.0,0.0,0.0
9,1989.0,0.0,Pertussis,All,645.2884615384615,0.0,0.0,,6.4712459390048265,0.11748036857463685,0.0,0.0,0.0,645.2884615384615,0.0,28.842,645.2884615384615,645.2884615384615,0.0,645.2884615384615,0.0,0.0,0.0,0.0
10,1989.0,0.0,Pertussis,All,645.2884615384615,0.0,0.0,,6.4712459390048265,0.11748036857463685,0.0,0.0,0.0,645.2884615384615,0.0,28.842,645.2884615384615,645.2884615384615,0.0,645.2884615384615,0.0,0.0,0.0,0.0
11,1989.0,0.0,Pertussis,All,645.2884615384615,0.0,0.0,,6.4712459390048265,0.11748036857463685,0.0,0.0,0.0,645.2884615384615,0.0,28.842,645.2884615384615,645.2884615384615,0.0,645.2884615384615,0.0,0.0,0.0,0.0
12,1989.0,0.0,Pertussis,All,645.2884615384615,0.0,0.0,,6.4712459390048265,0.11748036857463685,0.0,0.0,0.0,645.2884615384615,0.0,28.842,645.2884615384615,645.2884615384615,0.0,645.2884615384615,0.0,0.0,0.0,0.0
13,1989.0,0.0,Pertussis,All,645.2884615384615,0.0,0.0,,6.4712459390048265,0.11748036857463685,0.0,0.0,0.0,645.2884615384615,0.0,28.842,645.2884615384615,645.2884615384615,0.0,645.2884615384615,0.0,0.0,0.0,0.0
14,1989.0,0.0,Pertussis,All,645.2884615384615,0.0,0.0,,6.4712459390048265,0.11748036857463685,0.0,0.0,0.0,645.2884615384615,0.0,28.842,645.2884615384615,645.2884615384615,0.0,645.2884615384615,0.0,0.0,0.0,0.0
15,1989.0,0.0,Pertussis,All,645.2884615384615,0.0,0.0,,6.4712459390048265,0.11748036857463685,0.0,0.0,0.0,645.2884615384615,0.0,28.842,645.2884615384615,645.2884615384615,0.0,645.2884615384615,0.0,0.0,0.0,0.0
16,1989.0,0.0,Pertussis,All,645.2884615384615,0.0,0.0,,6.4712459390048265,0.11748036857463685,0.0,0.0,0.0,645.2884615384615,0.0,28.842,645.2884615384615,645.2884615384615,0.0,645.2884615384615,0.0,0.0,0.0,0.0
17,1989.0,0.0,Pertussis,All,645.2884615384615,0.0,0.0,,6.4712459390048265,0.11748036857463685,0.0,0.0,0.0,645.2884615384615,0.0,28.842,645.2884615384615,645.2884615384615,0.0,645.2884615384615,0.0,0.0,0.0,0.0
18,1989.0,0.0,Pertussis,All,645.2884615384615,0.0,0.0,,6.4712459390048265,0.11748036857463685,0.0,0.0,0.0,645.2884615384615,0.0,28.842,645.2884615384615,645.2884615384615,0.0,645.2884615384615,0.0,0.0,0.0,0.0
19,1989.0,0.0,Pertussis,All,645.2884615384615,0.0,0.0,,6.4712459390048265,0.11748036857463685,0.0,0.0,0.0,645.2884615384615,0.0,28.842,645.2884615384615,645.2884615384615,0.0,645.2884615384615,0.0,0.0,0.0,0.0
20,1989.0,0.0,Pertussis,All,645.2884615384615,0.0,0.0,,6.4712459390048265,0.11748036857463685,0.0,0.0,0.0,645.2884615384615,0.0,28.842,645.2884615384615,645.2884615384615,0.0,645.2884615384615,0.0,0.0,0.0,0.0
21,1989.0,0.0,Pertussis,All,645.2884615384615,0.0,0.0,,6.4712459390048265,0.11748036857463685,0.0,0.0,0.0,645.2884615384615,0.0,28.842,645.2884615384615,645.2884615384615,0.0,645.2884615384615,0.0,0.0,0.0,0.0
22,1989.0,0.0,Pertussis,All,645.2884615384615,0.0,0.0,,6.4712459390048265,0.11748036857463685,0.0,0.0,0.0,645.2884615384615,0.0,28.842,645.2884615384615,645.2884615384615,0.0,645.2884615384615,0.0,0.0,0.0,0.0
23,1989.0,0.0,Pertussis,All,645.2884615384615,0.0,0.0,,6.4712459390048265,0.11748036857463685,0.0,0.0,0.0,645.2884615384615,0.0,28.842,645.2884615384615,645.2884615384615,0.0,645.2884615384615,0.0,0.0,0.0,0.0
24,1989.0,0.0,Pertussis,All,645.2884615384615,0.0,0.0,,6.4712459390048265,0.11748036857463685,0.0,0.0,0.0,645.2884615384615,0.0,28.842,645.2884615384615,645.2884615384615,0.0,645.2884615384615,0.0,0.0,0.0,0.0
25,1989.0,0.0,Pertussis,All,645.2884615384615,0.0,0.0,,6.4712459390048265,0.11748036857463685,0.0,0.0,0.0,645.2884615384615,0.0,28.842,645.2884615384615,645.2884615384615,0.0,645.2884615384615,0.0,0.0,0.0,0.0
26,1989.0,0.0,Pertussis,All,645.2884615384615,0.0,0.0,,6.4712459390048265,0.11748036857463685,0.0,0.0,0.0,645.2884615384615,0.0,28.842,645.2884615384615,645.2884615384615,0.0,645.2884615384615,0.0,0.0,0.0,0.0
27,1989.0,0.0,Pertussis,All,645.2884615384615,0.0,0.0,,6.4712459390048265,0.11748036857463685,0.0,0.0,0.0,645.2884615384615,0.0,28.842,645.2884615384615,645.2884615384615,0.0,645.2884615384615,0.0,0.0,0.0,0.0
28,1989.0,0.0,Pertussis,All,645.2884615384615,0.0,0.0,,6.4712459390048265,0.11748036857463685,0.0,0.0,0.0,645.2884615384615,0.0,28.842,645.2884615384615,645.2884615384615,0.0,645.2884615384615,0.0,0.0,0.0,0.0
29,1989.0,0.0,Pertussis,All,645.2884615384615,0.0,0.0,,6.4712459390048265,0.11748036857463685,0.0,0.0,0.0,645.2884615384615,0.0,28.842,645.2884615384615,645.2884615384615,0.0,645.2884615384615,0.0,0.0,0.0,0.0
30,1989.0,0.0,Pertussis,All,645.2884615384615,0.0,0.0,,6.4712459390048265,0.11748036857463685,0.0,0.0,0.0,645.2884615384615,0.0,28.842,645.2884615384615,645.2884615384615,0.0,645.2884615384615,0.0,0.0,0.0,0.0
31,1989.0,0.0,Pertussis,All,645.2884615384615,0.0,0.0,,6.4712459390048265,0.11748036857463685,0.0,0.0,0.0,645.2884615384615,0.0,28.842,645.2884615384615,645.2884615384615,0.0,645.2884615384615,0.0,0.0,0.0,0.0
32,1989.0,0.0,Pertussis,All,645.2884615384615,0.0,0.0,,6.4712459390048265,0.11748036857463685,0.0,0.0,0.0,645.2884615384615,0.0,28.842,645.2884615384615,645.2884615384615,0.0,645.2884615384615,0.0,0.0,0.0,0.0
33,1989.0,0.0,Pertussis,All,645.2884615384615,0.0,0.0,,6.4712459390048265,0.11748036857463685,0.0,0.0,0.0,645.2884615384615,0.0,28.842,645.2884615384615,645.2884615384615,0.0,645.2884615384615,0.0,0.0,0.0,0.0
34,1989.0,0.0,Pertussis,All,645.2884615384615,0.0,0.0,,6.4712459390048265,0.11748036857463685,0.0,0.0,0.0,645.2884615384615,0.0,28.842,645.2884615384615,645.2884615384615,0.0,645.2884615384615,0.0,0.0,0.0,0.0
35,1989.0,0.0,Pertussis,All,645.2884615384615,0.0,0.0,,6.4712459390048265,0.11748036857463685,0.0,0.0,0.0,645.2884615384615,0.0,28.842,645.2884615384615,645.2884615384615,0.0,645.2884615384615,0.0,0.0,0.0,0.0
36,1989.0,0.0,Pertussis,All,645.2884615384615,0.0,0.0,,6.4712459390048265,0.11748036857463685,0.0,0.0,0.0,645.2884615384615,0.0,28.842,645.2884615384615,645.2884615384615,0.0,645.2884615384615,0.0,0.0,0.0,0.0
37,1989.0,0.0,Pertussis,All,645.2884615384615,0.0,0.0,,6.4712459390048265,0.11748036857463685,0.0,0.0,0.0,645.2884615384615,0.0,28.842,645.2884615384615,645.2884615384615,0.0,645.2884615384615,0.0,0.0,0.0,0.0
38,1989.0,0.0,Pertussis,All,645.2884615384615,0.0,0.0,,6.4712459390048265,0.11748036857463685,0.0,0.0,0.0,645.2884615384615,0.0,28.842,645.2884615384615,645.2884615384615,0.0,645.2884615384615,0.0,0.0,0.0,0.0
39,1989.0,0.0,Pertussis,All,645.2884615384615,0.0,0.0,,6.4712459390048265,0.11748036857463685,0.0,0.0,0.0,645.2884615384615,0.0,28.842,645.2884615384615,645.2884615384615,0.0,645.2884615384615,0.0,0.0,0.0,0.0
40,1989.0,0.0,Pertussis,All,645.2884615384615,0.0,0.0,,6.4712459390048265,0.11748036857463685,0.0,0.0,0.0,645.2884615384615,0.0,28.842,645.2884615384615,645.2884615384615,0.0,645.2884615384615,0.0,0.0,0.0,0.0
41,1989.0,0.0,Pertussis,All,645.2884615384615,0.0,0.0,,6.4712459390048265,0.11748036857463685,0.0,0.0,0.0,645.2884615384615,0.0,28.842,645.2884615384615,645.2884615384615,0.0,645.2884615384615,0.0,0.0,0.0,0.0
42,1989.0,0.0,Pertussis,All,645.2884615384615,0.0,0.0,,6.4712459390048265,0.11748036857463685,0.0,0.0,0.0,645.2884615384615,0.0,28.842,645.2884615384615,645.2884615384615,0.0,645.2884615384615,0.0,0.0,0.0,0.0
43,1989.0,0.0,Pertussis,All,645.2884615384615,0.0,0.0,,6.4712459390048265,0.11748036857463685,0.0,0.0,0.0,645.2884615384615,0.0,28.842,645.2884615384615,645.2884615384615,0.0,645.2884615384615,0.0,0.0,0.0,0.0
44,1989.0,0.0,Pertussis,All,645.2884615384615,0.0,0.0,,6.4712459390048265,0.11748036857463685,0.0,0.0,0.0,645.2884615384615,0.0,28.842,645.2884615384615,645.2884615384615,0.0,645.2884615384615,0.0,0.0,0.0,0.0
45,1989.0,0.0,Pertussis,All,645.2884615384615,0.0,0.0,,6.4712459390048265,0.11748036857463685,0.0,0.0,0.0,645.2884615384615,0.0,28.842,645.2884615384615,645.2884615384615,0.0,645.2884615384615,0.0,0.0,0.0,0.0
46,1989.0,0.0,Pertussis,All,645.2884615384615,0.0,0.0,,6.4712459390048265,0.11748036857463685,0.0,0.0,0.0,645.2884615384615,0.0,28.842,645.2884615384615,645.2884615384615,0.0,645.2884615384615,0.0,0.0,0.0,0.0
47,1989.0,0.0,Pertussis,All,645.2884615384615,0.0,0.0,,6.4712459390048265,0.11748036857463685,0.0,0.0,0.0,645.2884615384615,0.0,28.842,645.2884615384615,645.2884615384615,0.0,645.2884615384615,0.0,0.0,0.0,0.0
48,1989.0,0.0,Pertussis,All,645.2884615384615,0.0,0.0,,6.4712459390048265,0.11748036857463685,0.0,0.0,0.0,645.2884615384615,0.0,28.842,645.2884615384615,645.2884615384615,0.0,645.2884615384615,0.0,0.0,0.0,0.0
49,1989.0,0.0,Pertussis,All,645.2884615384615,0.0,0.0,,6.4712459390048265,0.11748036857463685,0.0,0.0,0.0,645.2884615384615,0.0,28.842,645.2884615384615,645.2884615384615,0.0,645.2884615384615,0.0,0.0,0.0,0.0
50,1989.0,0.0,Pertussis,All,645.2884615384615,0.0,0.0,,6.4712459390048265,0.11748036857463685,0.0,0.0,0.0,645.2884615384615,0.0,28.842,645.2884615384615,645.2884615384615,0.0,645.2884615384615,0.0,0.0,0.0,0.0
51,1989.0,0.0,Pertussis,All,645.2884615384615,0.0,0.0,,6.4712459390048265,0.11748036857463685,0.0,0.0,0.0,645.2884615384615,0.0,28.842,645.2884615384615,645.2884615384615,0.0,645.2884615384615,0.0,0.0,0.0,0.0
52,1989.0,0.0,Pertussis,All,645.2884615384615,0.0,0.0,,6.4712459390048265,0.11748036857463685,0.0,0.0,0.0,645.2884615384615,0.0,28.842,645.2884615384615,645.2884615384615,0.0,645.2884615384615,0.0,0.0,0.0,0.0
1,1990.0,0.0,Pertussis,All,825.5576923076923,0.0,0.0,,6.717269717980055,0.5484417270643581,0.0,0.0,0.0,825.5576923076923,0.0,29.68,645.2884615384615,645.2884615384615,0.0,690.3557692307693,90.1346153846056,0.0,0.2793622410967068,0.0
2,1990.0,0.0,Pertussis,All,825.5576923076923,0.0,0.0,,6.717269717980055,0.5484417270643581,0.0,0.0,0.0,825.5576923076923,0.0,29.68,825.5576923076923,735.4230769230769,0.0,735.4230769230769,104.07848891121428,0.0,0.0,0.0
3,1990.0,0.0,Pertussis,All,825.5576923076923,0.0,0.0,,6.717269717980055,0.5484417270643581,0.0,0.0,0.0,825.5576923076923,0.0,29.68,825.5576923076923,825.5576923076923,0.0,780.4903846153845,90.13461538460697,0.0,0.0,0.0
4,1990.0,0.0,Pertussis,All,825.5576923076923,0.0,0.0,,6.717269717980055,0.5484417270643581,0.0,0.0,0.0,825.5576923076923,0.0,29.68,825.5576923076923,825.5576923076923,0.0,825.5576923076923,0.0,0.0,0.0,0.0
5,1990.0,0.0,Pertussis,All,825.5576923076923,0.0,0.0,,6.717269717980055,0.5484417270643581,0.0,0.0,0.0,825.5576923076923,0.0,29.68,825.5576923076923,825.5576923076923,0.0,825.5576923076923,0.0,0.0,0.0,0.0
6,1990.0,0.0,Pertussis,All,825.5576923076923,0.0,0.0,,6.717269717980055,0.5484417270643581,0.0,0.0,0.0,825.5576923076923,0.0,29.68,825.5576923076923,825.5576923076923,0.0,825.5576923076923,0.0,0.0,0.0,0.0
7,1990.0,0.0,Pertussis,All,825.5576923076923,0.0,0.0,,6.717269717980055,0.5484417270643581,0.0,0.0,0.0,825.5576923076923,0.0,29.68,825.5576923076923,825.5576923076923,0.0,825.5576923076923,0.0,0.0,0.0,0.0
8,1990.0,0.0,Pertussis,All,825.5576923076923,0.0,0.0,,6.717269717980055,0.5484417270643581,0.0,0.0,0.0,825.5576923076923,0.0,29.68,825.5576923076923,825.5576923076923,0.0,825.5576923076923,0.0,0.0,0.0,0.0
9,1990.0,0.0,Pertussis,All,825.5576923076923,0.0,0.0,,6.717269717980055,0.5484417270643581,0.0,0.0,0.0,825.5576923076923,0.0,29.68,825.5576923076923,825.5576923076923,0.0,825.5576923076923,0.0,0.0,0.0,0.0
10,1990.0,0.0,Pertussis,All,825.5576923076923,0.0,0.0,,6.717269717980055,0.5484417270643581,0.0,0.0,0.0,825.5576923076923,0.0,29.68,825.5576923076923,825.5576923076923,0.0,825.5576923076923,0.0,0.0,0.0,0.0
11,1990.0,0.0,Pertussis,All,825.5576923076923,0.0,0.0,,6.717269717980055,0.5484417270643581,0.0,0.0,0.0,825.5576923076923,0.0,29.68,825.5576923076923,825.5576923076923,0.0,825.5576923076923,0.0,0.0,0.0,0.0
12,1990.0,0.0,Pertussis,All,825.5576923076923,0.0,0.0,,6.717269717980055,0.5484417270643581,0.0,0.0,0.0,825.5576923076923,0.0,29.68,825.5576923076923,825.5576923076923,0.0,825.5576923076923,0.0,0.0,0.0,0.0
13,1990.0,0.0,Pertussis,All,825.5576923076923,0.0,0.0,,6.717269717980055,0.5484417270643581,0.0,0.0,0.0,825.5576923076923,0.0,29.68,825.5576923076923,825.5576923076923,0.0,825.5576923076923,0.0,0.0,0.0,0.0
14,1990.0,0.0,Pertussis,All,825.5576923076923,0.0,0.0,,6.717269717980055,0.5484417270643581,0.0,0.0,0.0,825.5576923076923,0.0,29.68,825.5576923076923,825.5576923076923,0.0,825.5576923076923,0.0,0.0,0.0,0.0
15,1990.0,0.0,Pertussis,All,825.5576923076923,0.0,0.0,,6.717269717980055,0.5484417270643581,0.0,0.0,0.0,825.5576923076923,0.0,29.68,825.5576923076923,825.5576923076923,0.0,825.5576923076923,0.0,0.0,0.0,0.0
16,1990.0,0.0,Pertussis,All,825.5576923076923,0.0,0.0,,6.717269717980055,0.5484417270643581,0.0,0.0,0.0,825.5576923076923,0.0,29.68,825.5576923076923,825.5576923076923,0.0,825.5576923076923,0.0,0.0,0.0,0.0
17,1990.0,0.0,Pertussis,All,825.5576923076923,0.0,0.0,,6.717269717980055,0.5484417270643581,0.0,0.0,0.0,825.5576923076923,0.0,29.68,825.5576923076923,825.5576923076923,0.0,825.5576923076923,0.0,0.0,0.0,0.0
18,1990.0,0.0,Pertussis,All,825.5576923076923,0.0,0.0,,6.717269717980055,0.5484417270643581,0.0,0.0,0.0,825.5576923076923,0.0,29.68,825.5576923076923,825.5576923076923,0.0,825.5576923076923,0.0,0.0,0.0,0.0
19,1990.0,0.0,Pertussis,All,825.5576923076923,0.0,0.0,,6.717269717980055,0.5484417270643581,0.0,0.0,0.0,825.5576923076923,0.0,29.68,825.5576923076923,825.5576923076923,0.0,825.5576923076923,0.0,0.0,0.0,0.0
20,1990.0,0.0,Pertussis,All,825.5576923076923,0.0,0.0,,6.717269717980055,0.5484417270643581,0.0,0.0,0.0,825.5576923076923,0.0,29.68,825.5576923076923,825.5576923076923,0.0,825.5576923076923,0.0,0.0,0.0,0.0
21,1990.0,0.0,Pertussis,All,825.5576923076923,0.0,0.0,,6.717269717980055,0.5484417270643581,0.0,0.0,0.0,825.5576923076923,0.0,29.68,825.5576923076923,825.5576923076923,0.0,825.5576923076923,0.0,0.0,0.0,0.0
22,1990.0,0.0,Pertussis,All,825.5576923076923,0.0,0.0,,6.717269717980055,0.5484417270643581,0.0,0.0,0.0,825.5576923076923,0.0,29.68,825.5576923076923,825.5576923076923,0.0,825.5576923076923,0.0,0.0,0.0,0.0
23,1990.0,0.0,Pertussis,All,825.5576923076923,0.0,0.0,,6.717269717980055,0.5484417270643581,0.0,0.0,0.0,825.5576923076923,0.0,29.68,825.5576923076923,825.5576923076923,0.0,825.5576923076923,0.0,0.0,0.0,0.0
24,1990.0,0.0,Pertussis,All,825.5576923076923,0.0,0.0,,6.717269717980055,0.5484417270643581,0.0,0.0,0.0,825.5576923076923,0.0,29.68,825.5576923076923,825.5576923076923,0.0,825.5576923076923,0.0,0.0,0.0,0.0
25,1990.0,0.0,Pertussis,All,825.5576923076923,0.0,0.0,,6.717269717980055,0.5484417270643581,0.0,0.0,0.0,825.5576923076923,0.0,29.68,825.5576923076923,825.5576923076923,0.0,825.5576923076923,0.0,0.0,0.0,0.0
26,1990.0,0.0,Pertussis,All,825.5576923076923,0.0,0.0,,6.717269717980055,0.5484417270643581,0.0,0.0,0.0,825.5576923076923,0.0,29.68,825.5576923076923,825.5576923076923,0.0,825.5576923076923,0.0,0.0,0.0,0.0
27,1990.0,0.0,Pertussis,All,825.5576923076923,0.0,0.0,,6.717269717980055,0.5484417270643581,0.0,0.0,0.0,825.5576923076923,0.0,29.68,825.5576923076923,825.5576923076923,0.0,825.5576923076923,0.0,0.0,0.0,0.0
28,1990.0,0.0,Pertussis,All,825.5576923076923,0.0,0.0,,6.717269717980055,0.5484417270643581,0.0,0.0,0.0,825.5576923076923,0.0,29.68,825.5576923076923,825.5576923076923,0.0,825.5576923076923,0.0,0.0,0.0,0.0
29,1990.0,0.0,Pertussis,All,825.5576923076923,0.0,0.0,,6.717269717980055,0.5484417270643581,0.0,0.0,0.0,825.5576923076923,0.0,29.68,825.5576923076923,825.5576923076923,0.0,825.5576923076923,0.0,0.0,0.0,0.0
30,1990.0,0.0,Pertussis,All,825.5576923076923,0.0,0.0,,6.717269717980055,0.5484417270643581,0.0,0.0,0.0,825.5576923076923,0.0,29.68,825.5576923076923,825.5576923076923,0.0,825.5576923076923,0.0,0.0,0.0,0.0
31,1990.0,0.0,Pertussis,All,825.5576923076923,0.0,0.0,,6.717269717980055,0.5484417270643581,0.0,0.0,0.0,825.5576923076923,0.0,29.68,825.5576923076923,825.5576923076923,0.0,825.5576923076923,0.0,0.0,0.0,0.0
32,1990.0,0.0,Pertussis,All,825.5576923076923,0.0,0.0,,6.717269717980055,0.5484417270643581,0.0,0.0,0.0,825.5576923076923,0.0,29.68,825.5576923076923,825.5576923076923,0.0,825.5576923076923,0.0,0.0,0.0,0.0
33,1990.0,0.0,Pertussis,All,825.5576923076923,0.0,0.0,,6.717269717980055,0.5484417270643581,0.0,0.0,0.0,825.5576923076923,0.0,29.68,825.5576923076923,825.5576923076923,0.0,825.5576923076923,0.0,0.0,0.0,0.0
34,1990.0,0.0,Pertussis,All,825.5576923076923,0.0,0.0,,6.717269717980055,0.5484417270643581,0.0,0.0,0.0,825.5576923076923,0.0,29.68,825.5576923076923,825.5576923076923,0.0,825.5576923076923,0.0,0.0,0.0,0.0
35,1990.0,0.0,Pertussis,All,825.5576923076923,0.0,0.0,,6.717269717980055,0.5484417270643581,0.0,0.0,0.0,825.5576923076923,0.0,29.68,825.5576923076923,825.5576923076923,0.0,825.5576923076923,0.0,0.0,0.0,0.0
36,1990.0,0.0,Pertussis,All,825.5576923076923,0.0,0.0,,6.717269717980055,0.5484417270643581,0.0,0.0,0.0,825.5576923076923,0.0,29.68,825.5576923076923,825.5576923076923,0.0,825.5576923076923,0.0,0.0,0.0,0.0
37,1990.0,0.0,Pertussis,All,825.5576923076923,0.0,0.0,,6.717269717980055,0.5484417270643581,0.0,0.0,0.0,825.5576923076923,0.0,29.68,825.5576923076923,825.5576923076923,0.0,825.5576923076923,0.0,0.0,0.0,0.0
38,1990.0,0.0,Pertussis,All,825.5576923076923,0.0,0.0,,6.717269717980055,0.5484417270643581,0.0,0.0,0.0,825.5576923076923,0.0,29.68,825.5576923076923,825.5576923076923,0.0,825.5576923076923,0.0,0.0,0.0,0.0
39,1990.0,0.0,Pertussis,All,825.5576923076923,0.0,0.0,,6.717269717980055,0.5484417270643581,0.0,0.0,0.0,825.5576923076923,0.0,29.68,825.5576923076923,825.5576923076923,0.0,825.5576923076923,0.0,0.0,0.0,0.0
40,1990.0,0.0,Pertussis,All,825.5576923076923,0.0,0.0,,6.717269717980055,0.5484417270643581,0.0,0.0,0.0,825.5576923076923,0.0,29.68,825.5576923076923,825.5576923076923,0.0,825.5576923076923,0.0,0.0,0.0,0.0
41,1990.0,0.0,Pertussis,All,825.5576923076923,0.0,0.0,,6.717269717980055,0.5484417270643581,0.0,0.0,0.0,825.5576923076923,0.0,29.68,825.5576923076923,825.5576923076923,0.0,825.5576923076923,0.0,0.0,0.0,0.0
42,1990.0,0.0,Pertussis,All,825.5576923076923,0.0,0.0,,6.717269717980055,0.5484417270643581,0.0,0.0,0.0,825.5576923076923,0.0,29.68,825.5576923076923,825.5576923076923,0.0,825.5576923076923,0.0,0.0,0.0,0.0
43,1990.0,0.0,Pertussis,All,825.5576923076923,0.0,0.0,,6.717269717980055,0.5484417270643581,0.0,0.0,0.0,825.5576923076923,0.0,29.68,825.5576923076923,825.5576923076923,0.0,825.5576923076923,0.0,0.0,0.0,0.0
44,1990.0,0.0,Pertussis,All,825.5576923076923,0.0,0.0,,6.717269717980055,0.5484417270643581,0.0,0.0,0.0,825.5576923076923,0.0,29.68,825.5576923076923,825.5576923076923,0.0,825.5576923076923,0.0,0.0,0.0,0.0
45,1990.0,0.0,Pertussis,All,825.5576923076923,0.0,0.0,,6.717269717980055,0.5484417270643581,0.0,0.0,0.0,825.5576923076923,0.0,29.68,825.5576923076923,825.5576923076923,0.0,825.5576923076923,0.0,0.0,0.0,0.0
46,1990.0,0.0,Pertussis,All,825.5576923076923,0.0,0.0,,6.717269717980055,0.5484417270643581,0.0,0.0,0.0,825.5576923076923,0.0,29.68,825.5576923076923,825.5576923076923,0.0,825.5576923076923,0.0,0.0,0.0,0.0
47,1990.0,0.0,Pertussis,All,825.5576923076923,0.0,0.0,,6.717269717980055,0.5484417270643581,0.0,0.0,0.0,825.5576923076923,0.0,29.68,825.5576923076923,825.5576923076923,0.0,825.5576923076923,0.0,0.0,0.0,0.0
48,1990.0,0.0,Pertussis,All,825.5576923076923,0.0,0.0,,6.717269717980055,0.5484417270643581,0.0,0.0,0.0,825.5576923076923,0.0,29.68,825.5576923076923,825.5576923076923,0.0,825.5576923076923,0.0,0.0,0.0,0.0
49,1990.0,0.0,Pertussis,All,825.5576923076923,0.0,0.0,,6.717269717980055,0.5484417270643581,0.0,0.0,0.0,825.5576923076923,0.0,29.68,825.5576923076923,825.5576923076923,0.0,825.5576923076923,0.0,0.0,0.0,0.0
50,1990.0,0.0,Pertussis,All,825.5576923076923,0.0,0.0,,6.717269717980055,0.5484417270643581,0.0,0.0,0.0,825.5576923076923,0.0,29.68,825.5576923076923,825.5576923076923,0.0,825.5576923076923,0.0,0.0,0.0,0.0
51,1990.0,0.0,Pertussis,All,825.5576923076923,0.0,0.0,,6.717269717980055,0.5484417270643581,0.0,0.0,0.0,825.5576923076923,0.0,29.68,825.5576923076923,825.5576923076923,0.0,825.5576923076923,0.0,0.0,0.0,0.0
52,1990.0,0.0,Pertussis,All,825.5576923076923,0.0,0.0,,6.717269717980055,0.5484417270643581,0.0,0.0,0.0,825.5576923076923,0.0,29.68,825.5576923076923,825.5576923076923,0.0,825.5576923076923,0.0,0.0,0.0,0.0
1,1991.0,0.0,Pertussis,All,359.3269230769231,0.0,0.0,,5.887011739017085,-0.5661547285815565,0.0,0.0,0.0,359.3269230769231,0.0,30.176,825.5576923076923,825.5576923076923,0.0,709.0,233.11538461538098,0.0,-0.5647464417992499,0.0
2,1991.0,0.0,Pertussis,All,359.3269230769231,0.0,0.0,,5.887011739017085,-0.5661547285815565,0.0,0.0,0.0,359.3269230769231,0.0,30.176,359.3269230769231,592.4423076923076,0.0,592.4423076923076,269.1784601198672,0.0,0.0,0.0
3,1991.0,0.0,Pertussis,All,359.3269230769231,0.0,0.0,,5.887011739017085,-0.5661547285815565,0.0,0.0,0.0,359.3269230769231,0.0,30.176,359.3269230769231,359.3269230769231,0.0,475.88461538461536,233.11538461537975,0.0,0.0,0.0
4,1991.0,0.0,Pertussis,All,359.3269230769231,0.0,0.0,,5.887011739017085,-0.5661547285815565,0.0,0.0,0.0,359.3269230769231,0.0,30.176,359.3269230769231,359.3269230769231,0.0,359.3269230769231,0.0,0.0,0.0,0.0
5,1991.0,0.0,Pertussis,All,359.3269230769231,0.0,0.0,,5.887011739017085,-0.5661547285815565,0.0,0.0,0.0,359.3269230769231,0.0,30.176,359.3269230769231,359.3269230769231,0.0,359.3269230769231,0.0,0.0,0.0,0.0
6,1991.0,0.0,Pertussis,All,359.3269230769231,0.0,0.0,,5.887011739017085,-0.5661547285815565,0.0,0.0,0.0,359.3269230769231,0.0,30.176,359.3269230769231,359.3269230769231,0.0,359.3269230769231,0.0,0.0,0.0,0.0
7,1991.0,0.0,Pertussis,All,359.3269230769231,0.0,0.0,,5.887011739017085,-0.5661547285815565,0.0,0.0,0.0,359.3269230769231,0.0,30.176,359.3269230769231,359.3269230769231,0.0,359.3269230769231,0.0,0.0,0.0,0.0
8,1991.0,0.0,Pertussis,All,359.3269230769231,0.0,0.0,,5.887011739017085,-0.5661547285815565,0.0,0.0,0.0,359.3269230769231,0.0,30.176,359.3269230769231,359.3269230769231,0.0,359.3269230769231,0.0,0.0,0.0,0.0
9,1991.0,0.0,Pertussis,All,359.3269230769231,0.0,0.0,,5.887011739017085,-0.5661547285815565,0.0,0.0,0.0,359.3269230769231,0.0,30.176,359.3269230769231,359.3269230769231,0.0,359.3269230769231,0.0,0.0,0.0,0.0
10,1991.0,0.0,Pertussis,All,359.3269230769231,0.0,0.0,,5.887011739017085,-0.5661547285815565,0.0,0.0,0.0,359.3269230769231,0.0,30.176,359.3269230769231,359.3269230769231,0.0,359.3269230769231,0.0,0.0,0.0,0.0
11,1991.0,0.0,Pertussis,All,359.3269230769231,0.0,0.0,,5.887011739017085,-0.5661547285815565,0.0,0.0,0.0,359.3269230769231,0.0,30.176,359.3269230769231,359.3269230769231,0.0,359.3269230769231,0.0,0.0,0.0,0.0
12,1991.0,0.0,Pertussis,All,359.3269230769231,0.0,0.0,,5.887011739017085,-0.5661547285815565,0.0,0.0,0.0,359.3269230769231,0.0,30.176,359.3269230769231,359.3269230769231,0.0,359.3269230769231,0.0,0.0,0.0,0.0
13,1991.0,0.0,Pertussis,All,359.3269230769231,0.0,0.0,,5.887011739017085,-0.5661547285815565,0.0,0.0,0.0,359.3269230769231,0.0,30.176,359.3269230769231,359.3269230769231,0.0,359.3269230769231,0.0,0.0,0.0,0.0
14,1991.0,0.0,Pertussis,All,359.3269230769231,0.0,0.0,,5.887011739017085,-0.5661547285815565,0.0,0.0,0.0,359.3269230769231,0.0,30.176,359.3269230769231,359.3269230769231,0.0,359.3269230769231,0.0,0.0,0.0,0.0
15,1991.0,0.0,Pertussis,All,359.3269230769231,0.0,0.0,,5.887011739017085,-0.5661547285815565,0.0,0.0,0.0,359.3269230769231,0.0,30.176,359.3269230769231,359.3269230769231,0.0,359.3269230769231,0.0,0.0,0.0,0.0
16,1991.0,0.0,Pertussis,All,359.3269230769231,0.0,0.0,,5.887011739017085,-0.5661547285815565,0.0,0.0,0.0,359.3269230769231,0.0,30.176,359.3269230769231,359.3269230769231,0.0,359.3269230769231,0.0,0.0,0.0,0.0
17,1991.0,0.0,Pertussis,All,359.3269230769231,0.0,0.0,,5.887011739017085,-0.5661547285815565,0.0,0.0,0.0,359.3269230769231,0.0,30.176,359.3269230769231,359.3269230769231,0.0,359.3269230769231,0.0,0.0,0.0,0.0
18,1991.0,0.0,Pertussis,All,359.3269230769231,0.0,0.0,,5.887011739017085,-0.5661547285815565,0.0,0.0,0.0,359.3269230769231,0.0,30.176,359.3269230769231,359.3269230769231,0.0,359.3269230769231,0.0,0.0,0.0,0.0
19,1991.0,0.0,Pertussis,All,359.3269230769231,0.0,0.0,,5.887011739017085,-0.5661547285815565,0.0,0.0,0.0,359.3269230769231,0.0,30.176,359.3269230769231,359.3269230769231,0.0,359.3269230769231,0.0,0.0,0.0,0.0
20,1991.0,0.0,Pertussis,All,359.3269230769231,0.0,0.0,,5.887011739017085,-0.5661547285815565,0.0,0.0,0.0,359.3269230769231,0.0,30.176,359.3269230769231,359.3269230769231,0.0,359.3269230769231,0.0,0.0,0.0,0.0
21,1991.0,0.0,Pertussis,All,359.3269230769231,0.0,0.0,,5.887011739017085,-0.5661547285815565,0.0,0.0,0.0,359.3269230769231,0.0,30.176,359.3269230769231,359.3269230769231,0.0,359.3269230769231,0.0,0.0,0.0,0.0
22,1991.0,0.0,Pertussis,All,359.3269230769231,0.0,0.0,,5.887011739017085,-0.5661547285815565,0.0,0.0,0.0,359.3269230769231,0.0,30.176,359.3269230769231,359.3269230769231,0.0,359.3269230769231,0.0,0.0,0.0,0.0
23,1991.0,0.0,Pertussis,All,359.3269230769231,0.0,0.0,,5.887011739017085,-0.5661547285815565,0.0,0.0,0.0,359.3269230769231,0.0,30.176,359.3269230769231,359.3269230769231,0.0,359.3269230769231,0.0,0.0,0.0,0.0
24,1991.0,0.0,Pertussis,All,359.3269230769231,0.0,0.0,,5.887011739017085,-0.5661547285815565,0.0,0.0,0.0,359.3269230769231,0.0,30.176,359.3269230769231,359.3269230769231,0.0,359.3269230769231,0.0,0.0,0.0,0.0
25,1991.0,0.0,Pertussis,All,359.3269230769231,0.0,0.0,,5.887011739017085,-0.5661547285815565,0.0,0.0,0.0,359.3269230769231,0.0,30.176,359.3269230769231,359.3269230769231,0.0,359.3269230769231,0.0,0.0,0.0,0.0
26,1991.0,0.0,Pertussis,All,359.3269230769231,0.0,0.0,,5.887011739017085,-0.5661547285815565,0.0,0.0,0.0,359.3269230769231,0.0,30.176,359.3269230769231,359.3269230769231,0.0,359.3269230769231,0.0,0.0,0.0,0.0
27,1991.0,0.0,Pertussis,All,359.3269230769231,0.0,0.0,,5.887011739017085,-0.5661547285815565,0.0,0.0,0.0,359.3269230769231,0.0,30.176,359.3269230769231,359.3269230769231,0.0,359.3269230769231,0.0,0.0,0.0,0.0
28,1991.0,0.0,Pertussis,All,359.3269230769231,0.0,0.0,,5.887011739017085,-0.5661547285815565,0.0,0.0,0.0,359.3269230769231,0.0,30.176,359.3269230769231,359.3269230769231,0.0,359.3269230769231,0.0,0.0,0.0,0.0
29,1991.0,0.0,Pertussis,All,359.3269230769231,0.0,0.0,,5.887011739017085,-0.5661547285815565,0.0,0.0,0.0,359.3269230769231,0.0,30.176,359.3269230769231,359.3269230769231,0.0,359.3269230769231,0.0,0.0,0.0,0.0
30,1991.0,0.0,Pertussis,All,359.3269230769231,0.0,0.0,,5.887011739017085,-0.5661547285815565,0.0,0.0,0.0,359.3269230769231,0.0,30.176,359.3269230769231,359.3269230769231,0.0,359.3269230769231,0.0,0.0,0.0,0.0
31,1991.0,0.0,Pertussis,All,359.3269230769231,0.0,0.0,,5.887011739017085,-0.5661547285815565,0.0,0.0,0.0,359.3269230769231,0.0,30.176,359.3269230769231,359.3269230769231,0.0,359.3269230769231,0.0,0.0,0.0,0.0
32,1991.0,0.0,Pertussis,All,359.3269230769231,0.0,0.0,,5.887011739017085,-0.5661547285815565,0.0,0.0,0.0,359.3269230769231,0.0,30.176,359.3269230769231,359.3269230769231,0.0,359.3269230769231,0.0,0.0,0.0,0.0
33,1991.0,0.0,Pertussis,All,359.3269230769231,0.0,0.0,,5.887011739017085,-0.5661547285815565,0.0,0.0,0.0,359.3269230769231,0.0,30.176,359.3269230769231,359.3269230769231,0.0,359.3269230769231,0.0,0.0,0.0,0.0
34,1991.0,0.0,Pertussis,All,359.3269230769231,0.0,0.0,,5.887011739017085,-0.5661547285815565,0.0,0.0,0.0,359.3269230769231,0.0,30.176,359.3269230769231,359.3269230769231,0.0,359.3269230769231,0.0,0.0,0.0,0.0
35,1991.0,0.0,Pertussis,All,359.3269230769231,0.0,0.0,,5.887011739017085,-0.5661547285815565,0.0,0.0,0.0,359.3269230769231,0.0,30.176,359.3269230769231,359.3269230769231,0.0,359.3269230769231,0.0,0.0,0.0,0.0
36,1991.0,0.0,Pertussis,All,359.3269230769231,0.0,0.0,,5.887011739017085,-0.5661547285815565,0.0,0.0,0.0,359.3269230769231,0.0,30.176,359.3269230769231,359.3269230769231,0.0,359.3269230769231,0.0,0.0,0.0,0.0
37,1991.0,0.0,Pertussis,All,359.3269230769231,0.0,0.0,,5.887011739017085,-0.5661547285815565,0.0,0.0,0.0,359.3269230769231,0.0,30.176,359.3269230769231,359.3269230769231,0.0,359.3269230769231,0.0,0.0,0.0,0.0
38,1991.0,0.0,Pertussis,All,359.3269230769231,0.0,0.0,,5.887011739017085,-0.5661547285815565,0.0,0.0,0.0,359.3269230769231,0.0,30.176,359.3269230769231,359.3269230769231,0.0,359.3269230769231,0.0,0.0,0.0,0.0
39,1991.0,0.0,Pertussis,All,359.3269230769231,0.0,0.0,,5.887011739017085,-0.5661547285815565,0.0,0.0,0.0,359.3269230769231,0.0,30.176,359.3269230769231,359.3269230769231,0.0,359.3269230769231,0.0,0.0,0.0,0.0
40,1991.0,0.0,Pertussis,All,359.3269230769231,0.0,0.0,,5.887011739017085,-0.5661547285815565,0.0,0.0,0.0,359.3269230769231,0.0,30.176,359.3269230769231,359.3269230769231,0.0,359.3269230769231,0.0,0.0,0.0,0.0
41,1991.0,0.0,Pertussis,All,359.3269230769231,0.0,0.0,,5.887011739017085,-0.5661547285815565,0.0,0.0,0.0,359.3269230769231,0.0,30.176,359.3269230769231,359.3269230769231,0.0,359.3269230769231,0.0,0.0,0.0,0.0
42,1991.0,0.0,Pertussis,All,359.3269230769231,0.0,0.0,,5.887011739017085,-0.5661547285815565,0.0,0.0,0.0,359.3269230769231,0.0,30.176,359.3269230769231,359.3269230769231,0.0,359.3269230769231,0.0,0.0,0.0,0.0
43,1991.0,0.0,Pertussis,All,359.3269230769231,0.0,0.0,,5.887011739017085,-0.5661547285815565,0.0,0.0,0.0,359.3269230769231,0.0,30.176,359.3269230769231,359.3269230769231,0.0,359.3269230769231,0.0,0.0,0.0,0.0
44,1991.0,0.0,Pertussis,All,359.3269230769231,0.0,0.0,,5.887011739017085,-0.5661547285815565,0.0,0.0,0.0,359.3269230769231,0.0,30.176,359.3269230769231,359.3269230769231,0.0,359.3269230769231,0.0,0.0,0.0,0.0
45,1991.0,0.0,Pertussis,All,359.3269230769231,0.0,0.0,,5.887011739017085,-0.5661547285815565,0.0,0.0,0.0,359.3269230769231,0.0,30.176,359.3269230769231,359.3269230769231,0.0,359.3269230769231,0.0,0.0,0.0,0.0
46,1991.0,0.0,Pertussis,All,359.3269230769231,0.0,0.0,,5.887011739017085,-0.5661547285815565,0.0,0.0,0.0,359.3269230769231,0.0,30.176,359.3269230769231,359.3269230769231,0.0,359.3269230769231,0.0,0.0,0.0,0.0
47,1991.0,0.0,Pertussis,All,359.3269230769231,0.0,0.0,,5.887011739017085,-0.5661547285815565,0.0,0.0,0.0,359.3269230769231,0.0,30.176,359.3269230769231,359.3269230769231,0.0,359.3269230769231,0.0,0.0,0.0,0.0
48,1991.0,0.0,Pertussis,All,359.3269230769231,0.0,0.0,,5.887011739017085,-0.5661547285815565,0.0,0.0,0.0,359.3269230769231,0.0,30.176,359.3269230769231,359.3269230769231,0.0,359.3269230769231,0.0,0.0,0.0,0.0
49,1991.0,0.0,Pertussis,All,359.3269230769231,0.0,0.0,,5.887011739017085,-0.5661547285815565,0.0,0.0,0.0,359.3269230769231,0.0,30.176,359.3269230769231,359.3269230769231,0.0,359.3269230769231,0.0,0.0,0.0,0.0
50,1991.0,0.0,Pertussis,All,359.3269230769231,0.0,0.0,,5.887011739017085,-0.5661547285815565,0.0,0.0,0.0,359.3269230769231,0.0,30.176,359.3269230769231,359.3269230769231,0.0,359.3269230769231,0.0,0.0,0.0,0.0
51,1991.0,0.0,Pertussis,All,359.3269230769231,0.0,0.0,,5.887011739017085,-0.5661547285815565,0.0,0.0,0.0,359.3269230769231,0.0,30.176,359.3269230769231,359.3269230769231,0.0,359.3269230769231,0.0,0.0,0.0,0.0
52,1991.0,0.0,Pertussis,All,359.3269230769231,0.0,0.0,,5.887011739017085,-0.5661547285815565,0.0,0.0,0.0,359.3269230769231,0.0,30.176,359.3269230769231,359.3269230769231,0.0,359.3269230769231,0.0,0.0,0.0,0.0
1,1992.0,0.0,Pertussis,All,426.2307692307692,0.0,0.0,,6.057324310405208,-0.40621078083398443,0.0,0.0,0.0,426.2307692307692,0.0,30.677,359.3269230769231,359.3269230769231,0.0,376.05288461538464,33.45192307688567,0.0,0.1861921327267861,0.0
2,1992.0,0.0,Pertussis,All,426.2307692307692,0.0,0.0,,6.057324310405208,-0.40621078083398443,0.0,0.0,0.0,426.2307692307692,0.0,30.677,426.2307692307692,392.7788461538462,0.0,392.7788461538462,38.6269535867125,0.0,0.0,0.0
3,1992.0,0.0,Pertussis,All,426.2307692307692,0.0,0.0,,6.057324310405208,-0.40621078083398443,0.0,0.0,0.0,426.2307692307692,0.0,30.677,426.2307692307692,426.2307692307692,0.0,409.5048076923077,33.45192307688686,0.0,0.0,0.0
4,1992.0,0.0,Pertussis,All,426.2307692307692,0.0,0.0,,6.057324310405208,-0.40621078083398443,0.0,0.0,0.0,426.2307692307692,0.0,30.677,426.2307692307692,426.2307692307692,0.0,426.2307692307692,0.0,0.0,0.0,0.0
5,1992.0,0.0,Pertussis,All,426.2307692307692,0.0,0.0,,6.057324310405208,-0.40621078083398443,0.0,0.0,0.0,426.2307692307692,0.0,30.677,426.2307692307692,426.2307692307692,0.0,426.2307692307692,0.0,0.0,0.0,0.0
6,1992.0,0.0,Pertussis,All,426.2307692307692,0.0,0.0,,6.057324310405208,-0.40621078083398443,0.0,0.0,0.0,426.2307692307692,0.0,30.677,426.2307692307692,426.2307692307692,0.0,426.2307692307692,0.0,0.0,0.0,0.0
7,1992.0,0.0,Pertussis,All,426.2307692307692,0.0,0.0,,6.057324310405208,-0.40621078083398443,0.0,0.0,0.0,426.2307692307692,0.0,30.677,426.2307692307692,426.2307692307692,0.0,426.2307692307692,0.0,0.0,0.0,0.0
8,1992.0,0.0,Pertussis,All,426.2307692307692,0.0,0.0,,6.057324310405208,-0.40621078083398443,0.0,0.0,0.0,426.2307692307692,0.0,30.677,426.2307692307692,426.2307692307692,0.0,426.2307692307692,0.0,0.0,0.0,0.0
9,1992.0,0.0,Pertussis,All,426.2307692307692,0.0,0.0,,6.057324310405208,-0.40621078083398443,0.0,0.0,0.0,426.2307692307692,0.0,30.677,426.2307692307692,426.2307692307692,0.0,426.2307692307692,0.0,0.0,0.0,0.0
10,1992.0,0.0,Pertussis,All,426.2307692307692,0.0,0.0,,6.057324310405208,-0.40621078083398443,0.0,0.0,0.0,426.2307692307692,0.0,30.677,426.2307692307692,426.2307692307692,0.0,426.2307692307692,0.0,0.0,0.0,0.0
11,1992.0,0.0,Pertussis,All,426.2307692307692,0.0,0.0,,6.057324310405208,-0.40621078083398443,0.0,0.0,0.0,426.2307692307692,0.0,30.677,426.2307692307692,426.2307692307692,0.0,426.2307692307692,0.0,0.0,0.0,0.0
12,1992.0,0.0,Pertussis,All,426.2307692307692,0.0,0.0,,6.057324310405208,-0.40621078083398443,0.0,0.0,0.0,426.2307692307692,0.0,30.677,426.2307692307692,426.2307692307692,0.0,426.2307692307692,0.0,0.0,0.0,0.0
13,1992.0,0.0,Pertussis,All,426.2307692307692,0.0,0.0,,6.057324310405208,-0.40621078083398443,0.0,0.0,0.0,426.2307692307692,0.0,30.677,426.2307692307692,426.2307692307692,0.0,426.2307692307692,0.0,0.0,0.0,0.0
14,1992.0,0.0,Pertussis,All,426.2307692307692,0.0,0.0,,6.057324310405208,-0.40621078083398443,0.0,0.0,0.0,426.2307692307692,0.0,30.677,426.2307692307692,426.2307692307692,0.0,426.2307692307692,0.0,0.0,0.0,0.0
15,1992.0,0.0,Pertussis,All,426.2307692307692,0.0,0.0,,6.057324310405208,-0.40621078083398443,0.0,0.0,0.0,426.2307692307692,0.0,30.677,426.2307692307692,426.2307692307692,0.0,426.2307692307692,0.0,0.0,0.0,0.0
16,1992.0,0.0,Pertussis,All,426.2307692307692,0.0,0.0,,6.057324310405208,-0.40621078083398443,0.0,0.0,0.0,426.2307692307692,0.0,30.677,426.2307692307692,426.2307692307692,0.0,426.2307692307692,0.0,0.0,0.0,0.0
17,1992.0,0.0,Pertussis,All,426.2307692307692,0.0,0.0,,6.057324310405208,-0.40621078083398443,0.0,0.0,0.0,426.2307692307692,0.0,30.677,426.2307692307692,426.2307692307692,0.0,426.2307692307692,0.0,0.0,0.0,0.0
18,1992.0,0.0,Pertussis,All,426.2307692307692,0.0,0.0,,6.057324310405208,-0.40621078083398443,0.0,0.0,0.0,426.2307692307692,0.0,30.677,426.2307692307692,426.2307692307692,0.0,426.2307692307692,0.0,0.0,0.0,0.0
19,1992.0,0.0,Pertussis,All,426.2307692307692,0.0,0.0,,6.057324310405208,-0.40621078083398443,0.0,0.0,0.0,426.2307692307692,0.0,30.677,426.2307692307692,426.2307692307692,0.0,426.2307692307692,0.0,0.0,0.0,0.0
20,1992.0,0.0,Pertussis,All,426.2307692307692,0.0,0.0,,6.057324310405208,-0.40621078083398443,0.0,0.0,0.0,426.2307692307692,0.0,30.677,426.2307692307692,426.2307692307692,0.0,426.2307692307692,0.0,0.0,0.0,0.0
21,1992.0,0.0,Pertussis,All,426.2307692307692,0.0,0.0,,6.057324310405208,-0.40621078083398443,0.0,0.0,0.0,426.2307692307692,0.0,30.677,426.2307692307692,426.2307692307692,0.0,426.2307692307692,0.0,0.0,0.0,0.0
22,1992.0,0.0,Pertussis,All,426.2307692307692,0.0,0.0,,6.057324310405208,-0.40621078083398443,0.0,0.0,0.0,426.2307692307692,0.0,30.677,426.2307692307692,426.2307692307692,0.0,426.2307692307692,0.0,0.0,0.0,0.0
23,1992.0,0.0,Pertussis,All,426.2307692307692,0.0,0.0,,6.057324310405208,-0.40621078083398443,0.0,0.0,0.0,426.2307692307692,0.0,30.677,426.2307692307692,426.2307692307692,0.0,426.2307692307692,0.0,0.0,0.0,0.0
24,1992.0,0.0,Pertussis,All,426.2307692307692,0.0,0.0,,6.057324310405208,-0.40621078083398443,0.0,0.0,0.0,426.2307692307692,0.0,30.677,426.2307692307692,426.2307692307692,0.0,426.2307692307692,0.0,0.0,0.0,0.0
25,1992.0,0.0,Pertussis,All,426.2307692307692,0.0,0.0,,6.057324310405208,-0.40621078083398443,0.0,0.0,0.0,426.2307692307692,0.0,30.677,426.2307692307692,426.2307692307692,0.0,426.2307692307692,0.0,0.0,0.0,0.0
26,1992.0,0.0,Pertussis,All,426.2307692307692,0.0,0.0,,6.057324310405208,-0.40621078083398443,0.0,0.0,0.0,426.2307692307692,0.0,30.677,426.2307692307692,426.2307692307692,0.0,426.2307692307692,0.0,0.0,0.0,0.0
27,1992.0,0.0,Pertussis,All,426.2307692307692,0.0,0.0,,6.057324310405208,-0.40621078083398443,0.0,0.0,0.0,426.2307692307692,0.0,30.677,426.2307692307692,426.2307692307692,0.0,426.2307692307692,0.0,0.0,0.0,0.0
28,1992.0,0.0,Pertussis,All,426.2307692307692,0.0,0.0,,6.057324310405208,-0.40621078083398443,0.0,0.0,0.0,426.2307692307692,0.0,30.677,426.2307692307692,426.2307692307692,0.0,426.2307692307692,0.0,0.0,0.0,0.0
29,1992.0,0.0,Pertussis,All,426.2307692307692,0.0,0.0,,6.057324310405208,-0.40621078083398443,0.0,0.0,0.0,426.2307692307692,0.0,30.677,426.2307692307692,426.2307692307692,0.0,426.2307692307692,0.0,0.0,0.0,0.0
30,1992.0,0.0,Pertussis,All,426.2307692307692,0.0,0.0,,6.057324310405208,-0.40621078083398443,0.0,0.0,0.0,426.2307692307692,0.0,30.677,426.2307692307692,426.2307692307692,0.0,426.2307692307692,0.0,0.0,0.0,0.0
31,1992.0,0.0,Pertussis,All,426.2307692307692,0.0,0.0,,6.057324310405208,-0.40621078083398443,0.0,0.0,0.0,426.2307692307692,0.0,30.677,426.2307692307692,426.2307692307692,0.0,426.2307692307692,0.0,0.0,0.0,0.0
32,1992.0,0.0,Pertussis,All,426.2307692307692,0.0,0.0,,6.057324310405208,-0.40621078083398443,0.0,0.0,0.0,426.2307692307692,0.0,30.677,426.2307692307692,426.2307692307692,0.0,426.2307692307692,0.0,0.0,0.0,0.0
33,1992.0,0.0,Pertussis,All,426.2307692307692,0.0,0.0,,6.057324310405208,-0.40621078083398443,0.0,0.0,0.0,426.2307692307692,0.0,30.677,426.2307692307692,426.2307692307692,0.0,426.2307692307692,0.0,0.0,0.0,0.0
34,1992.0,0.0,Pertussis,All,426.2307692307692,0.0,0.0,,6.057324310405208,-0.40621078083398443,0.0,0.0,0.0,426.2307692307692,0.0,30.677,426.2307692307692,426.2307692307692,0.0,426.2307692307692,0.0,0.0,0.0,0.0
35,1992.0,0.0,Pertussis,All,426.2307692307692,0.0,0.0,,6.057324310405208,-0.40621078083398443,0.0,0.0,0.0,426.2307692307692,0.0,30.677,426.2307692307692,426.2307692307692,0.0,426.2307692307692,0.0,0.0,0.0,0.0
36,1992.0,0.0,Pertussis,All,426.2307692307692,0.0,0.0,,6.057324310405208,-0.40621078083398443,0.0,0.0,0.0,426.2307692307692,0.0,30.677,426.2307692307692,426.2307692307692,0.0,426.2307692307692,0.0,0.0,0.0,0.0
37,1992.0,0.0,Pertussis,All,426.2307692307692,0.0,0.0,,6.057324310405208,-0.40621078083398443,0.0,0.0,0.0,426.2307692307692,0.0,30.677,426.2307692307692,426.2307692307692,0.0,426.2307692307692,0.0,0.0,0.0,0.0
38,1992.0,0.0,Pertussis,All,426.2307692307692,0.0,0.0,,6.057324310405208,-0.40621078083398443,0.0,0.0,0.0,426.2307692307692,0.0,30.677,426.2307692307692,426.2307692307692,0.0,426.2307692307692,0.0,0.0,0.0,0.0
39,1992.0,0.0,Pertussis,All,426.2307692307692,0.0,0.0,,6.057324310405208,-0.40621078083398443,0.0,0.0,0.0,426.2307692307692,0.0,30.677,426.2307692307692,426.2307692307692,0.0,426.2307692307692,0.0,0.0,0.0,0.0
40,1992.0,0.0,Pertussis,All,426.2307692307692,0.0,0.0,,6.057324310405208,-0.40621078083398443,0.0,0.0,0.0,426.2307692307692,0.0,30.677,426.2307692307692,426.2307692307692,0.0,426.2307692307692,0.0,0.0,0.0,0.0
41,1992.0,0.0,Pertussis,All,426.2307692307692,0.0,0.0,,6.057324310405208,-0.40621078083398443,0.0,0.0,0.0,426.2307692307692,0.0,30.677,426.2307692307692,426.2307692307692,0.0,426.2307692307692,0.0,0.0,0.0,0.0
42,1992.0,0.0,Pertussis,All,426.2307692307692,0.0,0.0,,6.057324310405208,-0.40621078083398443,0.0,0.0,0.0,426.2307692307692,0.0,30.677,426.2307692307692,426.2307692307692,0.0,426.2307692307692,0.0,0.0,0.0,0.0
43,1992.0,0.0,Pertussis,All,426.2307692307692,0.0,0.0,,6.057324310405208,-0.40621078083398443,0.0,0.0,0.0,426.2307692307692,0.0,30.677,426.2307692307692,426.2307692307692,0.0,426.2307692307692,0.0,0.0,0.0,0.0
44,1992.0,0.0,Pertussis,All,426.2307692307692,0.0,0.0,,6.057324310405208,-0.40621078083398443,0.0,0.0,0.0,426.2307692307692,0.0,30.677,426.2307692307692,426.2307692307692,0.0,426.2307692307692,0.0,0.0,0.0,0.0
45,1992.0,0.0,Pertussis,All,426.2307692307692,0.0,0.0,,6.057324310405208,-0.40621078083398443,0.0,0.0,0.0,426.2307692307692,0.0,30.677,426.2307692307692,426.2307692307692,0.0,426.2307692307692,0.0,0.0,0.0,0.0
46,1992.0,0.0,Pertussis,All,426.2307692307692,0.0,0.0,,6.057324310405208,-0.40621078083398443,0.0,0.0,0.0,426.2307692307692,0.0,30.677,426.2307692307692,426.2307692307692,0.0,426.2307692307692,0.0,0.0,0.0,0.0
47,1992.0,0.0,Pertussis,All,426.2307692307692,0.0,0.0,,6.057324310405208,-0.40621078083398443,0.0,0.0,0.0,426.2307692307692,0.0,30.677,426.2307692307692,426.2307692307692,0.0,426.2307692307692,0.0,0.0,0.0,0.0
48,1992.0,0.0,Pertussis,All,426.2307692307692,0.0,0.0,,6.057324310405208,-0.40621078083398443,0.0,0.0,0.0,426.2307692307692,0.0,30.677,426.2307692307692,426.2307692307692,0.0,426.2307692307692,0.0,0.0,0.0,0.0
49,1992.0,0.0,Pertussis,All,426.2307692307692,0.0,0.0,,6.057324310405208,-0.40621078083398443,0.0,0.0,0.0,426.2307692307692,0.0,30.677,426.2307692307692,426.2307692307692,0.0,426.2307692307692,0.0,0.0,0.0,0.0
50,1992.0,0.0,Pertussis,All,426.2307692307692,0.0,0.0,,6.057324310405208,-0.40621078083398443,0.0,0.0,0.0,426.2307692307692,0.0,30.677,426.2307692307692,426.2307692307692,0.0,426.2307692307692,0.0,0.0,0.0,0.0
51,1992.0,0.0,Pertussis,All,426.2307692307692,0.0,0.0,,6.057324310405208,-0.40621078083398443,0.0,0.0,0.0,426.2307692307692,0.0,30.677,426.2307692307692,426.2307692307692,0.0,426.2307692307692,0.0,0.0,0.0,0.0
52,1992.0,0.0,Pertussis,All,426.2307692307692,0.0,0.0,,6.057324310405208,-0.40621078083398443,0.0,0.0,0.0,426.2307692307692,0.0,30.677,426.2307692307692,426.2307692307692,0.0,426.2307692307692,0.0,0.0,0.0,0.0
1,1993.0,0.0,Pertussis,All,457.6923076923077,0.0,0.0,,6.128379631661569,-0.33099712791215985,0.0,0.0,0.0,457.6923076923077,0.0,31.182,426.2307692307692,426.2307692307692,0.0,434.0961538461538,15.730769230694008,0.0,0.07381339108464174,0.0
2,1993.0,0.0,Pertussis,All,457.6923076923077,0.0,0.0,,6.128379631661569,-0.33099712791215985,0.0,0.0,0.0,457.6923076923077,0.0,31.182,457.6923076923077,441.96153846153845,0.0,441.96153846153845,18.164327699824334,0.0,0.0,0.0
3,1993.0,0.0,Pertussis,All,457.6923076923077,0.0,0.0,,6.128379631661569,-0.33099712791215985,0.0,0.0,0.0,457.6923076923077,0.0,31.182,457.6923076923077,457.6923076923077,0.0,449.8269230769231,15.730769230695147,0.0,0.0,0.0
4,1993.0,0.0,Pertussis,All,457.6923076923077,0.0,0.0,,6.128379631661569,-0.33099712791215985,0.0,0.0,0.0,457.6923076923077,0.0,31.182,457.6923076923077,457.6923076923077,0.0,457.6923076923077,0.0,0.0,0.0,0.0
5,1993.0,0.0,Pertussis,All,457.6923076923077,0.0,0.0,,6.128379631661569,-0.33099712791215985,0.0,0.0,0.0,457.6923076923077,0.0,31.182,457.6923076923077,457.6923076923077,0.0,457.6923076923077,0.0,0.0,0.0,0.0
6,1993.0,0.0,Pertussis,All,457.6923076923077,0.0,0.0,,6.128379631661569,-0.33099712791215985,0.0,0.0,0.0,457.6923076923077,0.0,31.182,457.6923076923077,457.6923076923077,0.0,457.6923076923077,0.0,0.0,0.0,0.0
7,1993.0,0.0,Pertussis,All,457.6923076923077,0.0,0.0,,6.128379631661569,-0.33099712791215985,0.0,0.0,0.0,457.6923076923077,0.0,31.182,457.6923076923077,457.6923076923077,0.0,457.6923076923077,0.0,0.0,0.0,0.0
8,1993.0,0.0,Pertussis,All,457.6923076923077,0.0,0.0,,6.128379631661569,-0.33099712791215985,0.0,0.0,0.0,457.6923076923077,0.0,31.182,457.6923076923077,457.6923076923077,0.0,457.6923076923077,0.0,0.0,0.0,0.0
9,1993.0,0.0,Pertussis,All,457.6923076923077,0.0,0.0,,6.128379631661569,-0.33099712791215985,0.0,0.0,0.0,457.6923076923077,0.0,31.182,457.6923076923077,457.6923076923077,0.0,457.6923076923077,0.0,0.0,0.0,0.0
10,1993.0,0.0,Pertussis,All,457.6923076923077,0.0,0.0,,6.128379631661569,-0.33099712791215985,0.0,0.0,0.0,457.6923076923077,0.0,31.182,457.6923076923077,457.6923076923077,0.0,457.6923076923077,0.0,0.0,0.0,0.0
11,1993.0,0.0,Pertussis,All,457.6923076923077,0.0,0.0,,6.128379631661569,-0.33099712791215985,0.0,0.0,0.0,457.6923076923077,0.0,31.182,457.6923076923077,457.6923076923077,0.0,457.6923076923077,0.0,0.0,0.0,0.0
12,1993.0,0.0,Pertussis,All,457.6923076923077,0.0,0.0,,6.128379631661569,-0.33099712791215985,0.0,0.0,0.0,457.6923076923077,0.0,31.182,457.6923076923077,457.6923076923077,0.0,457.6923076923077,0.0,0.0,0.0,0.0
13,1993.0,0.0,Pertussis,All,457.6923076923077,0.0,0.0,,6.128379631661569,-0.33099712791215985,0.0,0.0,0.0,457.6923076923077,0.0,31.182,457.6923076923077,457.6923076923077,0.0,457.6923076923077,0.0,0.0,0.0,0.0
14,1993.0,0.0,Pertussis,All,457.6923076923077,0.0,0.0,,6.128379631661569,-0.33099712791215985,0.0,0.0,0.0,457.6923076923077,0.0,31.182,457.6923076923077,457.6923076923077,0.0,457.6923076923077,0.0,0.0,0.0,0.0
15,1993.0,0.0,Pertussis,All,457.6923076923077,0.0,0.0,,6.128379631661569,-0.33099712791215985,0.0,0.0,0.0,457.6923076923077,0.0,31.182,457.6923076923077,457.6923076923077,0.0,457.6923076923077,0.0,0.0,0.0,0.0
16,1993.0,0.0,Pertussis,All,457.6923076923077,0.0,0.0,,6.128379631661569,-0.33099712791215985,0.0,0.0,0.0,457.6923076923077,0.0,31.182,457.6923076923077,457.6923076923077,0.0,457.6923076923077,0.0,0.0,0.0,0.0
17,1993.0,0.0,Pertussis,All,457.6923076923077,0.0,0.0,,6.128379631661569,-0.33099712791215985,0.0,0.0,0.0,457.6923076923077,0.0,31.182,457.6923076923077,457.6923076923077,0.0,457.6923076923077,0.0,0.0,0.0,0.0
18,1993.0,0.0,Pertussis,All,457.6923076923077,0.0,0.0,,6.128379631661569,-0.33099712791215985,0.0,0.0,0.0,457.6923076923077,0.0,31.182,457.6923076923077,457.6923076923077,0.0,457.6923076923077,0.0,0.0,0.0,0.0
19,1993.0,0.0,Pertussis,All,457.6923076923077,0.0,0.0,,6.128379631661569,-0.33099712791215985,0.0,0.0,0.0,457.6923076923077,0.0,31.182,457.6923076923077,457.6923076923077,0.0,457.6923076923077,0.0,0.0,0.0,0.0
20,1993.0,0.0,Pertussis,All,457.6923076923077,0.0,0.0,,6.128379631661569,-0.33099712791215985,0.0,0.0,0.0,457.6923076923077,0.0,31.182,457.6923076923077,457.6923076923077,0.0,457.6923076923077,0.0,0.0,0.0,0.0
21,1993.0,0.0,Pertussis,All,457.6923076923077,0.0,0.0,,6.128379631661569,-0.33099712791215985,0.0,0.0,0.0,457.6923076923077,0.0,31.182,457.6923076923077,457.6923076923077,0.0,457.6923076923077,0.0,0.0,0.0,0.0
22,1993.0,0.0,Pertussis,All,457.6923076923077,0.0,0.0,,6.128379631661569,-0.33099712791215985,0.0,0.0,0.0,457.6923076923077,0.0,31.182,457.6923076923077,457.6923076923077,0.0,457.6923076923077,0.0,0.0,0.0,0.0
23,1993.0,0.0,Pertussis,All,457.6923076923077,0.0,0.0,,6.128379631661569,-0.33099712791215985,0.0,0.0,0.0,457.6923076923077,0.0,31.182,457.6923076923077,457.6923076923077,0.0,457.6923076923077,0.0,0.0,0.0,0.0
24,1993.0,0.0,Pertussis,All,457.6923076923077,0.0,0.0,,6.128379631661569,-0.33099712791215985,0.0,0.0,0.0,457.6923076923077,0.0,31.182,457.6923076923077,457.6923076923077,0.0,457.6923076923077,0.0,0.0,0.0,0.0
25,1993.0,0.0,Pertussis,All,457.6923076923077,0.0,0.0,,6.128379631661569,-0.33099712791215985,0.0,0.0,0.0,457.6923076923077,0.0,31.182,457.6923076923077,457.6923076923077,0.0,457.6923076923077,0.0,0.0,0.0,0.0
26,1993.0,0.0,Pertussis,All,457.6923076923077,0.0,0.0,,6.128379631661569,-0.33099712791215985,0.0,0.0,0.0,457.6923076923077,0.0,31.182,457.6923076923077,457.6923076923077,0.0,457.6923076923077,0.0,0.0,0.0,0.0
27,1993.0,0.0,Pertussis,All,457.6923076923077,0.0,0.0,,6.128379631661569,-0.33099712791215985,0.0,0.0,0.0,457.6923076923077,0.0,31.182,457.6923076923077,457.6923076923077,0.0,457.6923076923077,0.0,0.0,0.0,0.0
28,1993.0,0.0,Pertussis,All,457.6923076923077,0.0,0.0,,6.128379631661569,-0.33099712791215985,0.0,0.0,0.0,457.6923076923077,0.0,31.182,457.6923076923077,457.6923076923077,0.0,457.6923076923077,0.0,0.0,0.0,0.0
29,1993.0,0.0,Pertussis,All,457.6923076923077,0.0,0.0,,6.128379631661569,-0.33099712791215985,0.0,0.0,0.0,457.6923076923077,0.0,31.182,457.6923076923077,457.6923076923077,0.0,457.6923076923077,0.0,0.0,0.0,0.0
30,1993.0,0.0,Pertussis,All,457.6923076923077,0.0,0.0,,6.128379631661569,-0.33099712791215985,0.0,0.0,0.0,457.6923076923077,0.0,31.182,457.6923076923077,457.6923076923077,0.0,457.6923076923077,0.0,0.0,0.0,0.0
31,1993.0,0.0,Pertussis,All,457.6923076923077,0.0,0.0,,6.128379631661569,-0.33099712791215985,0.0,0.0,0.0,457.6923076923077,0.0,31.182,457.6923076923077,457.6923076923077,0.0,457.6923076923077,0.0,0.0,0.0,0.0
32,1993.0,0.0,Pertussis,All,457.6923076923077,0.0,0.0,,6.128379631661569,-0.33099712791215985,0.0,0.0,0.0,457.6923076923077,0.0,31.182,457.6923076923077,457.6923076923077,0.0,457.6923076923077,0.0,0.0,0.0,0.0
33,1993.0,0.0,Pertussis,All,457.6923076923077,0.0,0.0,,6.128379631661569,-0.33099712791215985,0.0,0.0,0.0,457.6923076923077,0.0,31.182,457.6923076923077,457.6923076923077,0.0,457.6923076923077,0.0,0.0,0.0,0.0
34,1993.0,0.0,Pertussis,All,457.6923076923077,0.0,0.0,,6.128379631661569,-0.33099712791215985,0.0,0.0,0.0,457.6923076923077,0.0,31.182,457.6923076923077,457.6923076923077,0.0,457.6923076923077,0.0,0.0,0.0,0.0
35,1993.0,0.0,Pertussis,All,457.6923076923077,0.0,0.0,,6.128379631661569,-0.33099712791215985,0.0,0.0,0.0,457.6923076923077,0.0,31.182,457.6923076923077,457.6923076923077,0.0,457.6923076923077,0.0,0.0,0.0,0.0
36,1993.0,0.0,Pertussis,All,457.6923076923077,0.0,0.0,,6.128379631661569,-0.33099712791215985,0.0,0.0,0.0,457.6923076923077,0.0,31.182,457.6923076923077,457.6923076923077,0.0,457.6923076923077,0.0,0.0,0.0,0.0
37,1993.0,0.0,Pertussis,All,457.6923076923077,0.0,0.0,,6.128379631661569,-0.33099712791215985,0.0,0.0,0.0,457.6923076923077,0.0,31.182,457.6923076923077,457.6923076923077,0.0,457.6923076923077,0.0,0.0,0.0,0.0
38,1993.0,0.0,Pertussis,All,457.6923076923077,0.0,0.0,,6.128379631661569,-0.33099712791215985,0.0,0.0,0.0,457.6923076923077,0.0,31.182,457.6923076923077,457.6923076923077,0.0,457.6923076923077,0.0,0.0,0.0,0.0
39,1993.0,0.0,Pertussis,All,457.6923076923077,0.0,0.0,,6.128379631661569,-0.33099712791215985,0.0,0.0,0.0,457.6923076923077,0.0,31.182,457.6923076923077,457.6923076923077,0.0,457.6923076923077,0.0,0.0,0.0,0.0
40,1993.0,0.0,Pertussis,All,457.6923076923077,0.0,0.0,,6.128379631661569,-0.33099712791215985,0.0,0.0,0.0,457.6923076923077,0.0,31.182,457.6923076923077,457.6923076923077,0.0,457.6923076923077,0.0,0.0,0.0,0.0
41,1993.0,0.0,Pertussis,All,457.6923076923077,0.0,0.0,,6.128379631661569,-0.33099712791215985,0.0,0.0,0.0,457.6923076923077,0.0,31.182,457.6923076923077,457.6923076923077,0.0,457.6923076923077,0.0,0.0,0.0,0.0
42,1993.0,0.0,Pertussis,All,457.6923076923077,0.0,0.0,,6.128379631661569,-0.33099712791215985,0.0,0.0,0.0,457.6923076923077,0.0,31.182,457.6923076923077,457.6923076923077,0.0,457.6923076923077,0.0,0.0,0.0,0.0
43,1993.0,0.0,Pertussis,All,457.6923076923077,0.0,0.0,,6.128379631661569,-0.33099712791215985,0.0,0.0,0.0,457.6923076923077,0.0,31.182,457.6923076923077,457.6923076923077,0.0,457.6923076923077,0.0,0.0,0.0,0.0
44,1993.0,0.0,Pertussis,All,457.6923076923077,0.0,0.0,,6.128379631661569,-0.33099712791215985,0.0,0.0,0.0,457.6923076923077,0.0,31.182,457.6923076923077,457.6923076923077,0.0,457.6923076923077,0.0,0.0,0.0,0.0
45,1993.0,0.0,Pertussis,All,457.6923076923077,0.0,0.0,,6.128379631661569,-0.33099712791215985,0.0,0.0,0.0,457.6923076923077,0.0,31.182,457.6923076923077,457.6923076923077,0.0,457.6923076923077,0.0,0.0,0.0,0.0
46,1993.0,0.0,Pertussis,All,457.6923076923077,0.0,0.0,,6.128379631661569,-0.33099712791215985,0.0,0.0,0.0,457.6923076923077,0.0,31.182,457.6923076923077,457.6923076923077,0.0,457.6923076923077,0.0,0.0,0.0,0.0
47,1993.0,0.0,Pertussis,All,457.6923076923077,0.0,0.0,,6.128379631661569,-0.33099712791215985,0.0,0.0,0.0,457.6923076923077,0.0,31.182,457.6923076923077,457.6923076923077,0.0,457.6923076923077,0.0,0.0,0.0,0.0
48,1993.0,0.0,Pertussis,All,457.6923076923077,0.0,0.0,,6.128379631661569,-0.33099712791215985,0.0,0.0,0.0,457.6923076923077,0.0,31.182,457.6923076923077,457.6923076923077,0.0,457.6923076923077,0.0,0.0,0.0,0.0
49,1993.0,0.0,Pertussis,All,457.6923076923077,0.0,0.0,,6.128379631661569,-0.33099712791215985,0.0,0.0,0.0,457.6923076923077,0.0,31.182,457.6923076923077,457.6923076923077,0.0,457.6923076923077,0.0,0.0,0.0,0.0
50,1993.0,0.0,Pertussis,All,457.6923076923077,0.0,0.0,,6.128379631661569,-0.33099712791215985,0.0,0.0,0.0,457.6923076923077,0.0,31.182,457.6923076923077,457.6923076923077,0.0,457.6923076923077,0.0,0.0,0.0,0.0
51,1993.0,0.0,Pertussis,All,457.6923076923077,0.0,0.0,,6.128379631661569,-0.33099712791215985,0.0,0.0,0.0,457.6923076923077,0.0,31.182,457.6923076923077,457.6923076923077,0.0,457.6923076923077,0.0,0.0,0.0,0.0
52,1993.0,0.0,Pertussis,All,457.6923076923077,0.0,0.0,,6.128379631661569,-0.33099712791215985,0.0,0.0,0.0,457.6923076923077,0.0,31.182,457.6923076923077,457.6923076923077,0.0,457.6923076923077,0.0,0.0,0.0,0.0
1,1994.0,0.0,Pertussis,All,428.36538461538464,0.0,0.0,,6.062308268817009,-0.40110765401593884,0.0,0.0,0.0,428.36538461538464,0.0,31.691,457.6923076923077,457.6923076923077,0.0,450.3605769230769,14.663461538382077,0.0,-0.06407563025210075,0.0
2,1994.0,0.0,Pertussis,All,428.36538461538464,0.0,0.0,,6.062308268817009,-0.40110765401593884,0.0,0.0,0.0,428.36538461538464,0.0,31.691,428.36538461538464,443.0288461538462,0.0,443.0288461538462,16.93190693289563,0.0,0.0,0.0
3,1994.0,0.0,Pertussis,All,428.36538461538464,0.0,0.0,,6.062308268817009,-0.40110765401593884,0.0,0.0,0.0,428.36538461538464,0.0,31.691,428.36538461538464,428.36538461538464,0.0,435.69711538461536,14.663461538380824,0.0,0.0,0.0
4,1994.0,0.0,Pertussis,All,428.36538461538464,0.0,0.0,,6.062308268817009,-0.40110765401593884,0.0,0.0,0.0,428.36538461538464,0.0,31.691,428.36538461538464,428.36538461538464,0.0,428.36538461538464,0.0,0.0,0.0,0.0
5,1994.0,0.0,Pertussis,All,428.36538461538464,0.0,0.0,,6.062308268817009,-0.40110765401593884,0.0,0.0,0.0,428.36538461538464,0.0,31.691,428.36538461538464,428.36538461538464,0.0,428.36538461538464,0.0,0.0,0.0,0.0
6,1994.0,0.0,Pertussis,All,428.36538461538464,0.0,0.0,,6.062308268817009,-0.40110765401593884,0.0,0.0,0.0,428.36538461538464,0.0,31.691,428.36538461538464,428.36538461538464,0.0,428.36538461538464,0.0,0.0,0.0,0.0
7,1994.0,0.0,Pertussis,All,428.36538461538464,0.0,0.0,,6.062308268817009,-0.40110765401593884,0.0,0.0,0.0,428.36538461538464,0.0,31.691,428.36538461538464,428.36538461538464,0.0,428.36538461538464,0.0,0.0,0.0,0.0
8,1994.0,0.0,Pertussis,All,428.36538461538464,0.0,0.0,,6.062308268817009,-0.40110765401593884,0.0,0.0,0.0,428.36538461538464,0.0,31.691,428.36538461538464,428.36538461538464,0.0,428.36538461538464,0.0,0.0,0.0,0.0
9,1994.0,0.0,Pertussis,All,428.36538461538464,0.0,0.0,,6.062308268817009,-0.40110765401593884,0.0,0.0,0.0,428.36538461538464,0.0,31.691,428.36538461538464,428.36538461538464,0.0,428.36538461538464,0.0,0.0,0.0,0.0
10,1994.0,0.0,Pertussis,All,428.36538461538464,0.0,0.0,,6.062308268817009,-0.40110765401593884,0.0,0.0,0.0,428.36538461538464,0.0,31.691,428.36538461538464,428.36538461538464,0.0,428.36538461538464,0.0,0.0,0.0,0.0
11,1994.0,0.0,Pertussis,All,428.36538461538464,0.0,0.0,,6.062308268817009,-0.40110765401593884,0.0,0.0,0.0,428.36538461538464,0.0,31.691,428.36538461538464,428.36538461538464,0.0,428.36538461538464,0.0,0.0,0.0,0.0
12,1994.0,0.0,Pertussis,All,428.36538461538464,0.0,0.0,,6.062308268817009,-0.40110765401593884,0.0,0.0,0.0,428.36538461538464,0.0,31.691,428.36538461538464,428.36538461538464,0.0,428.36538461538464,0.0,0.0,0.0,0.0
13,1994.0,0.0,Pertussis,All,428.36538461538464,0.0,0.0,,6.062308268817009,-0.40110765401593884,0.0,0.0,0.0,428.36538461538464,0.0,31.691,428.36538461538464,428.36538461538464,0.0,428.36538461538464,0.0,0.0,0.0,0.0
14,1994.0,0.0,Pertussis,All,428.36538461538464,0.0,0.0,,6.062308268817009,-0.40110765401593884,0.0,0.0,0.0,428.36538461538464,0.0,31.691,428.36538461538464,428.36538461538464,0.0,428.36538461538464,0.0,0.0,0.0,0.0
15,1994.0,0.0,Pertussis,All,428.36538461538464,0.0,0.0,,6.062308268817009,-0.40110765401593884,0.0,0.0,0.0,428.36538461538464,0.0,31.691,428.36538461538464,428.36538461538464,0.0,428.36538461538464,0.0,0.0,0.0,0.0
16,1994.0,0.0,Pertussis,All,428.36538461538464,0.0,0.0,,6.062308268817009,-0.40110765401593884,0.0,0.0,0.0,428.36538461538464,0.0,31.691,428.36538461538464,428.36538461538464,0.0,428.36538461538464,0.0,0.0,0.0,0.0
17,1994.0,0.0,Pertussis,All,428.36538461538464,0.0,0.0,,6.062308268817009,-0.40110765401593884,0.0,0.0,0.0,428.36538461538464,0.0,31.691,428.36538461538464,428.36538461538464,0.0,428.36538461538464,0.0,0.0,0.0,0.0
18,1994.0,0.0,Pertussis,All,428.36538461538464,0.0,0.0,,6.062308268817009,-0.40110765401593884,0.0,0.0,0.0,428.36538461538464,0.0,31.691,428.36538461538464,428.36538461538464,0.0,428.36538461538464,0.0,0.0,0.0,0.0
19,1994.0,0.0,Pertussis,All,428.36538461538464,0.0,0.0,,6.062308268817009,-0.40110765401593884,0.0,0.0,0.0,428.36538461538464,0.0,31.691,428.36538461538464,428.36538461538464,0.0,428.36538461538464,0.0,0.0,0.0,0.0
20,1994.0,0.0,Pertussis,All,428.36538461538464,0.0,0.0,,6.062308268817009,-0.40110765401593884,0.0,0.0,0.0,428.36538461538464,0.0,31.691,428.36538461538464,428.36538461538464,0.0,428.36538461538464,0.0,0.0,0.0,0.0
21,1994.0,0.0,Pertussis,All,428.36538461538464,0.0,0.0,,6.062308268817009,-0.40110765401593884,0.0,0.0,0.0,428.36538461538464,0.0,31.691,428.36538461538464,428.36538461538464,0.0,428.36538461538464,0.0,0.0,0.0,0.0
22,1994.0,0.0,Pertussis,All,428.36538461538464,0.0,0.0,,6.062308268817009,-0.40110765401593884,0.0,0.0,0.0,428.36538461538464,0.0,31.691,428.36538461538464,428.36538461538464,0.0,428.36538461538464,0.0,0.0,0.0,0.0
23,1994.0,0.0,Pertussis,All,428.36538461538464,0.0,0.0,,6.062308268817009,-0.40110765401593884,0.0,0.0,0.0,428.36538461538464,0.0,31.691,428.36538461538464,428.36538461538464,0.0,428.36538461538464,0.0,0.0,0.0,0.0
24,1994.0,0.0,Pertussis,All,428.36538461538464,0.0,0.0,,6.062308268817009,-0.40110765401593884,0.0,0.0,0.0,428.36538461538464,0.0,31.691,428.36538461538464,428.36538461538464,0.0,428.36538461538464,0.0,0.0,0.0,0.0
25,1994.0,0.0,Pertussis,All,428.36538461538464,0.0,0.0,,6.062308268817009,-0.40110765401593884,0.0,0.0,0.0,428.36538461538464,0.0,31.691,428.36538461538464,428.36538461538464,0.0,428.36538461538464,0.0,0.0,0.0,0.0
26,1994.0,0.0,Pertussis,All,428.36538461538464,0.0,0.0,,6.062308268817009,-0.40110765401593884,0.0,0.0,0.0,428.36538461538464,0.0,31.691,428.36538461538464,428.36538461538464,0.0,428.36538461538464,0.0,0.0,0.0,0.0
27,1994.0,0.0,Pertussis,All,428.36538461538464,0.0,0.0,,6.062308268817009,-0.40110765401593884,0.0,0.0,0.0,428.36538461538464,0.0,31.691,428.36538461538464,428.36538461538464,0.0,428.36538461538464,0.0,0.0,0.0,0.0
28,1994.0,0.0,Pertussis,All,428.36538461538464,0.0,0.0,,6.062308268817009,-0.40110765401593884,0.0,0.0,0.0,428.36538461538464,0.0,31.691,428.36538461538464,428.36538461538464,0.0,428.36538461538464,0.0,0.0,0.0,0.0
29,1994.0,0.0,Pertussis,All,428.36538461538464,0.0,0.0,,6.062308268817009,-0.40110765401593884,0.0,0.0,0.0,428.36538461538464,0.0,31.691,428.36538461538464,428.36538461538464,0.0,428.36538461538464,0.0,0.0,0.0,0.0
30,1994.0,0.0,Pertussis,All,428.36538461538464,0.0,0.0,,6.062308268817009,-0.40110765401593884,0.0,0.0,0.0,428.36538461538464,0.0,31.691,428.36538461538464,428.36538461538464,0.0,428.36538461538464,0.0,0.0,0.0,0.0
31,1994.0,0.0,Pertussis,All,428.36538461538464,0.0,0.0,,6.062308268817009,-0.40110765401593884,0.0,0.0,0.0,428.36538461538464,0.0,31.691,428.36538461538464,428.36538461538464,0.0,428.36538461538464,0.0,0.0,0.0,0.0
32,1994.0,0.0,Pertussis,All,428.36538461538464,0.0,0.0,,6.062308268817009,-0.40110765401593884,0.0,0.0,0.0,428.36538461538464,0.0,31.691,428.36538461538464,428.36538461538464,0.0,428.36538461538464,0.0,0.0,0.0,0.0
33,1994.0,0.0,Pertussis,All,428.36538461538464,0.0,0.0,,6.062308268817009,-0.40110765401593884,0.0,0.0,0.0,428.36538461538464,0.0,31.691,428.36538461538464,428.36538461538464,0.0,428.36538461538464,0.0,0.0,0.0,0.0
34,1994.0,0.0,Pertussis,All,428.36538461538464,0.0,0.0,,6.062308268817009,-0.40110765401593884,0.0,0.0,0.0,428.36538461538464,0.0,31.691,428.36538461538464,428.36538461538464,0.0,428.36538461538464,0.0,0.0,0.0,0.0
35,1994.0,0.0,Pertussis,All,428.36538461538464,0.0,0.0,,6.062308268817009,-0.40110765401593884,0.0,0.0,0.0,428.36538461538464,0.0,31.691,428.36538461538464,428.36538461538464,0.0,428.36538461538464,0.0,0.0,0.0,0.0
36,1994.0,0.0,Pertussis,All,428.36538461538464,0.0,0.0,,6.062308268817009,-0.40110765401593884,0.0,0.0,0.0,428.36538461538464,0.0,31.691,428.36538461538464,428.36538461538464,0.0,428.36538461538464,0.0,0.0,0.0,0.0
37,1994.0,0.0,Pertussis,All,428.36538461538464,0.0,0.0,,6.062308268817009,-0.40110765401593884,0.0,0.0,0.0,428.36538461538464,0.0,31.691,428.36538461538464,428.36538461538464,0.0,428.36538461538464,0.0,0.0,0.0,0.0
38,1994.0,0.0,Pertussis,All,428.36538461538464,0.0,0.0,,6.062308268817009,-0.40110765401593884,0.0,0.0,0.0,428.36538461538464,0.0,31.691,428.36538461538464,428.36538461538464,0.0,428.36538461538464,0.0,0.0,0.0,0.0
39,1994.0,0.0,Pertussis,All,428.36538461538464,0.0,0.0,,6.062308268817009,-0.40110765401593884,0.0,0.0,0.0,428.36538461538464,0.0,31.691,428.36538461538464,428.36538461538464,0.0,428.36538461538464,0.0,0.0,0.0,0.0
40,1994.0,0.0,Pertussis,All,428.36538461538464,0.0,0.0,,6.062308268817009,-0.40110765401593884,0.0,0.0,0.0,428.36538461538464,0.0,31.691,428.36538461538464,428.36538461538464,0.0,428.36538461538464,0.0,0.0,0.0,0.0
41,1994.0,0.0,Pertussis,All,428.36538461538464,0.0,0.0,,6.062308268817009,-0.40110765401593884,0.0,0.0,0.0,428.36538461538464,0.0,31.691,428.36538461538464,428.36538461538464,0.0,428.36538461538464,0.0,0.0,0.0,0.0
42,1994.0,0.0,Pertussis,All,428.36538461538464,0.0,0.0,,6.062308268817009,-0.40110765401593884,0.0,0.0,0.0,428.36538461538464,0.0,31.691,428.36538461538464,428.36538461538464,0.0,428.36538461538464,0.0,0.0,0.0,0.0
43,1994.0,0.0,Pertussis,All,428.36538461538464,0.0,0.0,,6.062308268817009,-0.40110765401593884,0.0,0.0,0.0,428.36538461538464,0.0,31.691,428.36538461538464,428.36538461538464,0.0,428.36538461538464,0.0,0.0,0.0,0.0
44,1994.0,0.0,Pertussis,All,428.36538461538464,0.0,0.0,,6.062308268817009,-0.40110765401593884,0.0,0.0,0.0,428.36538461538464,0.0,31.691,428.36538461538464,428.36538461538464,0.0,428.36538461538464,0.0,0.0,0.0,0.0
45,1994.0,0.0,Pertussis,All,428.36538461538464,0.0,0.0,,6.062308268817009,-0.40110765401593884,0.0,0.0,0.0,428.36538461538464,0.0,31.691,428.36538461538464,428.36538461538464,0.0,428.36538461538464,0.0,0.0,0.0,0.0
46,1994.0,0.0,Pertussis,All,428.36538461538464,0.0,0.0,,6.062308268817009,-0.40110765401593884,0.0,0.0,0.0,428.36538461538464,0.0,31.691,428.36538461538464,428.36538461538464,0.0,428.36538461538464,0.0,0.0,0.0,0.0
47,1994.0,0.0,Pertussis,All,428.36538461538464,0.0,0.0,,6.062308268817009,-0.40110765401593884,0.0,0.0,0.0,428.36538461538464,0.0,31.691,428.36538461538464,428.36538461538464,0.0,428.36538461538464,0.0,0.0,0.0,0.0
48,1994.0,0.0,Pertussis,All,428.36538461538464,0.0,0.0,,6.062308268817009,-0.40110765401593884,0.0,0.0,0.0,428.36538461538464,0.0,31.691,428.36538461538464,428.36538461538464,0.0,428.36538461538464,0.0,0.0,0.0,0.0
49,1994.0,0.0,Pertussis,All,428.36538461538464,0.0,0.0,,6.062308268817009,-0.40110765401593884,0.0,0.0,0.0,428.36538461538464,0.0,31.691,428.36538461538464,428.36538461538464,0.0,428.36538461538464,0.0,0.0,0.0,0.0
50,1994.0,0.0,Pertussis,All,428.36538461538464,0.0,0.0,,6.062308268817009,-0.40110765401593884,0.0,0.0,0.0,428.36538461538464,0.0,31.691,428.36538461538464,428.36538461538464,0.0,428.36538461538464,0.0,0.0,0.0,0.0
51,1994.0,0.0,Pertussis,All,428.36538461538464,0.0,0.0,,6.062308268817009,-0.40110765401593884,0.0,0.0,0.0,428.36538461538464,0.0,31.691,428.36538461538464,428.36538461538464,0.0,428.36538461538464,0.0,0.0,0.0,0.0
52,1994.0,0.0,Pertussis,All,428.36538461538464,0.0,0.0,,6.062308268817009,-0.40110765401593884,0.0,0.0,0.0,428.36538461538464,0.0,31.691,428.36538461538464,428.36538461538464,0.0,428.36538461538464,0.0,0.0,0.0,0.0
1,1996.0,0.0,Pertussis,All,476.2692307692308,0.0,0.0,,6.168080756753137,-0.28658613236052005,0.0,0.0,0.0,476.2692307692308,0.0,32.725,428.36538461538464,428.36538461538464,0.0,440.34134615384613,23.951923076873875,0.0,0.11182940516273844,0.0
2,1996.0,0.0,Pertussis,All,476.2692307692308,0.0,0.0,,6.168080756753137,-0.28658613236052005,0.0,0.0,0.0,476.2692307692308,0.0,32.725,476.2692307692308,452.31730769230774,0.0,452.31730769230774,27.657298472099395,0.0,0.0,0.0
3,1996.0,0.0,Pertussis,All,476.2692307692308,0.0,0.0,,6.168080756753137,-0.28658613236052005,0.0,0.0,0.0,476.2692307692308,0.0,32.725,476.2692307692308,476.2692307692308,0.0,464.2932692307692,23.951923076875048,0.0,0.0,0.0
4,1996.0,0.0,Pertussis,All,476.2692307692308,0.0,0.0,,6.168080756753137,-0.28658613236052005,0.0,0.0,0.0,476.2692307692308,0.0,32.725,476.2692307692308,476.2692307692308,0.0,476.2692307692308,0.0,0.0,0.0,0.0
5,1996.0,0.0,Pertussis,All,476.2692307692308,0.0,0.0,,6.168080756753137,-0.28658613236052005,0.0,0.0,0.0,476.2692307692308,0.0,32.725,476.2692307692308,476.2692307692308,0.0,476.2692307692308,0.0,0.0,0.0,0.0
6,1996.0,0.0,Pertussis,All,476.2692307692308,0.0,0.0,,6.168080756753137,-0.28658613236052005,0.0,0.0,0.0,476.2692307692308,0.0,32.725,476.2692307692308,476.2692307692308,0.0,476.2692307692308,0.0,0.0,0.0,0.0
7,1996.0,0.0,Pertussis,All,476.2692307692308,0.0,0.0,,6.168080756753137,-0.28658613236052005,0.0,0.0,0.0,476.2692307692308,0.0,32.725,476.2692307692308,476.2692307692308,0.0,476.2692307692308,0.0,0.0,0.0,0.0
8,1996.0,0.0,Pertussis,All,476.2692307692308,0.0,0.0,,6.168080756753137,-0.28658613236052005,0.0,0.0,0.0,476.2692307692308,0.0,32.725,476.2692307692308,476.2692307692308,0.0,476.2692307692308,0.0,0.0,0.0,0.0
9,1996.0,0.0,Pertussis,All,476.2692307692308,0.0,0.0,,6.168080756753137,-0.28658613236052005,0.0,0.0,0.0,476.2692307692308,0.0,32.725,476.2692307692308,476.2692307692308,0.0,476.2692307692308,0.0,0.0,0.0,0.0
10,1996.0,0.0,Pertussis,All,476.2692307692308,0.0,0.0,,6.168080756753137,-0.28658613236052005,0.0,0.0,0.0,476.2692307692308,0.0,32.725,476.2692307692308,476.2692307692308,0.0,476.2692307692308,0.0,0.0,0.0,0.0
11,1996.0,0.0,Pertussis,All,476.2692307692308,0.0,0.0,,6.168080756753137,-0.28658613236052005,0.0,0.0,0.0,476.2692307692308,0.0,32.725,476.2692307692308,476.2692307692308,0.0,476.2692307692308,0.0,0.0,0.0,0.0
12,1996.0,0.0,Pertussis,All,476.2692307692308,0.0,0.0,,6.168080756753137,-0.28658613236052005,0.0,0.0,0.0,476.2692307692308,0.0,32.725,476.2692307692308,476.2692307692308,0.0,476.2692307692308,0.0,0.0,0.0,0.0
13,1996.0,0.0,Pertussis,All,476.2692307692308,0.0,0.0,,6.168080756753137,-0.28658613236052005,0.0,0.0,0.0,476.2692307692308,0.0,32.725,476.2692307692308,476.2692307692308,0.0,476.2692307692308,0.0,0.0,0.0,0.0
14,1996.0,0.0,Pertussis,All,476.2692307692308,0.0,0.0,,6.168080756753137,-0.28658613236052005,0.0,0.0,0.0,476.2692307692308,0.0,32.725,476.2692307692308,476.2692307692308,0.0,476.2692307692308,0.0,0.0,0.0,0.0
15,1996.0,0.0,Pertussis,All,476.2692307692308,0.0,0.0,,6.168080756753137,-0.28658613236052005,0.0,0.0,0.0,476.2692307692308,0.0,32.725,476.2692307692308,476.2692307692308,0.0,476.2692307692308,0.0,0.0,0.0,0.0
16,1996.0,0.0,Pertussis,All,476.2692307692308,0.0,0.0,,6.168080756753137,-0.28658613236052005,0.0,0.0,0.0,476.2692307692308,0.0,32.725,476.2692307692308,476.2692307692308,0.0,476.2692307692308,0.0,0.0,0.0,0.0
17,1996.0,0.0,Pertussis,All,476.2692307692308,0.0,0.0,,6.168080756753137,-0.28658613236052005,0.0,0.0,0.0,476.2692307692308,0.0,32.725,476.2692307692308,476.2692307692308,0.0,476.2692307692308,0.0,0.0,0.0,0.0
18,1996.0,0.0,Pertussis,All,476.2692307692308,0.0,0.0,,6.168080756753137,-0.28658613236052005,0.0,0.0,0.0,476.2692307692308,0.0,32.725,476.2692307692308,476.2692307692308,0.0,476.2692307692308,0.0,0.0,0.0,0.0
19,1996.0,0.0,Pertussis,All,476.2692307692308,0.0,0.0,,6.168080756753137,-0.28658613236052005,0.0,0.0,0.0,476.2692307692308,0.0,32.725,476.2692307692308,476.2692307692308,0.0,476.2692307692308,0.0,0.0,0.0,0.0
20,1996.0,0.0,Pertussis,All,476.2692307692308,0.0,0.0,,6.168080756753137,-0.28658613236052005,0.0,0.0,0.0,476.2692307692308,0.0,32.725,476.2692307692308,476.2692307692308,0.0,476.2692307692308,0.0,0.0,0.0,0.0
21,1996.0,0.0,Pertussis,All,476.2692307692308,0.0,0.0,,6.168080756753137,-0.28658613236052005,0.0,0.0,0.0,476.2692307692308,0.0,32.725,476.2692307692308,476.2692307692308,0.0,476.2692307692308,0.0,0.0,0.0,0.0
22,1996.0,0.0,Pertussis,All,476.2692307692308,0.0,0.0,,6.168080756753137,-0.28658613236052005,0.0,0.0,0.0,476.2692307692308,0.0,32.725,476.2692307692308,476.2692307692308,0.0,476.2692307692308,0.0,0.0,0.0,0.0
23,1996.0,0.0,Pertussis,All,476.2692307692308,0.0,0.0,,6.168080756753137,-0.28658613236052005,0.0,0.0,0.0,476.2692307692308,0.0,32.725,476.2692307692308,476.2692307692308,0.0,476.2692307692308,0.0,0.0,0.0,0.0
24,1996.0,0.0,Pertussis,All,476.2692307692308,0.0,0.0,,6.168080756753137,-0.28658613236052005,0.0,0.0,0.0,476.2692307692308,0.0,32.725,476.2692307692308,476.2692307692308,0.0,476.2692307692308,0.0,0.0,0.0,0.0
25,1996.0,0.0,Pertussis,All,476.2692307692308,0.0,0.0,,6.168080756753137,-0.28658613236052005,0.0,0.0,0.0,476.2692307692308,0.0,32.725,476.2692307692308,476.2692307692308,0.0,476.2692307692308,0.0,0.0,0.0,0.0
26,1996.0,0.0,Pertussis,All,476.2692307692308,0.0,0.0,,6.168080756753137,-0.28658613236052005,0.0,0.0,0.0,476.2692307692308,0.0,32.725,476.2692307692308,476.2692307692308,0.0,476.2692307692308,0.0,0.0,0.0,0.0
27,1996.0,0.0,Pertussis,All,476.2692307692308,0.0,0.0,,6.168080756753137,-0.28658613236052005,0.0,0.0,0.0,476.2692307692308,0.0,32.725,476.2692307692308,476.2692307692308,0.0,476.2692307692308,0.0,0.0,0.0,0.0
28,1996.0,0.0,Pertussis,All,476.2692307692308,0.0,0.0,,6.168080756753137,-0.28658613236052005,0.0,0.0,0.0,476.2692307692308,0.0,32.725,476.2692307692308,476.2692307692308,0.0,476.2692307692308,0.0,0.0,0.0,0.0
29,1996.0,0.0,Pertussis,All,476.2692307692308,0.0,0.0,,6.168080756753137,-0.28658613236052005,0.0,0.0,0.0,476.2692307692308,0.0,32.725,476.2692307692308,476.2692307692308,0.0,476.2692307692308,0.0,0.0,0.0,0.0
30,1996.0,0.0,Pertussis,All,476.2692307692308,0.0,0.0,,6.168080756753137,-0.28658613236052005,0.0,0.0,0.0,476.2692307692308,0.0,32.725,476.2692307692308,476.2692307692308,0.0,476.2692307692308,0.0,0.0,0.0,0.0
31,1996.0,0.0,Pertussis,All,476.2692307692308,0.0,0.0,,6.168080756753137,-0.28658613236052005,0.0,0.0,0.0,476.2692307692308,0.0,32.725,476.2692307692308,476.2692307692308,0.0,476.2692307692308,0.0,0.0,0.0,0.0
32,1996.0,0.0,Pertussis,All,476.2692307692308,0.0,0.0,,6.168080756753137,-0.28658613236052005,0.0,0.0,0.0,476.2692307692308,0.0,32.725,476.2692307692308,476.2692307692308,0.0,476.2692307692308,0.0,0.0,0.0,0.0
33,1996.0,0.0,Pertussis,All,476.2692307692308,0.0,0.0,,6.168080756753137,-0.28658613236052005,0.0,0.0,0.0,476.2692307692308,0.0,32.725,476.2692307692308,476.2692307692308,0.0,476.2692307692308,0.0,0.0,0.0,0.0
34,1996.0,0.0,Pertussis,All,476.2692307692308,0.0,0.0,,6.168080756753137,-0.28658613236052005,0.0,0.0,0.0,476.2692307692308,0.0,32.725,476.2692307692308,476.2692307692308,0.0,476.2692307692308,0.0,0.0,0.0,0.0
35,1996.0,0.0,Pertussis,All,476.2692307692308,0.0,0.0,,6.168080756753137,-0.28658613236052005,0.0,0.0,0.0,476.2692307692308,0.0,32.725,476.2692307692308,476.2692307692308,0.0,476.2692307692308,0.0,0.0,0.0,0.0
36,1996.0,0.0,Pertussis,All,476.2692307692308,0.0,0.0,,6.168080756753137,-0.28658613236052005,0.0,0.0,0.0,476.2692307692308,0.0,32.725,476.2692307692308,476.2692307692308,0.0,476.2692307692308,0.0,0.0,0.0,0.0
37,1996.0,0.0,Pertussis,All,476.2692307692308,0.0,0.0,,6.168080756753137,-0.28658613236052005,0.0,0.0,0.0,476.2692307692308,0.0,32.725,476.2692307692308,476.2692307692308,0.0,476.2692307692308,0.0,0.0,0.0,0.0
38,1996.0,0.0,Pertussis,All,476.2692307692308,0.0,0.0,,6.168080756753137,-0.28658613236052005,0.0,0.0,0.0,476.2692307692308,0.0,32.725,476.2692307692308,476.2692307692308,0.0,476.2692307692308,0.0,0.0,0.0,0.0
39,1996.0,0.0,Pertussis,All,476.2692307692308,0.0,0.0,,6.168080756753137,-0.28658613236052005,0.0,0.0,0.0,476.2692307692308,0.0,32.725,476.2692307692308,476.2692307692308,0.0,476.2692307692308,0.0,0.0,0.0,0.0
40,1996.0,0.0,Pertussis,All,476.2692307692308,0.0,0.0,,6.168080756753137,-0.28658613236052005,0.0,0.0,0.0,476.2692307692308,0.0,32.725,476.2692307692308,476.2692307692308,0.0,476.2692307692308,0.0,0.0,0.0,0.0
41,1996.0,0.0,Pertussis,All,476.2692307692308,0.0,0.0,,6.168080756753137,-0.28658613236052005,0.0,0.0,0.0,476.2692307692308,0.0,32.725,476.2692307692308,476.2692307692308,0.0,476.2692307692308,0.0,0.0,0.0,0.0
42,1996.0,0.0,Pertussis,All,476.2692307692308,0.0,0.0,,6.168080756753137,-0.28658613236052005,0.0,0.0,0.0,476.2692307692308,0.0,32.725,476.2692307692308,476.2692307692308,0.0,476.2692307692308,0.0,0.0,0.0,0.0
43,1996.0,0.0,Pertussis,All,476.2692307692308,0.0,0.0,,6.168080756753137,-0.28658613236052005,0.0,0.0,0.0,476.2692307692308,0.0,32.725,476.2692307692308,476.2692307692308,0.0,476.2692307692308,0.0,0.0,0.0,0.0
44,1996.0,0.0,Pertussis,All,476.2692307692308,0.0,0.0,,6.168080756753137,-0.28658613236052005,0.0,0.0,0.0,476.2692307692308,0.0,32.725,476.2692307692308,476.2692307692308,0.0,476.2692307692308,0.0,0.0,0.0,0.0
45,1996.0,0.0,Pertussis,All,476.2692307692308,0.0,0.0,,6.168080756753137,-0.28658613236052005,0.0,0.0,0.0,476.2692307692308,0.0,32.725,476.2692307692308,476.2692307692308,0.0,476.2692307692308,0.0,0.0,0.0,0.0
46,1996.0,0.0,Pertussis,All,476.2692307692308,0.0,0.0,,6.168080756753137,-0.28658613236052005,0.0,0.0,0.0,476.2692307692308,0.0,32.725,476.2692307692308,476.2692307692308,0.0,476.2692307692308,0.0,0.0,0.0,0.0
47,1996.0,0.0,Pertussis,All,476.2692307692308,0.0,0.0,,6.168080756753137,-0.28658613236052005,0.0,0.0,0.0,476.2692307692308,0.0,32.725,476.2692307692308,476.2692307692308,0.0,476.2692307692308,0.0,0.0,0.0,0.0
48,1996.0,0.0,Pertussis,All,476.2692307692308,0.0,0.0,,6.168080756753137,-0.28658613236052005,0.0,0.0,0.0,476.2692307692308,0.0,32.725,476.2692307692308,476.2692307692308,0.0,476.2692307692308,0.0,0.0,0.0,0.0
49,1996.0,0.0,Pertussis,All,476.2692307692308,0.0,0.0,,6.168080756753137,-0.28658613236052005,0.0,0.0,0.0,476.2692307692308,0.0,32.725,476.2692307692308,476.2692307692308,0.0,476.2692307692308,0.0,0.0,0.0,0.0
50,1996.0,0.0,Pertussis,All,476.2692307692308,0.0,0.0,,6.168080756753137,-0.28658613236052005,0.0,0.0,0.0,476.2692307692308,0.0,32.725,476.2692307692308,476.2692307692308,0.0,476.2692307692308,0.0,0.0,0.0,0.0
51,1996.0,0.0,Pertussis,All,476.2692307692308,0.0,0.0,,6.168080756753137,-0.28658613236052005,0.0,0.0,0.0,476.2692307692308,0.0,32.725,476.2692307692308,476.2692307692308,0.0,476.2692307692308,0.0,0.0,0.0,0.0
52,1996.0,0.0,Pertussis,All,476.2692307692308,0.0,0.0,,6.168080756753137,-0.28658613236052005,0.0,0.0,0.0,476.2692307692308,0.0,32.725,476.2692307692308,476.2692307692308,0.0,476.2692307692308,0.0,0.0,0.0,0.0
1,1998.0,0.0,Pertussis,All,481.86538461538464,0.0,0.0,,6.179737908006168,-0.27320766475645464,0.0,0.0,0.0,481.86538461538464,0.0,33.773,476.2692307692308,476.2692307692308,0.0,477.6682692307693,2.798076922671366,0.0,0.011749979811031298,0.0
2,1998.0,0.0,Pertussis,All,481.86538461538464,0.0,0.0,,6.179737908006168,-0.27320766475645464,0.0,0.0,0.0,481.86538461538464,0.0,33.773,481.86538461538464,479.06730769230774,0.0,479.0673076923077,3.2309409291527706,0.0,0.0,0.0
3,1998.0,0.0,Pertussis,All,481.86538461538464,0.0,0.0,,6.179737908006168,-0.27320766475645464,0.0,0.0,0.0,481.86538461538464,0.0,33.773,481.86538461538464,481.86538461538464,0.0,480.4663461538462,2.798076922672536,0.0,0.0,0.0
4,1998.0,0.0,Pertussis,All,481.86538461538464,0.0,0.0,,6.179737908006168,-0.27320766475645464,0.0,0.0,0.0,481.86538461538464,0.0,33.773,481.86538461538464,481.86538461538464,0.0,481.86538461538464,0.0,0.0,0.0,0.0
5,1998.0,0.0,Pertussis,All,481.86538461538464,0.0,0.0,,6.179737908006168,-0.27320766475645464,0.0,0.0,0.0,481.86538461538464,0.0,33.773,481.86538461538464,481.86538461538464,0.0,481.86538461538464,0.0,0.0,0.0,0.0
6,1998.0,0.0,Pertussis,All,481.86538461538464,0.0,0.0,,6.179737908006168,-0.27320766475645464,0.0,0.0,0.0,481.86538461538464,0.0,33.773,481.86538461538464,481.86538461538464,0.0,481.86538461538464,0.0,0.0,0.0,0.0
7,1998.0,0.0,Pertussis,All,481.86538461538464,0.0,0.0,,6.179737908006168,-0.27320766475645464,0.0,0.0,0.0,481.86538461538464,0.0,33.773,481.86538461538464,481.86538461538464,0.0,481.86538461538464,0.0,0.0,0.0,0.0
8,1998.0,0.0,Pertussis,All,481.86538461538464,0.0,0.0,,6.179737908006168,-0.27320766475645464,0.0,0.0,0.0,481.86538461538464,0.0,33.773,481.86538461538464,481.86538461538464,0.0,481.86538461538464,0.0,0.0,0.0,0.0
9,1998.0,0.0,Pertussis,All,481.86538461538464,0.0,0.0,,6.179737908006168,-0.27320766475645464,0.0,0.0,0.0,481.86538461538464,0.0,33.773,481.86538461538464,481.86538461538464,0.0,481.86538461538464,0.0,0.0,0.0,0.0
10,1998.0,0.0,Pertussis,All,481.86538461538464,0.0,0.0,,6.179737908006168,-0.27320766475645464,0.0,0.0,0.0,481.86538461538464,0.0,33.773,481.86538461538464,481.86538461538464,0.0,481.86538461538464,0.0,0.0,0.0,0.0
11,1998.0,0.0,Pertussis,All,481.86538461538464,0.0,0.0,,6.179737908006168,-0.27320766475645464,0.0,0.0,0.0,481.86538461538464,0.0,33.773,481.86538461538464,481.86538461538464,0.0,481.86538461538464,0.0,0.0,0.0,0.0
12,1998.0,0.0,Pertussis,All,481.86538461538464,0.0,0.0,,6.179737908006168,-0.27320766475645464,0.0,0.0,0.0,481.86538461538464,0.0,33.773,481.86538461538464,481.86538461538464,0.0,481.86538461538464,0.0,0.0,0.0,0.0
13,1998.0,0.0,Pertussis,All,481.86538461538464,0.0,0.0,,6.179737908006168,-0.27320766475645464,0.0,0.0,0.0,481.86538461538464,0.0,33.773,481.86538461538464,481.86538461538464,0.0,481.86538461538464,0.0,0.0,0.0,0.0
14,1998.0,0.0,Pertussis,All,481.86538461538464,0.0,0.0,,6.179737908006168,-0.27320766475645464,0.0,0.0,0.0,481.86538461538464,0.0,33.773,481.86538461538464,481.86538461538464,0.0,481.86538461538464,0.0,0.0,0.0,0.0
15,1998.0,0.0,Pertussis,All,481.86538461538464,0.0,0.0,,6.179737908006168,-0.27320766475645464,0.0,0.0,0.0,481.86538461538464,0.0,33.773,481.86538461538464,481.86538461538464,0.0,481.86538461538464,0.0,0.0,0.0,0.0
16,1998.0,0.0,Pertussis,All,481.86538461538464,0.0,0.0,,6.179737908006168,-0.27320766475645464,0.0,0.0,0.0,481.86538461538464,0.0,33.773,481.86538461538464,481.86538461538464,0.0,481.86538461538464,0.0,0.0,0.0,0.0
17,1998.0,0.0,Pertussis,All,481.86538461538464,0.0,0.0,,6.179737908006168,-0.27320766475645464,0.0,0.0,0.0,481.86538461538464,0.0,33.773,481.86538461538464,481.86538461538464,0.0,481.86538461538464,0.0,0.0,0.0,0.0
18,1998.0,0.0,Pertussis,All,481.86538461538464,0.0,0.0,,6.179737908006168,-0.27320766475645464,0.0,0.0,0.0,481.86538461538464,0.0,33.773,481.86538461538464,481.86538461538464,0.0,481.86538461538464,0.0,0.0,0.0,0.0
19,1998.0,0.0,Pertussis,All,481.86538461538464,0.0,0.0,,6.179737908006168,-0.27320766475645464,0.0,0.0,0.0,481.86538461538464,0.0,33.773,481.86538461538464,481.86538461538464,0.0,481.86538461538464,0.0,0.0,0.0,0.0
20,1998.0,0.0,Pertussis,All,481.86538461538464,0.0,0.0,,6.179737908006168,-0.27320766475645464,0.0,0.0,0.0,481.86538461538464,0.0,33.773,481.86538461538464,481.86538461538464,0.0,481.86538461538464,0.0,0.0,0.0,0.0
21,1998.0,0.0,Pertussis,All,481.86538461538464,0.0,0.0,,6.179737908006168,-0.27320766475645464,0.0,0.0,0.0,481.86538461538464,0.0,33.773,481.86538461538464,481.86538461538464,0.0,481.86538461538464,0.0,0.0,0.0,0.0
22,1998.0,0.0,Pertussis,All,481.86538461538464,0.0,0.0,,6.179737908006168,-0.27320766475645464,0.0,0.0,0.0,481.86538461538464,0.0,33.773,481.86538461538464,481.86538461538464,0.0,481.86538461538464,0.0,0.0,0.0,0.0
23,1998.0,0.0,Pertussis,All,481.86538461538464,0.0,0.0,,6.179737908006168,-0.27320766475645464,0.0,0.0,0.0,481.86538461538464,0.0,33.773,481.86538461538464,481.86538461538464,0.0,481.86538461538464,0.0,0.0,0.0,0.0
24,1998.0,0.0,Pertussis,All,481.86538461538464,0.0,0.0,,6.179737908006168,-0.27320766475645464,0.0,0.0,0.0,481.86538461538464,0.0,33.773,481.86538461538464,481.86538461538464,0.0,481.86538461538464,0.0,0.0,0.0,0.0
25,1998.0,0.0,Pertussis,All,481.86538461538464,0.0,0.0,,6.179737908006168,-0.27320766475645464,0.0,0.0,0.0,481.86538461538464,0.0,33.773,481.86538461538464,481.86538461538464,0.0,481.86538461538464,0.0,0.0,0.0,0.0
26,1998.0,0.0,Pertussis,All,481.86538461538464,0.0,0.0,,6.179737908006168,-0.27320766475645464,0.0,0.0,0.0,481.86538461538464,0.0,33.773,481.86538461538464,481.86538461538464,0.0,481.86538461538464,0.0,0.0,0.0,0.0
27,1998.0,0.0,Pertussis,All,481.86538461538464,0.0,0.0,,6.179737908006168,-0.27320766475645464,0.0,0.0,0.0,481.86538461538464,0.0,33.773,481.86538461538464,481.86538461538464,0.0,481.86538461538464,0.0,0.0,0.0,0.0
28,1998.0,0.0,Pertussis,All,481.86538461538464,0.0,0.0,,6.179737908006168,-0.27320766475645464,0.0,0.0,0.0,481.86538461538464,0.0,33.773,481.86538461538464,481.86538461538464,0.0,481.86538461538464,0.0,0.0,0.0,0.0
29,1998.0,0.0,Pertussis,All,481.86538461538464,0.0,0.0,,6.179737908006168,-0.27320766475645464,0.0,0.0,0.0,481.86538461538464,0.0,33.773,481.86538461538464,481.86538461538464,0.0,481.86538461538464,0.0,0.0,0.0,0.0
30,1998.0,0.0,Pertussis,All,481.86538461538464,0.0,0.0,,6.179737908006168,-0.27320766475645464,0.0,0.0,0.0,481.86538461538464,0.0,33.773,481.86538461538464,481.86538461538464,0.0,481.86538461538464,0.0,0.0,0.0,0.0
31,1998.0,0.0,Pertussis,All,481.86538461538464,0.0,0.0,,6.179737908006168,-0.27320766475645464,0.0,0.0,0.0,481.86538461538464,0.0,33.773,481.86538461538464,481.86538461538464,0.0,481.86538461538464,0.0,0.0,0.0,0.0
32,1998.0,0.0,Pertussis,All,481.86538461538464,0.0,0.0,,6.179737908006168,-0.27320766475645464,0.0,0.0,0.0,481.86538461538464,0.0,33.773,481.86538461538464,481.86538461538464,0.0,481.86538461538464,0.0,0.0,0.0,0.0
33,1998.0,0.0,Pertussis,All,481.86538461538464,0.0,0.0,,6.179737908006168,-0.27320766475645464,0.0,0.0,0.0,481.86538461538464,0.0,33.773,481.86538461538464,481.86538461538464,0.0,481.86538461538464,0.0,0.0,0.0,0.0
34,1998.0,0.0,Pertussis,All,481.86538461538464,0.0,0.0,,6.179737908006168,-0.27320766475645464,0.0,0.0,0.0,481.86538461538464,0.0,33.773,481.86538461538464,481.86538461538464,0.0,481.86538461538464,0.0,0.0,0.0,0.0
35,1998.0,0.0,Pertussis,All,481.86538461538464,0.0,0.0,,6.179737908006168,-0.27320766475645464,0.0,0.0,0.0,481.86538461538464,0.0,33.773,481.86538461538464,481.86538461538464,0.0,481.86538461538464,0.0,0.0,0.0,0.0
36,1998.0,0.0,Pertussis,All,481.86538461538464,0.0,0.0,,6.179737908006168,-0.27320766475645464,0.0,0.0,0.0,481.86538461538464,0.0,33.773,481.86538461538464,481.86538461538464,0.0,481.86538461538464,0.0,0.0,0.0,0.0
37,1998.0,0.0,Pertussis,All,481.86538461538464,0.0,0.0,,6.179737908006168,-0.27320766475645464,0.0,0.0,0.0,481.86538461538464,0.0,33.773,481.86538461538464,481.86538461538464,0.0,481.86538461538464,0.0,0.0,0.0,0.0
38,1998.0,0.0,Pertussis,All,481.86538461538464,0.0,0.0,,6.179737908006168,-0.27320766475645464,0.0,0.0,0.0,481.86538461538464,0.0,33.773,481.86538461538464,481.86538461538464,0.0,481.86538461538464,0.0,0.0,0.0,0.0
39,1998.0,0.0,Pertussis,All,481.86538461538464,0.0,0.0,,6.179737908006168,-0.27320766475645464,0.0,0.0,0.0,481.86538461538464,0.0,33.773,481.86538461538464,481.86538461538464,0.0,481.86538461538464,0.0,0.0,0.0,0.0
40,1998.0,0.0,Pertussis,All,481.86538461538464,0.0,0.0,,6.179737908006168,-0.27320766475645464,0.0,0.0,0.0,481.86538461538464,0.0,33.773,481.86538461538464,481.86538461538464,0.0,481.86538461538464,0.0,0.0,0.0,0.0
41,1998.0,0.0,Pertussis,All,481.86538461538464,0.0,0.0,,6.179737908006168,-0.27320766475645464,0.0,0.0,0.0,481.86538461538464,0.0,33.773,481.86538461538464,481.86538461538464,0.0,481.86538461538464,0.0,0.0,0.0,0.0
42,1998.0,0.0,Pertussis,All,481.86538461538464,0.0,0.0,,6.179737908006168,-0.27320766475645464,0.0,0.0,0.0,481.86538461538464,0.0,33.773,481.86538461538464,481.86538461538464,0.0,481.86538461538464,0.0,0.0,0.0,0.0
43,1998.0,0.0,Pertussis,All,481.86538461538464,0.0,0.0,,6.179737908006168,-0.27320766475645464,0.0,0.0,0.0,481.86538461538464,0.0,33.773,481.86538461538464,481.86538461538464,0.0,481.86538461538464,0.0,0.0,0.0,0.0
44,1998.0,0.0,Pertussis,All,481.86538461538464,0.0,0.0,,6.179737908006168,-0.27320766475645464,0.0,0.0,0.0,481.86538461538464,0.0,33.773,481.86538461538464,481.86538461538464,0.0,481.86538461538464,0.0,0.0,0.0,0.0
45,1998.0,0.0,Pertussis,All,481.86538461538464,0.0,0.0,,6.179737908006168,-0.27320766475645464,0.0,0.0,0.0,481.86538461538464,0.0,33.773,481.86538461538464,481.86538461538464,0.0,481.86538461538464,0.0,0.0,0.0,0.0
46,1998.0,0.0,Pertussis,All,481.86538461538464,0.0,0.0,,6.179737908006168,-0.27320766475645464,0.0,0.0,0.0,481.86538461538464,0.0,33.773,481.86538461538464,481.86538461538464,0.0,481.86538461538464,0.0,0.0,0.0,0.0
47,1998.0,0.0,Pertussis,All,481.86538461538464,0.0,0.0,,6.179737908006168,-0.27320766475645464,0.0,0.0,0.0,481.86538461538464,0.0,33.773,481.86538461538464,481.86538461538464,0.0,481.86538461538464,0.0,0.0,0.0,0.0
48,1998.0,0.0,Pertussis,All,481.86538461538464,0.0,0.0,,6.179737908006168,-0.27320766475645464,0.0,0.0,0.0,481.86538461538464,0.0,33.773,481.86538461538464,481.86538461538464,0.0,481.86538461538464,0.0,0.0,0.0,0.0
49,1998.0,0.0,Pertussis,All,481.86538461538464,0.0,0.0,,6.179737908006168,-0.27320766475645464,0.0,0.0,0.0,481.86538461538464,0.0,33.773,481.86538461538464,481.86538461538464,0.0,481.86538461538464,0.0,0.0,0.0,0.0
50,1998.0,0.0,Pertussis,All,481.86538461538464,0.0,0.0,,6.179737908006168,-0.27320766475645464,0.0,0.0,0.0,481.86538461538464,0.0,33.773,481.86538461538464,481.86538461538464,0.0,481.86538461538464,0.0,0.0,0.0,0.0
51,1998.0,0.0,Pertussis,All,481.86538461538464,0.0,0.0,,6.179737908006168,-0.27320766475645464,0.0,0.0,0.0,481.86538461538464,0.0,33.773,481.86538461538464,481.86538461538464,0.0,481.86538461538464,0.0,0.0,0.0,0.0
52,1998.0,0.0,Pertussis,All,481.86538461538464,0.0,0.0,,6.179737908006168,-0.27320766475645464,0.0,0.0,0.0,481.86538461538464,0.0,33.773,481.86538461538464,481.86538461538464,0.0,481.86538461538464,0.0,0.0,0.0,0.0
1,2000.0,0.0,Pertussis,All,748.2692307692307,0.0,0.0,,6.619098372559722,0.3636717569587265,0.0,0.0,0.0,748.2692307692307,0.0,34.84,481.86538461538464,481.86538461538464,0.0,548.4663461538462,133.20192307691514,0.0,0.5528594803847227,0.0
2,2000.0,0.0,Pertussis,All,748.2692307692307,0.0,0.0,,6.619098372559722,0.3636717569587265,0.0,0.0,0.0,748.2692307692307,0.0,34.84,748.2692307692307,615.0673076923076,0.0,615.0673076923076,153.80833229006834,0.0,0.0,0.0
3,2000.0,0.0,Pertussis,All,748.2692307692307,0.0,0.0,,6.619098372559722,0.3636717569587265,0.0,0.0,0.0,748.2692307692307,0.0,34.84,748.2692307692307,748.2692307692307,0.0,681.6682692307692,133.20192307691627,0.0,0.0,0.0
4,2000.0,0.0,Pertussis,All,748.2692307692307,0.0,0.0,,6.619098372559722,0.3636717569587265,0.0,0.0,0.0,748.2692307692307,0.0,34.84,748.2692307692307,748.2692307692307,0.0,748.2692307692307,0.0,0.0,0.0,0.0
5,2000.0,0.0,Pertussis,All,748.2692307692307,0.0,0.0,,6.619098372559722,0.3636717569587265,0.0,0.0,0.0,748.2692307692307,0.0,34.84,748.2692307692307,748.2692307692307,0.0,748.2692307692307,0.0,0.0,0.0,0.0
6,2000.0,0.0,Pertussis,All,748.2692307692307,0.0,0.0,,6.619098372559722,0.3636717569587265,0.0,0.0,0.0,748.2692307692307,0.0,34.84,748.2692307692307,748.2692307692307,0.0,748.2692307692307,0.0,0.0,0.0,0.0
7,2000.0,0.0,Pertussis,All,748.2692307692307,0.0,0.0,,6.619098372559722,0.3636717569587265,0.0,0.0,0.0,748.2692307692307,0.0,34.84,748.2692307692307,748.2692307692307,0.0,748.2692307692307,0.0,0.0,0.0,0.0
8,2000.0,0.0,Pertussis,All,748.2692307692307,0.0,0.0,,6.619098372559722,0.3636717569587265,0.0,0.0,0.0,748.2692307692307,0.0,34.84,748.2692307692307,748.2692307692307,0.0,748.2692307692307,0.0,0.0,0.0,0.0
9,2000.0,0.0,Pertussis,All,748.2692307692307,0.0,0.0,,6.619098372559722,0.3636717569587265,0.0,0.0,0.0,748.2692307692307,0.0,34.84,748.2692307692307,748.2692307692307,0.0,748.2692307692307,0.0,0.0,0.0,0.0
10,2000.0,0.0,Pertussis,All,748.2692307692307,0.0,0.0,,6.619098372559722,0.3636717569587265,0.0,0.0,0.0,748.2692307692307,0.0,34.84,748.2692307692307,748.2692307692307,0.0,748.2692307692307,0.0,0.0,0.0,0.0
11,2000.0,0.0,Pertussis,All,748.2692307692307,0.0,0.0,,6.619098372559722,0.3636717569587265,0.0,0.0,0.0,748.2692307692307,0.0,34.84,748.2692307692307,748.2692307692307,0.0,748.2692307692307,0.0,0.0,0.0,0.0
12,2000.0,0.0,Pertussis,All,748.2692307692307,0.0,0.0,,6.619098372559722,0.3636717569587265,0.0,0.0,0.0,748.2692307692307,0.0,34.84,748.2692307692307,748.2692307692307,0.0,748.2692307692307,0.0,0.0,0.0,0.0
13,2000.0,0.0,Pertussis,All,748.2692307692307,0.0,0.0,,6.619098372559722,0.3636717569587265,0.0,0.0,0.0,748.2692307692307,0.0,34.84,748.2692307692307,748.2692307692307,0.0,748.2692307692307,0.0,0.0,0.0,0.0
14,2000.0,0.0,Pertussis,All,748.2692307692307,0.0,0.0,,6.619098372559722,0.3636717569587265,0.0,0.0,0.0,748.2692307692307,0.0,34.84,748.2692307692307,748.2692307692307,0.0,748.2692307692307,0.0,0.0,0.0,0.0
15,2000.0,0.0,Pertussis,All,748.2692307692307,0.0,0.0,,6.619098372559722,0.3636717569587265,0.0,0.0,0.0,748.2692307692307,0.0,34.84,748.2692307692307,748.2692307692307,0.0,748.2692307692307,0.0,0.0,0.0,0.0
16,2000.0,0.0,Pertussis,All,748.2692307692307,0.0,0.0,,6.619098372559722,0.3636717569587265,0.0,0.0,0.0,748.2692307692307,0.0,34.84,748.2692307692307,748.2692307692307,0.0,748.2692307692307,0.0,0.0,0.0,0.0
17,2000.0,0.0,Pertussis,All,748.2692307692307,0.0,0.0,,6.619098372559722,0.3636717569587265,0.0,0.0,0.0,748.2692307692307,0.0,34.84,748.2692307692307,748.2692307692307,0.0,748.2692307692307,0.0,0.0,0.0,0.0
18,2000.0,0.0,Pertussis,All,748.2692307692307,0.0,0.0,,6.619098372559722,0.3636717569587265,0.0,0.0,0.0,748.2692307692307,0.0,34.84,748.2692307692307,748.2692307692307,0.0,748.2692307692307,0.0,0.0,0.0,0.0
19,2000.0,0.0,Pertussis,All,748.2692307692307,0.0,0.0,,6.619098372559722,0.3636717569587265,0.0,0.0,0.0,748.2692307692307,0.0,34.84,748.2692307692307,748.2692307692307,0.0,748.2692307692307,0.0,0.0,0.0,0.0
20,2000.0,0.0,Pertussis,All,748.2692307692307,0.0,0.0,,6.619098372559722,0.3636717569587265,0.0,0.0,0.0,748.2692307692307,0.0,34.84,748.2692307692307,748.2692307692307,0.0,748.2692307692307,0.0,0.0,0.0,0.0
21,2000.0,0.0,Pertussis,All,748.2692307692307,0.0,0.0,,6.619098372559722,0.3636717569587265,0.0,0.0,0.0,748.2692307692307,0.0,34.84,748.2692307692307,748.2692307692307,0.0,748.2692307692307,0.0,0.0,0.0,0.0
22,2000.0,0.0,Pertussis,All,748.2692307692307,0.0,0.0,,6.619098372559722,0.3636717569587265,0.0,0.0,0.0,748.2692307692307,0.0,34.84,748.2692307692307,748.2692307692307,0.0,748.2692307692307,0.0,0.0,0.0,0.0
23,2000.0,0.0,Pertussis,All,748.2692307692307,0.0,0.0,,6.619098372559722,0.3636717569587265,0.0,0.0,0.0,748.2692307692307,0.0,34.84,748.2692307692307,748.2692307692307,0.0,748.2692307692307,0.0,0.0,0.0,0.0
24,2000.0,0.0,Pertussis,All,748.2692307692307,0.0,0.0,,6.619098372559722,0.3636717569587265,0.0,0.0,0.0,748.2692307692307,0.0,34.84,748.2692307692307,748.2692307692307,0.0,748.2692307692307,0.0,0.0,0.0,0.0
25,2000.0,0.0,Pertussis,All,748.2692307692307,0.0,0.0,,6.619098372559722,0.3636717569587265,0.0,0.0,0.0,748.2692307692307,0.0,34.84,748.2692307692307,748.2692307692307,0.0,748.2692307692307,0.0,0.0,0.0,0.0
26,2000.0,0.0,Pertussis,All,748.2692307692307,0.0,0.0,,6.619098372559722,0.3636717569587265,0.0,0.0,0.0,748.2692307692307,0.0,34.84,748.2692307692307,748.2692307692307,0.0,748.2692307692307,0.0,0.0,0.0,0.0
27,2000.0,0.0,Pertussis,All,748.2692307692307,0.0,0.0,,6.619098372559722,0.3636717569587265,0.0,0.0,0.0,748.2692307692307,0.0,34.84,748.2692307692307,748.2692307692307,0.0,748.2692307692307,0.0,0.0,0.0,0.0
28,2000.0,0.0,Pertussis,All,748.2692307692307,0.0,0.0,,6.619098372559722,0.3636717569587265,0.0,0.0,0.0,748.2692307692307,0.0,34.84,748.2692307692307,748.2692307692307,0.0,748.2692307692307,0.0,0.0,0.0,0.0
29,2000.0,0.0,Pertussis,All,748.2692307692307,0.0,0.0,,6.619098372559722,0.3636717569587265,0.0,0.0,0.0,748.2692307692307,0.0,34.84,748.2692307692307,748.2692307692307,0.0,748.2692307692307,0.0,0.0,0.0,0.0
30,2000.0,0.0,Pertussis,All,748.2692307692307,0.0,0.0,,6.619098372559722,0.3636717569587265,0.0,0.0,0.0,748.2692307692307,0.0,34.84,748.2692307692307,748.2692307692307,0.0,748.2692307692307,0.0,0.0,0.0,0.0
31,2000.0,0.0,Pertussis,All,748.2692307692307,0.0,0.0,,6.619098372559722,0.3636717569587265,0.0,0.0,0.0,748.2692307692307,0.0,34.84,748.2692307692307,748.2692307692307,0.0,748.2692307692307,0.0,0.0,0.0,0.0
32,2000.0,0.0,Pertussis,All,748.2692307692307,0.0,0.0,,6.619098372559722,0.3636717569587265,0.0,0.0,0.0,748.2692307692307,0.0,34.84,748.2692307692307,748.2692307692307,0.0,748.2692307692307,0.0,0.0,0.0,0.0
33,2000.0,0.0,Pertussis,All,748.2692307692307,0.0,0.0,,6.619098372559722,0.3636717569587265,0.0,0.0,0.0,748.2692307692307,0.0,34.84,748.2692307692307,748.2692307692307,0.0,748.2692307692307,0.0,0.0,0.0,0.0
34,2000.0,0.0,Pertussis,All,748.2692307692307,0.0,0.0,,6.619098372559722,0.3636717569587265,0.0,0.0,0.0,748.2692307692307,0.0,34.84,748.2692307692307,748.2692307692307,0.0,748.2692307692307,0.0,0.0,0.0,0.0
35,2000.0,0.0,Pertussis,All,748.2692307692307,0.0,0.0,,6.619098372559722,0.3636717569587265,0.0,0.0,0.0,748.2692307692307,0.0,34.84,748.2692307692307,748.2692307692307,0.0,748.2692307692307,0.0,0.0,0.0,0.0
36,2000.0,0.0,Pertussis,All,748.2692307692307,0.0,0.0,,6.619098372559722,0.3636717569587265,0.0,0.0,0.0,748.2692307692307,0.0,34.84,748.2692307692307,748.2692307692307,0.0,748.2692307692307,0.0,0.0,0.0,0.0
37,2000.0,0.0,Pertussis,All,748.2692307692307,0.0,0.0,,6.619098372559722,0.3636717569587265,0.0,0.0,0.0,748.2692307692307,0.0,34.84,748.2692307692307,748.2692307692307,0.0,748.2692307692307,0.0,0.0,0.0,0.0
38,2000.0,0.0,Pertussis,All,748.2692307692307,0.0,0.0,,6.619098372559722,0.3636717569587265,0.0,0.0,0.0,748.2692307692307,0.0,34.84,748.2692307692307,748.2692307692307,0.0,748.2692307692307,0.0,0.0,0.0,0.0
39,2000.0,0.0,Pertussis,All,748.2692307692307,0.0,0.0,,6.619098372559722,0.3636717569587265,0.0,0.0,0.0,748.2692307692307,0.0,34.84,748.2692307692307,748.2692307692307,0.0,748.2692307692307,0.0,0.0,0.0,0.0
40,2000.0,0.0,Pertussis,All,748.2692307692307,0.0,0.0,,6.619098372559722,0.3636717569587265,0.0,0.0,0.0,748.2692307692307,0.0,34.84,748.2692307692307,748.2692307692307,0.0,748.2692307692307,0.0,0.0,0.0,0.0
41,2000.0,0.0,Pertussis,All,748.2692307692307,0.0,0.0,,6.619098372559722,0.3636717569587265,0.0,0.0,0.0,748.2692307692307,0.0,34.84,748.2692307692307,748.2692307692307,0.0,748.2692307692307,0.0,0.0,0.0,0.0
42,2000.0,0.0,Pertussis,All,748.2692307692307,0.0,0.0,,6.619098372559722,0.3636717569587265,0.0,0.0,0.0,748.2692307692307,0.0,34.84,748.2692307692307,748.2692307692307,0.0,748.2692307692307,0.0,0.0,0.0,0.0
43,2000.0,0.0,Pertussis,All,748.2692307692307,0.0,0.0,,6.619098372559722,0.3636717569587265,0.0,0.0,0.0,748.2692307692307,0.0,34.84,748.2692307692307,748.2692307692307,0.0,748.2692307692307,0.0,0.0,0.0,0.0
44,2000.0,0.0,Pertussis,All,748.2692307692307,0.0,0.0,,6.619098372559722,0.3636717569587265,0.0,0.0,0.0,748.2692307692307,0.0,34.84,748.2692307692307,748.2692307692307,0.0,748.2692307692307,0.0,0.0,0.0,0.0
45,2000.0,0.0,Pertussis,All,748.2692307692307,0.0,0.0,,6.619098372559722,0.3636717569587265,0.0,0.0,0.0,748.2692307692307,0.0,34.84,748.2692307692307,748.2692307692307,0.0,748.2692307692307,0.0,0.0,0.0,0.0
46,2000.0,0.0,Pertussis,All,748.2692307692307,0.0,0.0,,6.619098372559722,0.3636717569587265,0.0,0.0,0.0,748.2692307692307,0.0,34.84,748.2692307692307,748.2692307692307,0.0,748.2692307692307,0.0,0.0,0.0,0.0
47,2000.0,0.0,Pertussis,All,748.2692307692307,0.0,0.0,,6.619098372559722,0.3636717569587265,0.0,0.0,0.0,748.2692307692307,0.0,34.84,748.2692307692307,748.2692307692307,0.0,748.2692307692307,0.0,0.0,0.0,0.0
48,2000.0,0.0,Pertussis,All,748.2692307692307,0.0,0.0,,6.619098372559722,0.3636717569587265,0.0,0.0,0.0,748.2692307692307,0.0,34.84,748.2692307692307,748.2692307692307,0.0,748.2692307692307,0.0,0.0,0.0,0.0
49,2000.0,0.0,Pertussis,All,748.2692307692307,0.0,0.0,,6.619098372559722,0.3636717569587265,0.0,0.0,0.0,748.2692307692307,0.0,34.84,748.2692307692307,748.2692307692307,0.0,748.2692307692307,0.0,0.0,0.0,0.0
50,2000.0,0.0,Pertussis,All,748.2692307692307,0.0,0.0,,6.619098372559722,0.3636717569587265,0.0,0.0,0.0,748.2692307692307,0.0,34.84,748.2692307692307,748.2692307692307,0.0,748.2692307692307,0.0,0.0,0.0,0.0
51,2000.0,0.0,Pertussis,All,748.2692307692307,0.0,0.0,,6.619098372559722,0.3636717569587265,0.0,0.0,0.0,748.2692307692307,0.0,34.84,748.2692307692307,748.2692307692307,0.0,748.2692307692307,0.0,0.0,0.0,0.0
52,2000.0,0.0,Pertussis,All,748.2692307692307,0.0,0.0,,6.619098372559722,0.3636717569587265,0.0,0.0,0.0,748.2692307692307,0.0,34.84,748.2692307692307,748.2692307692307,0.0,748.2692307692307,0.0,0.0,0.0,0.0
1,2001.0,0.0,Pertussis,All,663.7884615384615,0.0,0.0,,6.499468887100697,0.16170746766436503,0.0,0.0,0.0,663.7884615384615,0.0,35.669,748.2692307692307,748.2692307692307,0.0,727.1490384615385,42.24038461536436,0.0,-0.11290156772038029,0.0
2,2001.0,0.0,Pertussis,All,663.7884615384615,0.0,0.0,,6.499468887100697,0.16170746766436503,0.0,0.0,0.0,663.7884615384615,0.0,35.669,663.7884615384615,706.0288461538462,0.0,706.0288461538461,48.77499485671315,0.0,0.0,0.0
3,2001.0,0.0,Pertussis,All,663.7884615384615,0.0,0.0,,6.499468887100697,0.16170746766436503,0.0,0.0,0.0,663.7884615384615,0.0,35.669,663.7884615384615,663.7884615384615,0.0,684.9086538461538,42.24038461536306,0.0,0.0,0.0
4,2001.0,0.0,Pertussis,All,663.7884615384615,0.0,0.0,,6.499468887100697,0.16170746766436503,0.0,0.0,0.0,663.7884615384615,0.0,35.669,663.7884615384615,663.7884615384615,0.0,663.7884615384615,0.0,0.0,0.0,0.0
5,2001.0,0.0,Pertussis,All,663.7884615384615,0.0,0.0,,6.499468887100697,0.16170746766436503,0.0,0.0,0.0,663.7884615384615,0.0,35.669,663.7884615384615,663.7884615384615,0.0,663.7884615384615,0.0,0.0,0.0,0.0
6,2001.0,0.0,Pertussis,All,663.7884615384615,0.0,0.0,,6.499468887100697,0.16170746766436503,0.0,0.0,0.0,663.7884615384615,0.0,35.669,663.7884615384615,663.7884615384615,0.0,663.7884615384615,0.0,0.0,0.0,0.0
7,2001.0,0.0,Pertussis,All,663.7884615384615,0.0,0.0,,6.499468887100697,0.16170746766436503,0.0,0.0,0.0,663.7884615384615,0.0,35.669,663.7884615384615,663.7884615384615,0.0,663.7884615384615,0.0,0.0,0.0,0.0
8,2001.0,0.0,Pertussis,All,663.7884615384615,0.0,0.0,,6.499468887100697,0.16170746766436503,0.0,0.0,0.0,663.7884615384615,0.0,35.669,663.7884615384615,663.7884615384615,0.0,663.7884615384615,0.0,0.0,0.0,0.0
9,2001.0,0.0,Pertussis,All,663.7884615384615,0.0,0.0,,6.499468887100697,0.16170746766436503,0.0,0.0,0.0,663.7884615384615,0.0,35.669,663.7884615384615,663.7884615384615,0.0,663.7884615384615,0.0,0.0,0.0,0.0
10,2001.0,0.0,Pertussis,All,663.7884615384615,0.0,0.0,,6.499468887100697,0.16170746766436503,0.0,0.0,0.0,663.7884615384615,0.0,35.669,663.7884615384615,663.7884615384615,0.0,663.7884615384615,0.0,0.0,0.0,0.0
11,2001.0,0.0,Pertussis,All,663.7884615384615,0.0,0.0,,6.499468887100697,0.16170746766436503,0.0,0.0,0.0,663.7884615384615,0.0,35.669,663.7884615384615,663.7884615384615,0.0,663.7884615384615,0.0,0.0,0.0,0.0
12,2001.0,0.0,Pertussis,All,663.7884615384615,0.0,0.0,,6.499468887100697,0.16170746766436503,0.0,0.0,0.0,663.7884615384615,0.0,35.669,663.7884615384615,663.7884615384615,0.0,663.7884615384615,0.0,0.0,0.0,0.0
13,2001.0,0.0,Pertussis,All,663.7884615384615,0.0,0.0,,6.499468887100697,0.16170746766436503,0.0,0.0,0.0,663.7884615384615,0.0,35.669,663.7884615384615,663.7884615384615,0.0,663.7884615384615,0.0,0.0,0.0,0.0
14,2001.0,0.0,Pertussis,All,663.7884615384615,0.0,0.0,,6.499468887100697,0.16170746766436503,0.0,0.0,0.0,663.7884615384615,0.0,35.669,663.7884615384615,663.7884615384615,0.0,663.7884615384615,0.0,0.0,0.0,0.0
15,2001.0,0.0,Pertussis,All,663.7884615384615,0.0,0.0,,6.499468887100697,0.16170746766436503,0.0,0.0,0.0,663.7884615384615,0.0,35.669,663.7884615384615,663.7884615384615,0.0,663.7884615384615,0.0,0.0,0.0,0.0
16,2001.0,0.0,Pertussis,All,663.7884615384615,0.0,0.0,,6.499468887100697,0.16170746766436503,0.0,0.0,0.0,663.7884615384615,0.0,35.669,663.7884615384615,663.7884615384615,0.0,663.7884615384615,0.0,0.0,0.0,0.0
17,2001.0,0.0,Pertussis,All,663.7884615384615,0.0,0.0,,6.499468887100697,0.16170746766436503,0.0,0.0,0.0,663.7884615384615,0.0,35.669,663.7884615384615,663.7884615384615,0.0,663.7884615384615,0.0,0.0,0.0,0.0
18,2001.0,0.0,Pertussis,All,663.7884615384615,0.0,0.0,,6.499468887100697,0.16170746766436503,0.0,0.0,0.0,663.7884615384615,0.0,35.669,663.7884615384615,663.7884615384615,0.0,663.7884615384615,0.0,0.0,0.0,0.0
19,2001.0,0.0,Pertussis,All,663.7884615384615,0.0,0.0,,6.499468887100697,0.16170746766436503,0.0,0.0,0.0,663.7884615384615,0.0,35.669,663.7884615384615,663.7884615384615,0.0,663.7884615384615,0.0,0.0,0.0,0.0
20,2001.0,0.0,Pertussis,All,663.7884615384615,0.0,0.0,,6.499468887100697,0.16170746766436503,0.0,0.0,0.0,663.7884615384615,0.0,35.669,663.7884615384615,663.7884615384615,0.0,663.7884615384615,0.0,0.0,0.0,0.0
21,2001.0,0.0,Pertussis,All,663.7884615384615,0.0,0.0,,6.499468887100697,0.16170746766436503,0.0,0.0,0.0,663.7884615384615,0.0,35.669,663.7884615384615,663.7884615384615,0.0,663.7884615384615,0.0,0.0,0.0,0.0
22,2001.0,0.0,Pertussis,All,663.7884615384615,0.0,0.0,,6.499468887100697,0.16170746766436503,0.0,0.0,0.0,663.7884615384615,0.0,35.669,663.7884615384615,663.7884615384615,0.0,663.7884615384615,0.0,0.0,0.0,0.0
23,2001.0,0.0,Pertussis,All,663.7884615384615,0.0,0.0,,6.499468887100697,0.16170746766436503,0.0,0.0,0.0,663.7884615384615,0.0,35.669,663.7884615384615,663.7884615384615,0.0,663.7884615384615,0.0,0.0,0.0,0.0
24,2001.0,0.0,Pertussis,All,663.7884615384615,0.0,0.0,,6.499468887100697,0.16170746766436503,0.0,0.0,0.0,663.7884615384615,0.0,35.669,663.7884615384615,663.7884615384615,0.0,663.7884615384615,0.0,0.0,0.0,0.0
25,2001.0,0.0,Pertussis,All,663.7884615384615,0.0,0.0,,6.499468887100697,0.16170746766436503,0.0,0.0,0.0,663.7884615384615,0.0,35.669,663.7884615384615,663.7884615384615,0.0,663.7884615384615,0.0,0.0,0.0,0.0
26,2001.0,0.0,Pertussis,All,663.7884615384615,0.0,0.0,,6.499468887100697,0.16170746766436503,0.0,0.0,0.0,663.7884615384615,0.0,35.669,663.7884615384615,663.7884615384615,0.0,663.7884615384615,0.0,0.0,0.0,0.0
27,2001.0,0.0,Pertussis,All,663.7884615384615,0.0,0.0,,6.499468887100697,0.16170746766436503,0.0,0.0,0.0,663.7884615384615,0.0,35.669,663.7884615384615,663.7884615384615,0.0,663.7884615384615,0.0,0.0,0.0,0.0
28,2001.0,0.0,Pertussis,All,663.7884615384615,0.0,0.0,,6.499468887100697,0.16170746766436503,0.0,0.0,0.0,663.7884615384615,0.0,35.669,663.7884615384615,663.7884615384615,0.0,663.7884615384615,0.0,0.0,0.0,0.0
29,2001.0,0.0,Pertussis,All,663.7884615384615,0.0,0.0,,6.499468887100697,0.16170746766436503,0.0,0.0,0.0,663.7884615384615,0.0,35.669,663.7884615384615,663.7884615384615,0.0,663.7884615384615,0.0,0.0,0.0,0.0
30,2001.0,0.0,Pertussis,All,663.7884615384615,0.0,0.0,,6.499468887100697,0.16170746766436503,0.0,0.0,0.0,663.7884615384615,0.0,35.669,663.7884615384615,663.7884615384615,0.0,663.7884615384615,0.0,0.0,0.0,0.0
31,2001.0,0.0,Pertussis,All,663.7884615384615,0.0,0.0,,6.499468887100697,0.16170746766436503,0.0,0.0,0.0,663.7884615384615,0.0,35.669,663.7884615384615,663.7884615384615,0.0,663.7884615384615,0.0,0.0,0.0,0.0
32,2001.0,0.0,Pertussis,All,663.7884615384615,0.0,0.0,,6.499468887100697,0.16170746766436503,0.0,0.0,0.0,663.7884615384615,0.0,35.669,663.7884615384615,663.7884615384615,0.0,663.7884615384615,0.0,0.0,0.0,0.0
33,2001.0,0.0,Pertussis,All,663.7884615384615,0.0,0.0,,6.499468887100697,0.16170746766436503,0.0,0.0,0.0,663.7884615384615,0.0,35.669,663.7884615384615,663.7884615384615,0.0,663.7884615384615,0.0,0.0,0.0,0.0
34,2001.0,0.0,Pertussis,All,663.7884615384615,0.0,0.0,,6.499468887100697,0.16170746766436503,0.0,0.0,0.0,663.7884615384615,0.0,35.669,663.7884615384615,663.7884615384615,0.0,663.7884615384615,0.0,0.0,0.0,0.0
35,2001.0,0.0,Pertussis,All,663.7884615384615,0.0,0.0,,6.499468887100697,0.16170746766436503,0.0,0.0,0.0,663.7884615384615,0.0,35.669,663.7884615384615,663.7884615384615,0.0,663.7884615384615,0.0,0.0,0.0,0.0
36,2001.0,0.0,Pertussis,All,663.7884615384615,0.0,0.0,,6.499468887100697,0.16170746766436503,0.0,0.0,0.0,663.7884615384615,0.0,35.669,663.7884615384615,663.7884615384615,0.0,663.7884615384615,0.0,0.0,0.0,0.0
37,2001.0,0.0,Pertussis,All,663.7884615384615,0.0,0.0,,6.499468887100697,0.16170746766436503,0.0,0.0,0.0,663.7884615384615,0.0,35.669,663.7884615384615,663.7884615384615,0.0,663.7884615384615,0.0,0.0,0.0,0.0
38,2001.0,0.0,Pertussis,All,663.7884615384615,0.0,0.0,,6.499468887100697,0.16170746766436503,0.0,0.0,0.0,663.7884615384615,0.0,35.669,663.7884615384615,663.7884615384615,0.0,663.7884615384615,0.0,0.0,0.0,0.0
39,2001.0,0.0,Pertussis,All,663.7884615384615,0.0,0.0,,6.499468887100697,0.16170746766436503,0.0,0.0,0.0,663.7884615384615,0.0,35.669,663.7884615384615,663.7884615384615,0.0,663.7884615384615,0.0,0.0,0.0,0.0
40,2001.0,0.0,Pertussis,All,663.7884615384615,0.0,0.0,,6.499468887100697,0.16170746766436503,0.0,0.0,0.0,663.7884615384615,0.0,35.669,663.7884615384615,663.7884615384615,0.0,663.7884615384615,0.0,0.0,0.0,0.0
41,2001.0,0.0,Pertussis,All,663.7884615384615,0.0,0.0,,6.499468887100697,0.16170746766436503,0.0,0.0,0.0,663.7884615384615,0.0,35.669,663.7884615384615,663.7884615384615,0.0,663.7884615384615,0.0,0.0,0.0,0.0
42,2001.0,0.0,Pertussis,All,663.7884615384615,0.0,0.0,,6.499468887100697,0.16170746766436503,0.0,0.0,0.0,663.7884615384615,0.0,35.669,663.7884615384615,663.7884615384615,0.0,663.7884615384615,0.0,0.0,0.0,0.0
43,2001.0,0.0,Pertussis,All,663.7884615384615,0.0,0.0,,6.499468887100697,0.16170746766436503,0.0,0.0,0.0,663.7884615384615,0.0,35.669,663.7884615384615,663.7884615384615,0.0,663.7884615384615,0.0,0.0,0.0,0.0
44,2001.0,0.0,Pertussis,All,663.7884615384615,0.0,0.0,,6.499468887100697,0.16170746766436503,0.0,0.0,0.0,663.7884615384615,0.0,35.669,663.7884615384615,663.7884615384615,0.0,663.7884615384615,0.0,0.0,0.0,0.0
45,2001.0,0.0,Pertussis,All,663.7884615384615,0.0,0.0,,6.499468887100697,0.16170746766436503,0.0,0.0,0.0,663.7884615384615,0.0,35.669,663.7884615384615,663.7884615384615,0.0,663.7884615384615,0.0,0.0,0.0,0.0
46,2001.0,0.0,Pertussis,All,663.7884615384615,0.0,0.0,,6.499468887100697,0.16170746766436503,0.0,0.0,0.0,663.7884615384615,0.0,35.669,663.7884615384615,663.7884615384615,0.0,663.7884615384615,0.0,0.0,0.0,0.0
47,2001.0,0.0,Pertussis,All,663.7884615384615,0.0,0.0,,6.499468887100697,0.16170746766436503,0.0,0.0,0.0,663.7884615384615,0.0,35.669,663.7884615384615,663.7884615384615,0.0,663.7884615384615,0.0,0.0,0.0,0.0
48,2001.0,0.0,Pertussis,All,663.7884615384615,0.0,0.0,,6.499468887100697,0.16170746766436503,0.0,0.0,0.0,663.7884615384615,0.0,35.669,663.7884615384615,663.7884615384615,0.0,663.7884615384615,0.0,0.0,0.0,0.0
49,2001.0,0.0,Pertussis,All,663.7884615384615,0.0,0.0,,6.499468887100697,0.16170746766436503,0.0,0.0,0.0,663.7884615384615,0.0,35.669,663.7884615384615,663.7884615384615,0.0,663.7884615384615,0.0,0.0,0.0,0.0
50,2001.0,0.0,Pertussis,All,663.7884615384615,0.0,0.0,,6.499468887100697,0.16170746766436503,0.0,0.0,0.0,663.7884615384615,0.0,35.669,663.7884615384615,663.7884615384615,0.0,663.7884615384615,0.0,0.0,0.0,0.0
51,2001.0,0.0,Pertussis,All,663.7884615384615,0.0,0.0,,6.499468887100697,0.16170746766436503,0.0,0.0,0.0,663.7884615384615,0.0,35.669,663.7884615384615,663.7884615384615,0.0,663.7884615384615,0.0,0.0,0.0,0.0
52,2001.0,0.0,Pertussis,All,663.7884615384615,0.0,0.0,,6.499468887100697,0.16170746766436503,0.0,0.0,0.0,663.7884615384615,0.0,35.669,663.7884615384615,663.7884615384615,0.0,663.7884615384615,0.0,0.0,0.0,0.0
1,2002.0,0.0,Pertussis,All,228.73076923076923,0.0,0.0,,5.436908054710824,-0.8783649467918934,0.0,0.0,0.0,228.73076923076923,0.0,36.508,663.7884615384615,663.7884615384615,0.0,555.0240384615385,217.52884615384124,0.0,-0.6554161717414607,0.0
2,2002.0,0.0,Pertussis,All,228.73076923076923,0.0,0.0,,5.436908054710824,-0.8783649467918934,0.0,0.0,0.0,228.73076923076923,0.0,36.508,228.73076923076923,446.25961538461536,0.0,446.25961538461536,251.18067576685877,0.0,0.0,0.0
3,2002.0,0.0,Pertussis,All,228.73076923076923,0.0,0.0,,5.436908054710824,-0.8783649467918934,0.0,0.0,0.0,228.73076923076923,0.0,36.508,228.73076923076923,228.73076923076923,0.0,337.4951923076923,217.52884615384005,0.0,0.0,0.0
4,2002.0,0.0,Pertussis,All,228.73076923076923,0.0,0.0,,5.436908054710824,-0.8783649467918934,0.0,0.0,0.0,228.73076923076923,0.0,36.508,228.73076923076923,228.73076923076923,0.0,228.73076923076923,0.0,0.0,0.0,0.0
5,2002.0,0.0,Pertussis,All,228.73076923076923,0.0,0.0,,5.436908054710824,-0.8783649467918934,0.0,0.0,0.0,228.73076923076923,0.0,36.508,228.73076923076923,228.73076923076923,0.0,228.73076923076923,0.0,0.0,0.0,0.0
6,2002.0,0.0,Pertussis,All,228.73076923076923,0.0,0.0,,5.436908054710824,-0.8783649467918934,0.0,0.0,0.0,228.73076923076923,0.0,36.508,228.73076923076923,228.73076923076923,0.0,228.73076923076923,0.0,0.0,0.0,0.0
7,2002.0,0.0,Pertussis,All,228.73076923076923,0.0,0.0,,5.436908054710824,-0.8783649467918934,0.0,0.0,0.0,228.73076923076923,0.0,36.508,228.73076923076923,228.73076923076923,0.0,228.73076923076923,0.0,0.0,0.0,0.0
8,2002.0,0.0,Pertussis,All,228.73076923076923,0.0,0.0,,5.436908054710824,-0.8783649467918934,0.0,0.0,0.0,228.73076923076923,0.0,36.508,228.73076923076923,228.73076923076923,0.0,228.73076923076923,0.0,0.0,0.0,0.0
9,2002.0,0.0,Pertussis,All,228.73076923076923,0.0,0.0,,5.436908054710824,-0.8783649467918934,0.0,0.0,0.0,228.73076923076923,0.0,36.508,228.73076923076923,228.73076923076923,0.0,228.73076923076923,0.0,0.0,0.0,0.0
10,2002.0,0.0,Pertussis,All,228.73076923076923,0.0,0.0,,5.436908054710824,-0.8783649467918934,0.0,0.0,0.0,228.73076923076923,0.0,36.508,228.73076923076923,228.73076923076923,0.0,228.73076923076923,0.0,0.0,0.0,0.0
11,2002.0,0.0,Pertussis,All,228.73076923076923,0.0,0.0,,5.436908054710824,-0.8783649467918934,0.0,0.0,0.0,228.73076923076923,0.0,36.508,228.73076923076923,228.73076923076923,0.0,228.73076923076923,0.0,0.0,0.0,0.0
12,2002.0,0.0,Pertussis,All,228.73076923076923,0.0,0.0,,5.436908054710824,-0.8783649467918934,0.0,0.0,0.0,228.73076923076923,0.0,36.508,228.73076923076923,228.73076923076923,0.0,228.73076923076923,0.0,0.0,0.0,0.0
13,2002.0,0.0,Pertussis,All,228.73076923076923,0.0,0.0,,5.436908054710824,-0.8783649467918934,0.0,0.0,0.0,228.73076923076923,0.0,36.508,228.73076923076923,228.73076923076923,0.0,228.73076923076923,0.0,0.0,0.0,0.0
14,2002.0,0.0,Pertussis,All,228.73076923076923,0.0,0.0,,5.436908054710824,-0.8783649467918934,0.0,0.0,0.0,228.73076923076923,0.0,36.508,228.73076923076923,228.73076923076923,0.0,228.73076923076923,0.0,0.0,0.0,0.0
15,2002.0,0.0,Pertussis,All,228.73076923076923,0.0,0.0,,5.436908054710824,-0.8783649467918934,0.0,0.0,0.0,228.73076923076923,0.0,36.508,228.73076923076923,228.73076923076923,0.0,228.73076923076923,0.0,0.0,0.0,0.0
16,2002.0,0.0,Pertussis,All,228.73076923076923,0.0,0.0,,5.436908054710824,-0.8783649467918934,0.0,0.0,0.0,228.73076923076923,0.0,36.508,228.73076923076923,228.73076923076923,0.0,228.73076923076923,0.0,0.0,0.0,0.0
17,2002.0,0.0,Pertussis,All,228.73076923076923,0.0,0.0,,5.436908054710824,-0.8783649467918934,0.0,0.0,0.0,228.73076923076923,0.0,36.508,228.73076923076923,228.73076923076923,0.0,228.73076923076923,0.0,0.0,0.0,0.0
18,2002.0,0.0,Pertussis,All,228.73076923076923,0.0,0.0,,5.436908054710824,-0.8783649467918934,0.0,0.0,0.0,228.73076923076923,0.0,36.508,228.73076923076923,228.73076923076923,0.0,228.73076923076923,0.0,0.0,0.0,0.0
19,2002.0,0.0,Pertussis,All,228.73076923076923,0.0,0.0,,5.436908054710824,-0.8783649467918934,0.0,0.0,0.0,228.73076923076923,0.0,36.508,228.73076923076923,228.73076923076923,0.0,228.73076923076923,0.0,0.0,0.0,0.0
20,2002.0,0.0,Pertussis,All,228.73076923076923,0.0,0.0,,5.436908054710824,-0.8783649467918934,0.0,0.0,0.0,228.73076923076923,0.0,36.508,228.73076923076923,228.73076923076923,0.0,228.73076923076923,0.0,0.0,0.0,0.0
21,2002.0,0.0,Pertussis,All,228.73076923076923,0.0,0.0,,5.436908054710824,-0.8783649467918934,0.0,0.0,0.0,228.73076923076923,0.0,36.508,228.73076923076923,228.73076923076923,0.0,228.73076923076923,0.0,0.0,0.0,0.0
22,2002.0,0.0,Pertussis,All,228.73076923076923,0.0,0.0,,5.436908054710824,-0.8783649467918934,0.0,0.0,0.0,228.73076923076923,0.0,36.508,228.73076923076923,228.73076923076923,0.0,228.73076923076923,0.0,0.0,0.0,0.0
23,2002.0,0.0,Pertussis,All,228.73076923076923,0.0,0.0,,5.436908054710824,-0.8783649467918934,0.0,0.0,0.0,228.73076923076923,0.0,36.508,228.73076923076923,228.73076923076923,0.0,228.73076923076923,0.0,0.0,0.0,0.0
24,2002.0,0.0,Pertussis,All,228.73076923076923,0.0,0.0,,5.436908054710824,-0.8783649467918934,0.0,0.0,0.0,228.73076923076923,0.0,36.508,228.73076923076923,228.73076923076923,0.0,228.73076923076923,0.0,0.0,0.0,0.0
25,2002.0,0.0,Pertussis,All,228.73076923076923,0.0,0.0,,5.436908054710824,-0.8783649467918934,0.0,0.0,0.0,228.73076923076923,0.0,36.508,228.73076923076923,228.73076923076923,0.0,228.73076923076923,0.0,0.0,0.0,0.0
26,2002.0,0.0,Pertussis,All,228.73076923076923,0.0,0.0,,5.436908054710824,-0.8783649467918934,0.0,0.0,0.0,228.73076923076923,0.0,36.508,228.73076923076923,228.73076923076923,0.0,228.73076923076923,0.0,0.0,0.0,0.0
27,2002.0,0.0,Pertussis,All,228.73076923076923,0.0,0.0,,5.436908054710824,-0.8783649467918934,0.0,0.0,0.0,228.73076923076923,0.0,36.508,228.73076923076923,228.73076923076923,0.0,228.73076923076923,0.0,0.0,0.0,0.0
28,2002.0,0.0,Pertussis,All,228.73076923076923,0.0,0.0,,5.436908054710824,-0.8783649467918934,0.0,0.0,0.0,228.73076923076923,0.0,36.508,228.73076923076923,228.73076923076923,0.0,228.73076923076923,0.0,0.0,0.0,0.0
29,2002.0,0.0,Pertussis,All,228.73076923076923,0.0,0.0,,5.436908054710824,-0.8783649467918934,0.0,0.0,0.0,228.73076923076923,0.0,36.508,228.73076923076923,228.73076923076923,0.0,228.73076923076923,0.0,0.0,0.0,0.0
30,2002.0,0.0,Pertussis,All,228.73076923076923,0.0,0.0,,5.436908054710824,-0.8783649467918934,0.0,0.0,0.0,228.73076923076923,0.0,36.508,228.73076923076923,228.73076923076923,0.0,228.73076923076923,0.0,0.0,0.0,0.0
31,2002.0,0.0,Pertussis,All,228.73076923076923,0.0,0.0,,5.436908054710824,-0.8783649467918934,0.0,0.0,0.0,228.73076923076923,0.0,36.508,228.73076923076923,228.73076923076923,0.0,228.73076923076923,0.0,0.0,0.0,0.0
32,2002.0,0.0,Pertussis,All,228.73076923076923,0.0,0.0,,5.436908054710824,-0.8783649467918934,0.0,0.0,0.0,228.73076923076923,0.0,36.508,228.73076923076923,228.73076923076923,0.0,228.73076923076923,0.0,0.0,0.0,0.0
33,2002.0,0.0,Pertussis,All,228.73076923076923,0.0,0.0,,5.436908054710824,-0.8783649467918934,0.0,0.0,0.0,228.73076923076923,0.0,36.508,228.73076923076923,228.73076923076923,0.0,228.73076923076923,0.0,0.0,0.0,0.0
34,2002.0,0.0,Pertussis,All,228.73076923076923,0.0,0.0,,5.436908054710824,-0.8783649467918934,0.0,0.0,0.0,228.73076923076923,0.0,36.508,228.73076923076923,228.73076923076923,0.0,228.73076923076923,0.0,0.0,0.0,0.0
35,2002.0,0.0,Pertussis,All,228.73076923076923,0.0,0.0,,5.436908054710824,-0.8783649467918934,0.0,0.0,0.0,228.73076923076923,0.0,36.508,228.73076923076923,228.73076923076923,0.0,228.73076923076923,0.0,0.0,0.0,0.0
36,2002.0,0.0,Pertussis,All,228.73076923076923,0.0,0.0,,5.436908054710824,-0.8783649467918934,0.0,0.0,0.0,228.73076923076923,0.0,36.508,228.73076923076923,228.73076923076923,0.0,228.73076923076923,0.0,0.0,0.0,0.0
37,2002.0,0.0,Pertussis,All,228.73076923076923,0.0,0.0,,5.436908054710824,-0.8783649467918934,0.0,0.0,0.0,228.73076923076923,0.0,36.508,228.73076923076923,228.73076923076923,0.0,228.73076923076923,0.0,0.0,0.0,0.0
38,2002.0,0.0,Pertussis,All,228.73076923076923,0.0,0.0,,5.436908054710824,-0.8783649467918934,0.0,0.0,0.0,228.73076923076923,0.0,36.508,228.73076923076923,228.73076923076923,0.0,228.73076923076923,0.0,0.0,0.0,0.0
39,2002.0,0.0,Pertussis,All,228.73076923076923,0.0,0.0,,5.436908054710824,-0.8783649467918934,0.0,0.0,0.0,228.73076923076923,0.0,36.508,228.73076923076923,228.73076923076923,0.0,228.73076923076923,0.0,0.0,0.0,0.0
40,2002.0,0.0,Pertussis,All,228.73076923076923,0.0,0.0,,5.436908054710824,-0.8783649467918934,0.0,0.0,0.0,228.73076923076923,0.0,36.508,228.73076923076923,228.73076923076923,0.0,228.73076923076923,0.0,0.0,0.0,0.0
41,2002.0,0.0,Pertussis,All,228.73076923076923,0.0,0.0,,5.436908054710824,-0.8783649467918934,0.0,0.0,0.0,228.73076923076923,0.0,36.508,228.73076923076923,228.73076923076923,0.0,228.73076923076923,0.0,0.0,0.0,0.0
42,2002.0,0.0,Pertussis,All,228.73076923076923,0.0,0.0,,5.436908054710824,-0.8783649467918934,0.0,0.0,0.0,228.73076923076923,0.0,36.508,228.73076923076923,228.73076923076923,0.0,228.73076923076923,0.0,0.0,0.0,0.0
43,2002.0,0.0,Pertussis,All,228.73076923076923,0.0,0.0,,5.436908054710824,-0.8783649467918934,0.0,0.0,0.0,228.73076923076923,0.0,36.508,228.73076923076923,228.73076923076923,0.0,228.73076923076923,0.0,0.0,0.0,0.0
44,2002.0,0.0,Pertussis,All,228.73076923076923,0.0,0.0,,5.436908054710824,-0.8783649467918934,0.0,0.0,0.0,228.73076923076923,0.0,36.508,228.73076923076923,228.73076923076923,0.0,228.73076923076923,0.0,0.0,0.0,0.0
45,2002.0,0.0,Pertussis,All,228.73076923076923,0.0,0.0,,5.436908054710824,-0.8783649467918934,0.0,0.0,0.0,228.73076923076923,0.0,36.508,228.73076923076923,228.73076923076923,0.0,228.73076923076923,0.0,0.0,0.0,0.0
46,2002.0,0.0,Pertussis,All,228.73076923076923,0.0,0.0,,5.436908054710824,-0.8783649467918934,0.0,0.0,0.0,228.73076923076923,0.0,36.508,228.73076923076923,228.73076923076923,0.0,228.73076923076923,0.0,0.0,0.0,0.0
47,2002.0,0.0,Pertussis,All,228.73076923076923,0.0,0.0,,5.436908054710824,-0.8783649467918934,0.0,0.0,0.0,228.73076923076923,0.0,36.508,228.73076923076923,228.73076923076923,0.0,228.73076923076923,0.0,0.0,0.0,0.0
48,2002.0,0.0,Pertussis,All,228.73076923076923,0.0,0.0,,5.436908054710824,-0.8783649467918934,0.0,0.0,0.0,228.73076923076923,0.0,36.508,228.73076923076923,228.73076923076923,0.0,228.73076923076923,0.0,0.0,0.0,0.0
49,2002.0,0.0,Pertussis,All,228.73076923076923,0.0,0.0,,5.436908054710824,-0.8783649467918934,0.0,0.0,0.0,228.73076923076923,0.0,36.508,228.73076923076923,228.73076923076923,0.0,228.73076923076923,0.0,0.0,0.0,0.0
50,2002.0,0.0,Pertussis,All,228.73076923076923,0.0,0.0,,5.436908054710824,-0.8783649467918934,0.0,0.0,0.0,228.73076923076923,0.0,36.508,228.73076923076923,228.73076923076923,0.0,228.73076923076923,0.0,0.0,0.0,0.0
51,2002.0,0.0,Pertussis,All,228.73076923076923,0.0,0.0,,5.436908054710824,-0.8783649467918934,0.0,0.0,0.0,228.73076923076923,0.0,36.508,228.73076923076923,228.73076923076923,0.0,228.73076923076923,0.0,0.0,0.0,0.0
52,2002.0,0.0,Pertussis,All,228.73076923076923,0.0,0.0,,5.436908054710824,-0.8783649467918934,0.0,0.0,0.0,228.73076923076923,0.0,36.508,228.73076923076923,228.73076923076923,0.0,228.73076923076923,0.0,0.0,0.0,0.0
1,2004.0,0.0,Pertussis,All,211.07692307692307,0.0,0.0,,5.35694905356226,-0.9205691848005945,0.0,0.0,0.0,211.07692307692307,0.0,38.212,228.73076923076923,228.73076923076923,0.0,224.31730769230768,8.82692307675761,0.0,-0.07718177232217928,0.0
2,2004.0,0.0,Pertussis,All,211.07692307692307,0.0,0.0,,5.35694905356226,-0.9205691848005945,0.0,0.0,0.0,211.07692307692307,0.0,38.212,211.07692307692307,219.90384615384613,0.0,219.90384615384613,10.19245282901149,0.0,0.0,0.0
3,2004.0,0.0,Pertussis,All,211.07692307692307,0.0,0.0,,5.35694905356226,-0.9205691848005945,0.0,0.0,0.0,211.07692307692307,0.0,38.212,211.07692307692307,211.07692307692307,0.0,215.49038461538458,8.826923076756385,0.0,0.0,0.0
4,2004.0,0.0,Pertussis,All,211.07692307692307,0.0,0.0,,5.35694905356226,-0.9205691848005945,0.0,0.0,0.0,211.07692307692307,0.0,38.212,211.07692307692307,211.07692307692307,0.0,211.07692307692307,0.0,0.0,0.0,0.0
5,2004.0,0.0,Pertussis,All,211.07692307692307,0.0,0.0,,5.35694905356226,-0.9205691848005945,0.0,0.0,0.0,211.07692307692307,0.0,38.212,211.07692307692307,211.07692307692307,0.0,211.07692307692307,0.0,0.0,0.0,0.0
6,2004.0,0.0,Pertussis,All,211.07692307692307,0.0,0.0,,5.35694905356226,-0.9205691848005945,0.0,0.0,0.0,211.07692307692307,0.0,38.212,211.07692307692307,211.07692307692307,0.0,211.07692307692307,0.0,0.0,0.0,0.0
7,2004.0,0.0,Pertussis,All,211.07692307692307,0.0,0.0,,5.35694905356226,-0.9205691848005945,0.0,0.0,0.0,211.07692307692307,0.0,38.212,211.07692307692307,211.07692307692307,0.0,211.07692307692307,0.0,0.0,0.0,0.0
8,2004.0,0.0,Pertussis,All,211.07692307692307,0.0,0.0,,5.35694905356226,-0.9205691848005945,0.0,0.0,0.0,211.07692307692307,0.0,38.212,211.07692307692307,211.07692307692307,0.0,211.07692307692307,0.0,0.0,0.0,0.0
9,2004.0,0.0,Pertussis,All,211.07692307692307,0.0,0.0,,5.35694905356226,-0.9205691848005945,0.0,0.0,0.0,211.07692307692307,0.0,38.212,211.07692307692307,211.07692307692307,0.0,211.07692307692307,0.0,0.0,0.0,0.0
10,2004.0,0.0,Pertussis,All,211.07692307692307,0.0,0.0,,5.35694905356226,-0.9205691848005945,0.0,0.0,0.0,211.07692307692307,0.0,38.212,211.07692307692307,211.07692307692307,0.0,211.07692307692307,0.0,0.0,0.0,0.0
11,2004.0,0.0,Pertussis,All,211.07692307692307,0.0,0.0,,5.35694905356226,-0.9205691848005945,0.0,0.0,0.0,211.07692307692307,0.0,38.212,211.07692307692307,211.07692307692307,0.0,211.07692307692307,0.0,0.0,0.0,0.0
12,2004.0,0.0,Pertussis,All,211.07692307692307,0.0,0.0,,5.35694905356226,-0.9205691848005945,0.0,0.0,0.0,211.07692307692307,0.0,38.212,211.07692307692307,211.07692307692307,0.0,211.07692307692307,0.0,0.0,0.0,0.0
13,2004.0,0.0,Pertussis,All,211.07692307692307,0.0,0.0,,5.35694905356226,-0.9205691848005945,0.0,0.0,0.0,211.07692307692307,0.0,38.212,211.07692307692307,211.07692307692307,0.0,211.07692307692307,0.0,0.0,0.0,0.0
14,2004.0,0.0,Pertussis,All,211.07692307692307,0.0,0.0,,5.35694905356226,-0.9205691848005945,0.0,0.0,0.0,211.07692307692307,0.0,38.212,211.07692307692307,211.07692307692307,0.0,211.07692307692307,0.0,0.0,0.0,0.0
15,2004.0,0.0,Pertussis,All,211.07692307692307,0.0,0.0,,5.35694905356226,-0.9205691848005945,0.0,0.0,0.0,211.07692307692307,0.0,38.212,211.07692307692307,211.07692307692307,0.0,211.07692307692307,0.0,0.0,0.0,0.0
16,2004.0,0.0,Pertussis,All,211.07692307692307,0.0,0.0,,5.35694905356226,-0.9205691848005945,0.0,0.0,0.0,211.07692307692307,0.0,38.212,211.07692307692307,211.07692307692307,0.0,211.07692307692307,0.0,0.0,0.0,0.0
17,2004.0,0.0,Pertussis,All,211.07692307692307,0.0,0.0,,5.35694905356226,-0.9205691848005945,0.0,0.0,0.0,211.07692307692307,0.0,38.212,211.07692307692307,211.07692307692307,0.0,211.07692307692307,0.0,0.0,0.0,0.0
18,2004.0,0.0,Pertussis,All,211.07692307692307,0.0,0.0,,5.35694905356226,-0.9205691848005945,0.0,0.0,0.0,211.07692307692307,0.0,38.212,211.07692307692307,211.07692307692307,0.0,211.07692307692307,0.0,0.0,0.0,0.0
19,2004.0,0.0,Pertussis,All,211.07692307692307,0.0,0.0,,5.35694905356226,-0.9205691848005945,0.0,0.0,0.0,211.07692307692307,0.0,38.212,211.07692307692307,211.07692307692307,0.0,211.07692307692307,0.0,0.0,0.0,0.0
20,2004.0,0.0,Pertussis,All,211.07692307692307,0.0,0.0,,5.35694905356226,-0.9205691848005945,0.0,0.0,0.0,211.07692307692307,0.0,38.212,211.07692307692307,211.07692307692307,0.0,211.07692307692307,0.0,0.0,0.0,0.0
21,2004.0,0.0,Pertussis,All,211.07692307692307,0.0,0.0,,5.35694905356226,-0.9205691848005945,0.0,0.0,0.0,211.07692307692307,0.0,38.212,211.07692307692307,211.07692307692307,0.0,211.07692307692307,0.0,0.0,0.0,0.0
22,2004.0,0.0,Pertussis,All,211.07692307692307,0.0,0.0,,5.35694905356226,-0.9205691848005945,0.0,0.0,0.0,211.07692307692307,0.0,38.212,211.07692307692307,211.07692307692307,0.0,211.07692307692307,0.0,0.0,0.0,0.0
23,2004.0,0.0,Pertussis,All,211.07692307692307,0.0,0.0,,5.35694905356226,-0.9205691848005945,0.0,0.0,0.0,211.07692307692307,0.0,38.212,211.07692307692307,211.07692307692307,0.0,211.07692307692307,0.0,0.0,0.0,0.0
24,2004.0,0.0,Pertussis,All,211.07692307692307,0.0,0.0,,5.35694905356226,-0.9205691848005945,0.0,0.0,0.0,211.07692307692307,0.0,38.212,211.07692307692307,211.07692307692307,0.0,211.07692307692307,0.0,0.0,0.0,0.0
25,2004.0,0.0,Pertussis,All,211.07692307692307,0.0,0.0,,5.35694905356226,-0.9205691848005945,0.0,0.0,0.0,211.07692307692307,0.0,38.212,211.07692307692307,211.07692307692307,0.0,211.07692307692307,0.0,0.0,0.0,0.0
26,2004.0,0.0,Pertussis,All,211.07692307692307,0.0,0.0,,5.35694905356226,-0.9205691848005945,0.0,0.0,0.0,211.07692307692307,0.0,38.212,211.07692307692307,211.07692307692307,0.0,211.07692307692307,0.0,0.0,0.0,0.0
27,2004.0,0.0,Pertussis,All,211.07692307692307,0.0,0.0,,5.35694905356226,-0.9205691848005945,0.0,0.0,0.0,211.07692307692307,0.0,38.212,211.07692307692307,211.07692307692307,0.0,211.07692307692307,0.0,0.0,0.0,0.0
28,2004.0,0.0,Pertussis,All,211.07692307692307,0.0,0.0,,5.35694905356226,-0.9205691848005945,0.0,0.0,0.0,211.07692307692307,0.0,38.212,211.07692307692307,211.07692307692307,0.0,211.07692307692307,0.0,0.0,0.0,0.0
29,2004.0,0.0,Pertussis,All,211.07692307692307,0.0,0.0,,5.35694905356226,-0.9205691848005945,0.0,0.0,0.0,211.07692307692307,0.0,38.212,211.07692307692307,211.07692307692307,0.0,211.07692307692307,0.0,0.0,0.0,0.0
30,2004.0,0.0,Pertussis,All,211.07692307692307,0.0,0.0,,5.35694905356226,-0.9205691848005945,0.0,0.0,0.0,211.07692307692307,0.0,38.212,211.07692307692307,211.07692307692307,0.0,211.07692307692307,0.0,0.0,0.0,0.0
31,2004.0,0.0,Pertussis,All,211.07692307692307,0.0,0.0,,5.35694905356226,-0.9205691848005945,0.0,0.0,0.0,211.07692307692307,0.0,38.212,211.07692307692307,211.07692307692307,0.0,211.07692307692307,0.0,0.0,0.0,0.0
32,2004.0,0.0,Pertussis,All,211.07692307692307,0.0,0.0,,5.35694905356226,-0.9205691848005945,0.0,0.0,0.0,211.07692307692307,0.0,38.212,211.07692307692307,211.07692307692307,0.0,211.07692307692307,0.0,0.0,0.0,0.0
33,2004.0,0.0,Pertussis,All,211.07692307692307,0.0,0.0,,5.35694905356226,-0.9205691848005945,0.0,0.0,0.0,211.07692307692307,0.0,38.212,211.07692307692307,211.07692307692307,0.0,211.07692307692307,0.0,0.0,0.0,0.0
34,2004.0,0.0,Pertussis,All,211.07692307692307,0.0,0.0,,5.35694905356226,-0.9205691848005945,0.0,0.0,0.0,211.07692307692307,0.0,38.212,211.07692307692307,211.07692307692307,0.0,211.07692307692307,0.0,0.0,0.0,0.0
35,2004.0,0.0,Pertussis,All,211.07692307692307,0.0,0.0,,5.35694905356226,-0.9205691848005945,0.0,0.0,0.0,211.07692307692307,0.0,38.212,211.07692307692307,211.07692307692307,0.0,211.07692307692307,0.0,0.0,0.0,0.0
36,2004.0,0.0,Pertussis,All,211.07692307692307,0.0,0.0,,5.35694905356226,-0.9205691848005945,0.0,0.0,0.0,211.07692307692307,0.0,38.212,211.07692307692307,211.07692307692307,0.0,211.07692307692307,0.0,0.0,0.0,0.0
37,2004.0,0.0,Pertussis,All,211.07692307692307,0.0,0.0,,5.35694905356226,-0.9205691848005945,0.0,0.0,0.0,211.07692307692307,0.0,38.212,211.07692307692307,211.07692307692307,0.0,211.07692307692307,0.0,0.0,0.0,0.0
38,2004.0,0.0,Pertussis,All,211.07692307692307,0.0,0.0,,5.35694905356226,-0.9205691848005945,0.0,0.0,0.0,211.07692307692307,0.0,38.212,211.07692307692307,211.07692307692307,0.0,211.07692307692307,0.0,0.0,0.0,0.0
39,2004.0,0.0,Pertussis,All,211.07692307692307,0.0,0.0,,5.35694905356226,-0.9205691848005945,0.0,0.0,0.0,211.07692307692307,0.0,38.212,211.07692307692307,211.07692307692307,0.0,211.07692307692307,0.0,0.0,0.0,0.0
40,2004.0,0.0,Pertussis,All,211.07692307692307,0.0,0.0,,5.35694905356226,-0.9205691848005945,0.0,0.0,0.0,211.07692307692307,0.0,38.212,211.07692307692307,211.07692307692307,0.0,211.07692307692307,0.0,0.0,0.0,0.0
41,2004.0,0.0,Pertussis,All,211.07692307692307,0.0,0.0,,5.35694905356226,-0.9205691848005945,0.0,0.0,0.0,211.07692307692307,0.0,38.212,211.07692307692307,211.07692307692307,0.0,211.07692307692307,0.0,0.0,0.0,0.0
42,2004.0,0.0,Pertussis,All,211.07692307692307,0.0,0.0,,5.35694905356226,-0.9205691848005945,0.0,0.0,0.0,211.07692307692307,0.0,38.212,211.07692307692307,211.07692307692307,0.0,211.07692307692307,0.0,0.0,0.0,0.0
43,2004.0,0.0,Pertussis,All,211.07692307692307,0.0,0.0,,5.35694905356226,-0.9205691848005945,0.0,0.0,0.0,211.07692307692307,0.0,38.212,211.07692307692307,211.07692307692307,0.0,211.07692307692307,0.0,0.0,0.0,0.0
44,2004.0,0.0,Pertussis,All,211.07692307692307,0.0,0.0,,5.35694905356226,-0.9205691848005945,0.0,0.0,0.0,211.07692307692307,0.0,38.212,211.07692307692307,211.07692307692307,0.0,211.07692307692307,0.0,0.0,0.0,0.0
45,2004.0,0.0,Pertussis,All,211.07692307692307,0.0,0.0,,5.35694905356226,-0.9205691848005945,0.0,0.0,0.0,211.07692307692307,0.0,38.212,211.07692307692307,211.07692307692307,0.0,211.07692307692307,0.0,0.0,0.0,0.0
46,2004.0,0.0,Pertussis,All,211.07692307692307,0.0,0.0,,5.35694905356226,-0.9205691848005945,0.0,0.0,0.0,211.07692307692307,0.0,38.212,211.07692307692307,211.07692307692307,0.0,211.07692307692307,0.0,0.0,0.0,0.0
47,2004.0,0.0,Pertussis,All,211.07692307692307,0.0,0.0,,5.35694905356226,-0.9205691848005945,0.0,0.0,0.0,211.07692307692307,0.0,38.212,211.07692307692307,211.07692307692307,0.0,211.07692307692307,0.0,0.0,0.0,0.0
48,2004.0,0.0,Pertussis,All,211.07692307692307,0.0,0.0,,5.35694905356226,-0.9205691848005945,0.0,0.0,0.0,211.07692307692307,0.0,38.212,211.07692307692307,211.07692307692307,0.0,211.07692307692307,0.0,0.0,0.0,0.0
49,2004.0,0.0,Pertussis,All,211.07692307692307,0.0,0.0,,5.35694905356226,-0.9205691848005945,0.0,0.0,0.0,211.07692307692307,0.0,38.212,211.07692307692307,211.07692307692307,0.0,211.07692307692307,0.0,0.0,0.0,0.0
50,2004.0,0.0,Pertussis,All,211.07692307692307,0.0,0.0,,5.35694905356226,-0.9205691848005945,0.0,0.0,0.0,211.07692307692307,0.0,38.212,211.07692307692307,211.07692307692307,0.0,211.07692307692307,0.0,0.0,0.0,0.0
51,2004.0,0.0,Pertussis,All,211.07692307692307,0.0,0.0,,5.35694905356226,-0.9205691848005945,0.0,0.0,0.0,211.07692307692307,0.0,38.212,211.07692307692307,211.07692307692307,0.0,211.07692307692307,0.0,0.0,0.0,0.0
52,2004.0,0.0,Pertussis,All,211.07692307692307,0.0,0.0,,5.35694905356226,-0.9205691848005945,0.0,0.0,0.0,211.07692307692307,0.0,38.212,211.07692307692307,211.07692307692307,0.0,211.07692307692307,0.0,0.0,0.0,0.0
1,2005.0,0.0,Pertussis,All,300.1730769230769,0.0,0.0,,5.707685105885006,-0.7075711077915398,0.0,0.0,0.0,300.1730769230769,0.0,39.074,211.07692307692307,211.07692307692307,0.0,233.35096153846152,44.54807692304439,0.0,0.42210276967930027,0.0
2,2005.0,0.0,Pertussis,All,300.1730769230769,0.0,0.0,,5.707685105885006,-0.7075711077915398,0.0,0.0,0.0,300.1730769230769,0.0,39.074,300.1730769230769,255.625,0.0,255.625,51.439688406809616,0.0,0.0,0.0
3,2005.0,0.0,Pertussis,All,300.1730769230769,0.0,0.0,,5.707685105885006,-0.7075711077915398,0.0,0.0,0.0,300.1730769230769,0.0,39.074,300.1730769230769,300.1730769230769,0.0,277.89903846153845,44.54807692304566,0.0,0.0,0.0
4,2005.0,0.0,Pertussis,All,300.1730769230769,0.0,0.0,,5.707685105885006,-0.7075711077915398,0.0,0.0,0.0,300.1730769230769,0.0,39.074,300.1730769230769,300.1730769230769,0.0,300.1730769230769,0.0,0.0,0.0,0.0
5,2005.0,0.0,Pertussis,All,300.1730769230769,0.0,0.0,,5.707685105885006,-0.7075711077915398,0.0,0.0,0.0,300.1730769230769,0.0,39.074,300.1730769230769,300.1730769230769,0.0,300.1730769230769,0.0,0.0,0.0,0.0
6,2005.0,0.0,Pertussis,All,300.1730769230769,0.0,0.0,,5.707685105885006,-0.7075711077915398,0.0,0.0,0.0,300.1730769230769,0.0,39.074,300.1730769230769,300.1730769230769,0.0,300.1730769230769,0.0,0.0,0.0,0.0
7,2005.0,0.0,Pertussis,All,300.1730769230769,0.0,0.0,,5.707685105885006,-0.7075711077915398,0.0,0.0,0.0,300.1730769230769,0.0,39.074,300.1730769230769,300.1730769230769,0.0,300.1730769230769,0.0,0.0,0.0,0.0
8,2005.0,0.0,Pertussis,All,300.1730769230769,0.0,0.0,,5.707685105885006,-0.7075711077915398,0.0,0.0,0.0,300.1730769230769,0.0,39.074,300.1730769230769,300.1730769230769,0.0,300.1730769230769,0.0,0.0,0.0,0.0
9,2005.0,0.0,Pertussis,All,300.1730769230769,0.0,0.0,,5.707685105885006,-0.7075711077915398,0.0,0.0,0.0,300.1730769230769,0.0,39.074,300.1730769230769,300.1730769230769,0.0,300.1730769230769,0.0,0.0,0.0,0.0
10,2005.0,0.0,Pertussis,All,300.1730769230769,0.0,0.0,,5.707685105885006,-0.7075711077915398,0.0,0.0,0.0,300.1730769230769,0.0,39.074,300.1730769230769,300.1730769230769,0.0,300.1730769230769,0.0,0.0,0.0,0.0
11,2005.0,0.0,Pertussis,All,300.1730769230769,0.0,0.0,,5.707685105885006,-0.7075711077915398,0.0,0.0,0.0,300.1730769230769,0.0,39.074,300.1730769230769,300.1730769230769,0.0,300.1730769230769,0.0,0.0,0.0,0.0
12,2005.0,0.0,Pertussis,All,300.1730769230769,0.0,0.0,,5.707685105885006,-0.7075711077915398,0.0,0.0,0.0,300.1730769230769,0.0,39.074,300.1730769230769,300.1730769230769,0.0,300.1730769230769,0.0,0.0,0.0,0.0
13,2005.0,0.0,Pertussis,All,300.1730769230769,0.0,0.0,,5.707685105885006,-0.7075711077915398,0.0,0.0,0.0,300.1730769230769,0.0,39.074,300.1730769230769,300.1730769230769,0.0,300.1730769230769,0.0,0.0,0.0,0.0
14,2005.0,0.0,Pertussis,All,300.1730769230769,0.0,0.0,,5.707685105885006,-0.7075711077915398,0.0,0.0,0.0,300.1730769230769,0.0,39.074,300.1730769230769,300.1730769230769,0.0,300.1730769230769,0.0,0.0,0.0,0.0
15,2005.0,0.0,Pertussis,All,300.1730769230769,0.0,0.0,,5.707685105885006,-0.7075711077915398,0.0,0.0,0.0,300.1730769230769,0.0,39.074,300.1730769230769,300.1730769230769,0.0,300.1730769230769,0.0,0.0,0.0,0.0
16,2005.0,0.0,Pertussis,All,300.1730769230769,0.0,0.0,,5.707685105885006,-0.7075711077915398,0.0,0.0,0.0,300.1730769230769,0.0,39.074,300.1730769230769,300.1730769230769,0.0,300.1730769230769,0.0,0.0,0.0,0.0
17,2005.0,0.0,Pertussis,All,300.1730769230769,0.0,0.0,,5.707685105885006,-0.7075711077915398,0.0,0.0,0.0,300.1730769230769,0.0,39.074,300.1730769230769,300.1730769230769,0.0,300.1730769230769,0.0,0.0,0.0,0.0
18,2005.0,0.0,Pertussis,All,300.1730769230769,0.0,0.0,,5.707685105885006,-0.7075711077915398,0.0,0.0,0.0,300.1730769230769,0.0,39.074,300.1730769230769,300.1730769230769,0.0,300.1730769230769,0.0,0.0,0.0,0.0
19,2005.0,0.0,Pertussis,All,300.1730769230769,0.0,0.0,,5.707685105885006,-0.7075711077915398,0.0,0.0,0.0,300.1730769230769,0.0,39.074,300.1730769230769,300.1730769230769,0.0,300.1730769230769,0.0,0.0,0.0,0.0
20,2005.0,0.0,Pertussis,All,300.1730769230769,0.0,0.0,,5.707685105885006,-0.7075711077915398,0.0,0.0,0.0,300.1730769230769,0.0,39.074,300.1730769230769,300.1730769230769,0.0,300.1730769230769,0.0,0.0,0.0,0.0
21,2005.0,0.0,Pertussis,All,300.1730769230769,0.0,0.0,,5.707685105885006,-0.7075711077915398,0.0,0.0,0.0,300.1730769230769,0.0,39.074,300.1730769230769,300.1730769230769,0.0,300.1730769230769,0.0,0.0,0.0,0.0
22,2005.0,0.0,Pertussis,All,300.1730769230769,0.0,0.0,,5.707685105885006,-0.7075711077915398,0.0,0.0,0.0,300.1730769230769,0.0,39.074,300.1730769230769,300.1730769230769,0.0,300.1730769230769,0.0,0.0,0.0,0.0
23,2005.0,0.0,Pertussis,All,300.1730769230769,0.0,0.0,,5.707685105885006,-0.7075711077915398,0.0,0.0,0.0,300.1730769230769,0.0,39.074,300.1730769230769,300.1730769230769,0.0,300.1730769230769,0.0,0.0,0.0,0.0
24,2005.0,0.0,Pertussis,All,300.1730769230769,0.0,0.0,,5.707685105885006,-0.7075711077915398,0.0,0.0,0.0,300.1730769230769,0.0,39.074,300.1730769230769,300.1730769230769,0.0,300.1730769230769,0.0,0.0,0.0,0.0
25,2005.0,0.0,Pertussis,All,300.1730769230769,0.0,0.0,,5.707685105885006,-0.7075711077915398,0.0,0.0,0.0,300.1730769230769,0.0,39.074,300.1730769230769,300.1730769230769,0.0,300.1730769230769,0.0,0.0,0.0,0.0
26,2005.0,0.0,Pertussis,All,300.1730769230769,0.0,0.0,,5.707685105885006,-0.7075711077915398,0.0,0.0,0.0,300.1730769230769,0.0,39.074,300.1730769230769,300.1730769230769,0.0,300.1730769230769,0.0,0.0,0.0,0.0
27,2005.0,0.0,Pertussis,All,300.1730769230769,0.0,0.0,,5.707685105885006,-0.7075711077915398,0.0,0.0,0.0,300.1730769230769,0.0,39.074,300.1730769230769,300.1730769230769,0.0,300.1730769230769,0.0,0.0,0.0,0.0
28,2005.0,0.0,Pertussis,All,300.1730769230769,0.0,0.0,,5.707685105885006,-0.7075711077915398,0.0,0.0,0.0,300.1730769230769,0.0,39.074,300.1730769230769,300.1730769230769,0.0,300.1730769230769,0.0,0.0,0.0,0.0
29,2005.0,0.0,Pertussis,All,300.1730769230769,0.0,0.0,,5.707685105885006,-0.7075711077915398,0.0,0.0,0.0,300.1730769230769,0.0,39.074,300.1730769230769,300.1730769230769,0.0,300.1730769230769,0.0,0.0,0.0,0.0
30,2005.0,0.0,Pertussis,All,300.1730769230769,0.0,0.0,,5.707685105885006,-0.7075711077915398,0.0,0.0,0.0,300.1730769230769,0.0,39.074,300.1730769230769,300.1730769230769,0.0,300.1730769230769,0.0,0.0,0.0,0.0
31,2005.0,0.0,Pertussis,All,300.1730769230769,0.0,0.0,,5.707685105885006,-0.7075711077915398,0.0,0.0,0.0,300.1730769230769,0.0,39.074,300.1730769230769,300.1730769230769,0.0,300.1730769230769,0.0,0.0,0.0,0.0
32,2005.0,0.0,Pertussis,All,300.1730769230769,0.0,0.0,,5.707685105885006,-0.7075711077915398,0.0,0.0,0.0,300.1730769230769,0.0,39.074,300.1730769230769,300.1730769230769,0.0,300.1730769230769,0.0,0.0,0.0,0.0
33,2005.0,0.0,Pertussis,All,300.1730769230769,0.0,0.0,,5.707685105885006,-0.7075711077915398,0.0,0.0,0.0,300.1730769230769,0.0,39.074,300.1730769230769,300.1730769230769,0.0,300.1730769230769,0.0,0.0,0.0,0.0
34,2005.0,0.0,Pertussis,All,300.1730769230769,0.0,0.0,,5.707685105885006,-0.7075711077915398,0.0,0.0,0.0,300.1730769230769,0.0,39.074,300.1730769230769,300.1730769230769,0.0,300.1730769230769,0.0,0.0,0.0,0.0
35,2005.0,0.0,Pertussis,All,300.1730769230769,0.0,0.0,,5.707685105885006,-0.7075711077915398,0.0,0.0,0.0,300.1730769230769,0.0,39.074,300.1730769230769,300.1730769230769,0.0,300.1730769230769,0.0,0.0,0.0,0.0
36,2005.0,0.0,Pertussis,All,300.1730769230769,0.0,0.0,,5.707685105885006,-0.7075711077915398,0.0,0.0,0.0,300.1730769230769,0.0,39.074,300.1730769230769,300.1730769230769,0.0,300.1730769230769,0.0,0.0,0.0,0.0
37,2005.0,0.0,Pertussis,All,300.1730769230769,0.0,0.0,,5.707685105885006,-0.7075711077915398,0.0,0.0,0.0,300.1730769230769,0.0,39.074,300.1730769230769,300.1730769230769,0.0,300.1730769230769,0.0,0.0,0.0,0.0
38,2005.0,0.0,Pertussis,All,300.1730769230769,0.0,0.0,,5.707685105885006,-0.7075711077915398,0.0,0.0,0.0,300.1730769230769,0.0,39.074,300.1730769230769,300.1730769230769,0.0,300.1730769230769,0.0,0.0,0.0,0.0
39,2005.0,0.0,Pertussis,All,300.1730769230769,0.0,0.0,,5.707685105885006,-0.7075711077915398,0.0,0.0,0.0,300.1730769230769,0.0,39.074,300.1730769230769,300.1730769230769,0.0,300.1730769230769,0.0,0.0,0.0,0.0
40,2005.0,0.0,Pertussis,All,300.1730769230769,0.0,0.0,,5.707685105885006,-0.7075711077915398,0.0,0.0,0.0,300.1730769230769,0.0,39.074,300.1730769230769,300.1730769230769,0.0,300.1730769230769,0.0,0.0,0.0,0.0
41,2005.0,0.0,Pertussis,All,300.1730769230769,0.0,0.0,,5.707685105885006,-0.7075711077915398,0.0,0.0,0.0,300.1730769230769,0.0,39.074,300.1730769230769,300.1730769230769,0.0,300.1730769230769,0.0,0.0,0.0,0.0
42,2005.0,0.0,Pertussis,All,300.1730769230769,0.0,0.0,,5.707685105885006,-0.7075711077915398,0.0,0.0,0.0,300.1730769230769,0.0,39.074,300.1730769230769,300.1730769230769,0.0,300.1730769230769,0.0,0.0,0.0,0.0
43,2005.0,0.0,Pertussis,All,300.1730769230769,0.0,0.0,,5.707685105885006,-0.7075711077915398,0.0,0.0,0.0,300.1730769230769,0.0,39.074,300.1730769230769,300.1730769230769,0.0,300.1730769230769,0.0,0.0,0.0,0.0
44,2005.0,0.0,Pertussis,All,300.1730769230769,0.0,0.0,,5.707685105885006,-0.7075711077915398,0.0,0.0,0.0,300.1730769230769,0.0,39.074,300.1730769230769,300.1730769230769,0.0,300.1730769230769,0.0,0.0,0.0,0.0
45,2005.0,0.0,Pertussis,All,300.1730769230769,0.0,0.0,,5.707685105885006,-0.7075711077915398,0.0,0.0,0.0,300.1730769230769,0.0,39.074,300.1730769230769,300.1730769230769,0.0,300.1730769230769,0.0,0.0,0.0,0.0
46,2005.0,0.0,Pertussis,All,300.1730769230769,0.0,0.0,,5.707685105885006,-0.7075711077915398,0.0,0.0,0.0,300.1730769230769,0.0,39.074,300.1730769230769,300.1730769230769,0.0,300.1730769230769,0.0,0.0,0.0,0.0
47,2005.0,0.0,Pertussis,All,300.1730769230769,0.0,0.0,,5.707685105885006,-0.7075711077915398,0.0,0.0,0.0,300.1730769230769,0.0,39.074,300.1730769230769,300.1730769230769,0.0,300.1730769230769,0.0,0.0,0.0,0.0
48,2005.0,0.0,Pertussis,All,300.1730769230769,0.0,0.0,,5.707685105885006,-0.7075711077915398,0.0,0.0,0.0,300.1730769230769,0.0,39.074,300.1730769230769,300.1730769230769,0.0,300.1730769230769,0.0,0.0,0.0,0.0
49,2005.0,0.0,Pertussis,All,300.1730769230769,0.0,0.0,,5.707685105885006,-0.7075711077915398,0.0,0.0,0.0,300.1730769230769,0.0,39.074,300.1730769230769,300.1730769230769,0.0,300.1730769230769,0.0,0.0,0.0,0.0
50,2005.0,0.0,Pertussis,All,300.1730769230769,0.0,0.0,,5.707685105885006,-0.7075711077915398,0.0,0.0,0.0,300.1730769230769,0.0,39.074,300.1730769230769,300.1730769230769,0.0,300.1730769230769,0.0,0.0,0.0,0.0
51,2005.0,0.0,Pertussis,All,300.1730769230769,0.0,0.0,,5.707685105885006,-0.7075711077915398,0.0,0.0,0.0,300.1730769230769,0.0,39.074,300.1730769230769,300.1730769230769,0.0,300.1730769230769,0.0,0.0,0.0,0.0
52,2005.0,0.0,Pertussis,All,300.1730769230769,0.0,0.0,,5.707685105885006,-0.7075711077915398,0.0,0.0,0.0,300.1730769230769,0.0,39.074,300.1730769230769,300.1730769230769,0.0,300.1730769230769,0.0,0.0,0.0,0.0
1,2006.0,0.0,Pertussis,All,211.48076923076923,0.0,0.0,,5.358851486531748,-0.9196037283755588,0.0,0.0,0.0,211.48076923076923,0.0,39.943,300.1730769230769,300.1730769230769,0.0,278.0,44.346153846122476,0.0,-0.2954705618553398,0.0
2,2006.0,0.0,Pertussis,All,211.48076923076923,0.0,0.0,,5.358851486531748,-0.9196037283755588,0.0,0.0,0.0,211.48076923076923,0.0,39.943,211.48076923076923,255.82692307692307,0.0,255.82692307692307,51.206527721175284,0.0,0.0,0.0
3,2006.0,0.0,Pertussis,All,211.48076923076923,0.0,0.0,,5.358851486531748,-0.9196037283755588,0.0,0.0,0.0,211.48076923076923,0.0,39.943,211.48076923076923,211.48076923076923,0.0,233.65384615384613,44.3461538461213,0.0,0.0,0.0
4,2006.0,0.0,Pertussis,All,211.48076923076923,0.0,0.0,,5.358851486531748,-0.9196037283755588,0.0,0.0,0.0,211.48076923076923,0.0,39.943,211.48076923076923,211.48076923076923,0.0,211.48076923076923,0.0,0.0,0.0,0.0
5,2006.0,0.0,Pertussis,All,211.48076923076923,0.0,0.0,,5.358851486531748,-0.9196037283755588,0.0,0.0,0.0,211.48076923076923,0.0,39.943,211.48076923076923,211.48076923076923,0.0,211.48076923076923,0.0,0.0,0.0,0.0
6,2006.0,0.0,Pertussis,All,211.48076923076923,0.0,0.0,,5.358851486531748,-0.9196037283755588,0.0,0.0,0.0,211.48076923076923,0.0,39.943,211.48076923076923,211.48076923076923,0.0,211.48076923076923,0.0,0.0,0.0,0.0
7,2006.0,0.0,Pertussis,All,211.48076923076923,0.0,0.0,,5.358851486531748,-0.9196037283755588,0.0,0.0,0.0,211.48076923076923,0.0,39.943,211.48076923076923,211.48076923076923,0.0,211.48076923076923,0.0,0.0,0.0,0.0
8,2006.0,0.0,Pertussis,All,211.48076923076923,0.0,0.0,,5.358851486531748,-0.9196037283755588,0.0,0.0,0.0,211.48076923076923,0.0,39.943,211.48076923076923,211.48076923076923,0.0,211.48076923076923,0.0,0.0,0.0,0.0
9,2006.0,0.0,Pertussis,All,211.48076923076923,0.0,0.0,,5.358851486531748,-0.9196037283755588,0.0,0.0,0.0,211.48076923076923,0.0,39.943,211.48076923076923,211.48076923076923,0.0,211.48076923076923,0.0,0.0,0.0,0.0
10,2006.0,0.0,Pertussis,All,211.48076923076923,0.0,0.0,,5.358851486531748,-0.9196037283755588,0.0,0.0,0.0,211.48076923076923,0.0,39.943,211.48076923076923,211.48076923076923,0.0,211.48076923076923,0.0,0.0,0.0,0.0
11,2006.0,0.0,Pertussis,All,211.48076923076923,0.0,0.0,,5.358851486531748,-0.9196037283755588,0.0,0.0,0.0,211.48076923076923,0.0,39.943,211.48076923076923,211.48076923076923,0.0,211.48076923076923,0.0,0.0,0.0,0.0
12,2006.0,0.0,Pertussis,All,211.48076923076923,0.0,0.0,,5.358851486531748,-0.9196037283755588,0.0,0.0,0.0,211.48076923076923,0.0,39.943,211.48076923076923,211.48076923076923,0.0,211.48076923076923,0.0,0.0,0.0,0.0
13,2006.0,0.0,Pertussis,All,211.48076923076923,0.0,0.0,,5.358851486531748,-0.9196037283755588,0.0,0.0,0.0,211.48076923076923,0.0,39.943,211.48076923076923,211.48076923076923,0.0,211.48076923076923,0.0,0.0,0.0,0.0
14,2006.0,0.0,Pertussis,All,211.48076923076923,0.0,0.0,,5.358851486531748,-0.9196037283755588,0.0,0.0,0.0,211.48076923076923,0.0,39.943,211.48076923076923,211.48076923076923,0.0,211.48076923076923,0.0,0.0,0.0,0.0
15,2006.0,0.0,Pertussis,All,211.48076923076923,0.0,0.0,,5.358851486531748,-0.9196037283755588,0.0,0.0,0.0,211.48076923076923,0.0,39.943,211.48076923076923,211.48076923076923,0.0,211.48076923076923,0.0,0.0,0.0,0.0
16,2006.0,0.0,Pertussis,All,211.48076923076923,0.0,0.0,,5.358851486531748,-0.9196037283755588,0.0,0.0,0.0,211.48076923076923,0.0,39.943,211.48076923076923,211.48076923076923,0.0,211.48076923076923,0.0,0.0,0.0,0.0
17,2006.0,0.0,Pertussis,All,211.48076923076923,0.0,0.0,,5.358851486531748,-0.9196037283755588,0.0,0.0,0.0,211.48076923076923,0.0,39.943,211.48076923076923,211.48076923076923,0.0,211.48076923076923,0.0,0.0,0.0,0.0
18,2006.0,0.0,Pertussis,All,211.48076923076923,0.0,0.0,,5.358851486531748,-0.9196037283755588,0.0,0.0,0.0,211.48076923076923,0.0,39.943,211.48076923076923,211.48076923076923,0.0,211.48076923076923,0.0,0.0,0.0,0.0
19,2006.0,0.0,Pertussis,All,211.48076923076923,0.0,0.0,,5.358851486531748,-0.9196037283755588,0.0,0.0,0.0,211.48076923076923,0.0,39.943,211.48076923076923,211.48076923076923,0.0,211.48076923076923,0.0,0.0,0.0,0.0
20,2006.0,0.0,Pertussis,All,211.48076923076923,0.0,0.0,,5.358851486531748,-0.9196037283755588,0.0,0.0,0.0,211.48076923076923,0.0,39.943,211.48076923076923,211.48076923076923,0.0,211.48076923076923,0.0,0.0,0.0,0.0
21,2006.0,0.0,Pertussis,All,211.48076923076923,0.0,0.0,,5.358851486531748,-0.9196037283755588,0.0,0.0,0.0,211.48076923076923,0.0,39.943,211.48076923076923,211.48076923076923,0.0,211.48076923076923,0.0,0.0,0.0,0.0
22,2006.0,0.0,Pertussis,All,211.48076923076923,0.0,0.0,,5.358851486531748,-0.9196037283755588,0.0,0.0,0.0,211.48076923076923,0.0,39.943,211.48076923076923,211.48076923076923,0.0,211.48076923076923,0.0,0.0,0.0,0.0
23,2006.0,0.0,Pertussis,All,211.48076923076923,0.0,0.0,,5.358851486531748,-0.9196037283755588,0.0,0.0,0.0,211.48076923076923,0.0,39.943,211.48076923076923,211.48076923076923,0.0,211.48076923076923,0.0,0.0,0.0,0.0
24,2006.0,0.0,Pertussis,All,211.48076923076923,0.0,0.0,,5.358851486531748,-0.9196037283755588,0.0,0.0,0.0,211.48076923076923,0.0,39.943,211.48076923076923,211.48076923076923,0.0,211.48076923076923,0.0,0.0,0.0,0.0
25,2006.0,0.0,Pertussis,All,211.48076923076923,0.0,0.0,,5.358851486531748,-0.9196037283755588,0.0,0.0,0.0,211.48076923076923,0.0,39.943,211.48076923076923,211.48076923076923,0.0,211.48076923076923,0.0,0.0,0.0,0.0
26,2006.0,0.0,Pertussis,All,211.48076923076923,0.0,0.0,,5.358851486531748,-0.9196037283755588,0.0,0.0,0.0,211.48076923076923,0.0,39.943,211.48076923076923,211.48076923076923,0.0,211.48076923076923,0.0,0.0,0.0,0.0
27,2006.0,0.0,Pertussis,All,211.48076923076923,0.0,0.0,,5.358851486531748,-0.9196037283755588,0.0,0.0,0.0,211.48076923076923,0.0,39.943,211.48076923076923,211.48076923076923,0.0,211.48076923076923,0.0,0.0,0.0,0.0
28,2006.0,0.0,Pertussis,All,211.48076923076923,0.0,0.0,,5.358851486531748,-0.9196037283755588,0.0,0.0,0.0,211.48076923076923,0.0,39.943,211.48076923076923,211.48076923076923,0.0,211.48076923076923,0.0,0.0,0.0,0.0
29,2006.0,0.0,Pertussis,All,211.48076923076923,0.0,0.0,,5.358851486531748,-0.9196037283755588,0.0,0.0,0.0,211.48076923076923,0.0,39.943,211.48076923076923,211.48076923076923,0.0,211.48076923076923,0.0,0.0,0.0,0.0
30,2006.0,0.0,Pertussis,All,211.48076923076923,0.0,0.0,,5.358851486531748,-0.9196037283755588,0.0,0.0,0.0,211.48076923076923,0.0,39.943,211.48076923076923,211.48076923076923,0.0,211.48076923076923,0.0,0.0,0.0,0.0
31,2006.0,0.0,Pertussis,All,211.48076923076923,0.0,0.0,,5.358851486531748,-0.9196037283755588,0.0,0.0,0.0,211.48076923076923,0.0,39.943,211.48076923076923,211.48076923076923,0.0,211.48076923076923,0.0,0.0,0.0,0.0
32,2006.0,0.0,Pertussis,All,211.48076923076923,0.0,0.0,,5.358851486531748,-0.9196037283755588,0.0,0.0,0.0,211.48076923076923,0.0,39.943,211.48076923076923,211.48076923076923,0.0,211.48076923076923,0.0,0.0,0.0,0.0
33,2006.0,0.0,Pertussis,All,211.48076923076923,0.0,0.0,,5.358851486531748,-0.9196037283755588,0.0,0.0,0.0,211.48076923076923,0.0,39.943,211.48076923076923,211.48076923076923,0.0,211.48076923076923,0.0,0.0,0.0,0.0
34,2006.0,0.0,Pertussis,All,211.48076923076923,0.0,0.0,,5.358851486531748,-0.9196037283755588,0.0,0.0,0.0,211.48076923076923,0.0,39.943,211.48076923076923,211.48076923076923,0.0,211.48076923076923,0.0,0.0,0.0,0.0
35,2006.0,0.0,Pertussis,All,211.48076923076923,0.0,0.0,,5.358851486531748,-0.9196037283755588,0.0,0.0,0.0,211.48076923076923,0.0,39.943,211.48076923076923,211.48076923076923,0.0,211.48076923076923,0.0,0.0,0.0,0.0
36,2006.0,0.0,Pertussis,All,211.48076923076923,0.0,0.0,,5.358851486531748,-0.9196037283755588,0.0,0.0,0.0,211.48076923076923,0.0,39.943,211.48076923076923,211.48076923076923,0.0,211.48076923076923,0.0,0.0,0.0,0.0
37,2006.0,0.0,Pertussis,All,211.48076923076923,0.0,0.0,,5.358851486531748,-0.9196037283755588,0.0,0.0,0.0,211.48076923076923,0.0,39.943,211.48076923076923,211.48076923076923,0.0,211.48076923076923,0.0,0.0,0.0,0.0
38,2006.0,0.0,Pertussis,All,211.48076923076923,0.0,0.0,,5.358851486531748,-0.9196037283755588,0.0,0.0,0.0,211.48076923076923,0.0,39.943,211.48076923076923,211.48076923076923,0.0,211.48076923076923,0.0,0.0,0.0,0.0
39,2006.0,0.0,Pertussis,All,211.48076923076923,0.0,0.0,,5.358851486531748,-0.9196037283755588,0.0,0.0,0.0,211.48076923076923,0.0,39.943,211.48076923076923,211.48076923076923,0.0,211.48076923076923,0.0,0.0,0.0,0.0
40,2006.0,0.0,Pertussis,All,211.48076923076923,0.0,0.0,,5.358851486531748,-0.9196037283755588,0.0,0.0,0.0,211.48076923076923,0.0,39.943,211.48076923076923,211.48076923076923,0.0,211.48076923076923,0.0,0.0,0.0,0.0
41,2006.0,0.0,Pertussis,All,211.48076923076923,0.0,0.0,,5.358851486531748,-0.9196037283755588,0.0,0.0,0.0,211.48076923076923,0.0,39.943,211.48076923076923,211.48076923076923,0.0,211.48076923076923,0.0,0.0,0.0,0.0
42,2006.0,0.0,Pertussis,All,211.48076923076923,0.0,0.0,,5.358851486531748,-0.9196037283755588,0.0,0.0,0.0,211.48076923076923,0.0,39.943,211.48076923076923,211.48076923076923,0.0,211.48076923076923,0.0,0.0,0.0,0.0
43,2006.0,0.0,Pertussis,All,211.48076923076923,0.0,0.0,,5.358851486531748,-0.9196037283755588,0.0,0.0,0.0,211.48076923076923,0.0,39.943,211.48076923076923,211.48076923076923,0.0,211.48076923076923,0.0,0.0,0.0,0.0
44,2006.0,0.0,Pertussis,All,211.48076923076923,0.0,0.0,,5.358851486531748,-0.9196037283755588,0.0,0.0,0.0,211.48076923076923,0.0,39.943,211.48076923076923,211.48076923076923,0.0,211.48076923076923,0.0,0.0,0.0,0.0
45,2006.0,0.0,Pertussis,All,211.48076923076923,0.0,0.0,,5.358851486531748,-0.9196037283755588,0.0,0.0,0.0,211.48076923076923,0.0,39.943,211.48076923076923,211.48076923076923,0.0,211.48076923076923,0.0,0.0,0.0,0.0
46,2006.0,0.0,Pertussis,All,211.48076923076923,0.0,0.0,,5.358851486531748,-0.9196037283755588,0.0,0.0,0.0,211.48076923076923,0.0,39.943,211.48076923076923,211.48076923076923,0.0,211.48076923076923,0.0,0.0,0.0,0.0
47,2006.0,0.0,Pertussis,All,211.48076923076923,0.0,0.0,,5.358851486531748,-0.9196037283755588,0.0,0.0,0.0,211.48076923076923,0.0,39.943,211.48076923076923,211.48076923076923,0.0,211.48076923076923,0.0,0.0,0.0,0.0
48,2006.0,0.0,Pertussis,All,211.48076923076923,0.0,0.0,,5.358851486531748,-0.9196037283755588,0.0,0.0,0.0,211.48076923076923,0.0,39.943,211.48076923076923,211.48076923076923,0.0,211.48076923076923,0.0,0.0,0.0,0.0
49,2006.0,0.0,Pertussis,All,211.48076923076923,0.0,0.0,,5.358851486531748,-0.9196037283755588,0.0,0.0,0.0,211.48076923076923,0.0,39.943,211.48076923076923,211.48076923076923,0.0,211.48076923076923,0.0,0.0,0.0,0.0
50,2006.0,0.0,Pertussis,All,211.48076923076923,0.0,0.0,,5.358851486531748,-0.9196037283755588,0.0,0.0,0.0,211.48076923076923,0.0,39.943,211.48076923076923,211.48076923076923,0.0,211.48076923076923,0.0,0.0,0.0,0.0
51,2006.0,0.0,Pertussis,All,211.48076923076923,0.0,0.0,,5.358851486531748,-0.9196037283755588,0.0,0.0,0.0,211.48076923076923,0.0,39.943,211.48076923076923,211.48076923076923,0.0,211.48076923076923,0.0,0.0,0.0,0.0
52,2006.0,0.0,Pertussis,All,211.48076923076923,0.0,0.0,,5.358851486531748,-0.9196037283755588,0.0,0.0,0.0,211.48076923076923,0.0,39.943,211.48076923076923,211.48076923076923,0.0,211.48076923076923,0.0,0.0,0.0,0.0
1,2007.0,0.0,Pertussis,All,241.78846153846155,0.0,0.0,,5.492190535562133,-0.8471485223824075,0.0,0.0,0.0,241.78846153846155,0.0,40.819,211.48076923076923,211.48076923076923,0.0,219.0576923076923,15.153846153749786,0.0,0.1433118123124489,0.0
2,2007.0,0.0,Pertussis,All,241.78846153846155,0.0,0.0,,5.492190535562133,-0.8471485223824075,0.0,0.0,0.0,241.78846153846155,0.0,40.819,241.78846153846155,226.6346153846154,0.0,226.6346153846154,17.49815431227959,0.0,0.0,0.0
3,2007.0,0.0,Pertussis,All,241.78846153846155,0.0,0.0,,5.492190535562133,-0.8471485223824075,0.0,0.0,0.0,241.78846153846155,0.0,40.819,241.78846153846155,241.78846153846155,0.0,234.21153846153848,15.153846153751036,0.0,0.0,0.0
4,2007.0,0.0,Pertussis,All,241.78846153846155,0.0,0.0,,5.492190535562133,-0.8471485223824075,0.0,0.0,0.0,241.78846153846155,0.0,40.819,241.78846153846155,241.78846153846155,0.0,241.78846153846155,0.0,0.0,0.0,0.0
5,2007.0,0.0,Pertussis,All,241.78846153846155,0.0,0.0,,5.492190535562133,-0.8471485223824075,0.0,0.0,0.0,241.78846153846155,0.0,40.819,241.78846153846155,241.78846153846155,0.0,241.78846153846155,0.0,0.0,0.0,0.0
6,2007.0,0.0,Pertussis,All,241.78846153846155,0.0,0.0,,5.492190535562133,-0.8471485223824075,0.0,0.0,0.0,241.78846153846155,0.0,40.819,241.78846153846155,241.78846153846155,0.0,241.78846153846155,0.0,0.0,0.0,0.0
7,2007.0,0.0,Pertussis,All,241.78846153846155,0.0,0.0,,5.492190535562133,-0.8471485223824075,0.0,0.0,0.0,241.78846153846155,0.0,40.819,241.78846153846155,241.78846153846155,0.0,241.78846153846155,0.0,0.0,0.0,0.0
8,2007.0,0.0,Pertussis,All,241.78846153846155,0.0,0.0,,5.492190535562133,-0.8471485223824075,0.0,0.0,0.0,241.78846153846155,0.0,40.819,241.78846153846155,241.78846153846155,0.0,241.78846153846155,0.0,0.0,0.0,0.0
9,2007.0,0.0,Pertussis,All,241.78846153846155,0.0,0.0,,5.492190535562133,-0.8471485223824075,0.0,0.0,0.0,241.78846153846155,0.0,40.819,241.78846153846155,241.78846153846155,0.0,241.78846153846155,0.0,0.0,0.0,0.0
10,2007.0,0.0,Pertussis,All,241.78846153846155,0.0,0.0,,5.492190535562133,-0.8471485223824075,0.0,0.0,0.0,241.78846153846155,0.0,40.819,241.78846153846155,241.78846153846155,0.0,241.78846153846155,0.0,0.0,0.0,0.0
11,2007.0,0.0,Pertussis,All,241.78846153846155,0.0,0.0,,5.492190535562133,-0.8471485223824075,0.0,0.0,0.0,241.78846153846155,0.0,40.819,241.78846153846155,241.78846153846155,0.0,241.78846153846155,0.0,0.0,0.0,0.0
12,2007.0,0.0,Pertussis,All,241.78846153846155,0.0,0.0,,5.492190535562133,-0.8471485223824075,0.0,0.0,0.0,241.78846153846155,0.0,40.819,241.78846153846155,241.78846153846155,0.0,241.78846153846155,0.0,0.0,0.0,0.0
13,2007.0,0.0,Pertussis,All,241.78846153846155,0.0,0.0,,5.492190535562133,-0.8471485223824075,0.0,0.0,0.0,241.78846153846155,0.0,40.819,241.78846153846155,241.78846153846155,0.0,241.78846153846155,0.0,0.0,0.0,0.0
14,2007.0,0.0,Pertussis,All,241.78846153846155,0.0,0.0,,5.492190535562133,-0.8471485223824075,0.0,0.0,0.0,241.78846153846155,0.0,40.819,241.78846153846155,241.78846153846155,0.0,241.78846153846155,0.0,0.0,0.0,0.0
15,2007.0,0.0,Pertussis,All,241.78846153846155,0.0,0.0,,5.492190535562133,-0.8471485223824075,0.0,0.0,0.0,241.78846153846155,0.0,40.819,241.78846153846155,241.78846153846155,0.0,241.78846153846155,0.0,0.0,0.0,0.0
16,2007.0,0.0,Pertussis,All,241.78846153846155,0.0,0.0,,5.492190535562133,-0.8471485223824075,0.0,0.0,0.0,241.78846153846155,0.0,40.819,241.78846153846155,241.78846153846155,0.0,241.78846153846155,0.0,0.0,0.0,0.0
17,2007.0,0.0,Pertussis,All,241.78846153846155,0.0,0.0,,5.492190535562133,-0.8471485223824075,0.0,0.0,0.0,241.78846153846155,0.0,40.819,241.78846153846155,241.78846153846155,0.0,241.78846153846155,0.0,0.0,0.0,0.0
18,2007.0,0.0,Pertussis,All,241.78846153846155,0.0,0.0,,5.492190535562133,-0.8471485223824075,0.0,0.0,0.0,241.78846153846155,0.0,40.819,241.78846153846155,241.78846153846155,0.0,241.78846153846155,0.0,0.0,0.0,0.0
19,2007.0,0.0,Pertussis,All,241.78846153846155,0.0,0.0,,5.492190535562133,-0.8471485223824075,0.0,0.0,0.0,241.78846153846155,0.0,40.819,241.78846153846155,241.78846153846155,0.0,241.78846153846155,0.0,0.0,0.0,0.0
20,2007.0,0.0,Pertussis,All,241.78846153846155,0.0,0.0,,5.492190535562133,-0.8471485223824075,0.0,0.0,0.0,241.78846153846155,0.0,40.819,241.78846153846155,241.78846153846155,0.0,241.78846153846155,0.0,0.0,0.0,0.0
21,2007.0,0.0,Pertussis,All,241.78846153846155,0.0,0.0,,5.492190535562133,-0.8471485223824075,0.0,0.0,0.0,241.78846153846155,0.0,40.819,241.78846153846155,241.78846153846155,0.0,241.78846153846155,0.0,0.0,0.0,0.0
22,2007.0,0.0,Pertussis,All,241.78846153846155,0.0,0.0,,5.492190535562133,-0.8471485223824075,0.0,0.0,0.0,241.78846153846155,0.0,40.819,241.78846153846155,241.78846153846155,0.0,241.78846153846155,0.0,0.0,0.0,0.0
23,2007.0,0.0,Pertussis,All,241.78846153846155,0.0,0.0,,5.492190535562133,-0.8471485223824075,0.0,0.0,0.0,241.78846153846155,0.0,40.819,241.78846153846155,241.78846153846155,0.0,241.78846153846155,0.0,0.0,0.0,0.0
24,2007.0,0.0,Pertussis,All,241.78846153846155,0.0,0.0,,5.492190535562133,-0.8471485223824075,0.0,0.0,0.0,241.78846153846155,0.0,40.819,241.78846153846155,241.78846153846155,0.0,241.78846153846155,0.0,0.0,0.0,0.0
25,2007.0,0.0,Pertussis,All,241.78846153846155,0.0,0.0,,5.492190535562133,-0.8471485223824075,0.0,0.0,0.0,241.78846153846155,0.0,40.819,241.78846153846155,241.78846153846155,0.0,241.78846153846155,0.0,0.0,0.0,0.0
26,2007.0,0.0,Pertussis,All,241.78846153846155,0.0,0.0,,5.492190535562133,-0.8471485223824075,0.0,0.0,0.0,241.78846153846155,0.0,40.819,241.78846153846155,241.78846153846155,0.0,241.78846153846155,0.0,0.0,0.0,0.0
27,2007.0,0.0,Pertussis,All,241.78846153846155,0.0,0.0,,5.492190535562133,-0.8471485223824075,0.0,0.0,0.0,241.78846153846155,0.0,40.819,241.78846153846155,241.78846153846155,0.0,241.78846153846155,0.0,0.0,0.0,0.0
28,2007.0,0.0,Pertussis,All,241.78846153846155,0.0,0.0,,5.492190535562133,-0.8471485223824075,0.0,0.0,0.0,241.78846153846155,0.0,40.819,241.78846153846155,241.78846153846155,0.0,241.78846153846155,0.0,0.0,0.0,0.0
29,2007.0,0.0,Pertussis,All,241.78846153846155,0.0,0.0,,5.492190535562133,-0.8471485223824075,0.0,0.0,0.0,241.78846153846155,0.0,40.819,241.78846153846155,241.78846153846155,0.0,241.78846153846155,0.0,0.0,0.0,0.0
30,2007.0,0.0,Pertussis,All,241.78846153846155,0.0,0.0,,5.492190535562133,-0.8471485223824075,0.0,0.0,0.0,241.78846153846155,0.0,40.819,241.78846153846155,241.78846153846155,0.0,241.78846153846155,0.0,0.0,0.0,0.0
31,2007.0,0.0,Pertussis,All,241.78846153846155,0.0,0.0,,5.492190535562133,-0.8471485223824075,0.0,0.0,0.0,241.78846153846155,0.0,40.819,241.78846153846155,241.78846153846155,0.0,241.78846153846155,0.0,0.0,0.0,0.0
32,2007.0,0.0,Pertussis,All,241.78846153846155,0.0,0.0,,5.492190535562133,-0.8471485223824075,0.0,0.0,0.0,241.78846153846155,0.0,40.819,241.78846153846155,241.78846153846155,0.0,241.78846153846155,0.0,0.0,0.0,0.0
33,2007.0,0.0,Pertussis,All,241.78846153846155,0.0,0.0,,5.492190535562133,-0.8471485223824075,0.0,0.0,0.0,241.78846153846155,0.0,40.819,241.78846153846155,241.78846153846155,0.0,241.78846153846155,0.0,0.0,0.0,0.0
34,2007.0,0.0,Pertussis,All,241.78846153846155,0.0,0.0,,5.492190535562133,-0.8471485223824075,0.0,0.0,0.0,241.78846153846155,0.0,40.819,241.78846153846155,241.78846153846155,0.0,241.78846153846155,0.0,0.0,0.0,0.0
35,2007.0,0.0,Pertussis,All,241.78846153846155,0.0,0.0,,5.492190535562133,-0.8471485223824075,0.0,0.0,0.0,241.78846153846155,0.0,40.819,241.78846153846155,241.78846153846155,0.0,241.78846153846155,0.0,0.0,0.0,0.0
36,2007.0,0.0,Pertussis,All,241.78846153846155,0.0,0.0,,5.492190535562133,-0.8471485223824075,0.0,0.0,0.0,241.78846153846155,0.0,40.819,241.78846153846155,241.78846153846155,0.0,241.78846153846155,0.0,0.0,0.0,0.0
37,2007.0,0.0,Pertussis,All,241.78846153846155,0.0,0.0,,5.492190535562133,-0.8471485223824075,0.0,0.0,0.0,241.78846153846155,0.0,40.819,241.78846153846155,241.78846153846155,0.0,241.78846153846155,0.0,0.0,0.0,0.0
38,2007.0,0.0,Pertussis,All,241.78846153846155,0.0,0.0,,5.492190535562133,-0.8471485223824075,0.0,0.0,0.0,241.78846153846155,0.0,40.819,241.78846153846155,241.78846153846155,0.0,241.78846153846155,0.0,0.0,0.0,0.0
39,2007.0,0.0,Pertussis,All,241.78846153846155,0.0,0.0,,5.492190535562133,-0.8471485223824075,0.0,0.0,0.0,241.78846153846155,0.0,40.819,241.78846153846155,241.78846153846155,0.0,241.78846153846155,0.0,0.0,0.0,0.0
40,2007.0,0.0,Pertussis,All,241.78846153846155,0.0,0.0,,5.492190535562133,-0.8471485223824075,0.0,0.0,0.0,241.78846153846155,0.0,40.819,241.78846153846155,241.78846153846155,0.0,241.78846153846155,0.0,0.0,0.0,0.0
41,2007.0,0.0,Pertussis,All,241.78846153846155,0.0,0.0,,5.492190535562133,-0.8471485223824075,0.0,0.0,0.0,241.78846153846155,0.0,40.819,241.78846153846155,241.78846153846155,0.0,241.78846153846155,0.0,0.0,0.0,0.0
42,2007.0,0.0,Pertussis,All,241.78846153846155,0.0,0.0,,5.492190535562133,-0.8471485223824075,0.0,0.0,0.0,241.78846153846155,0.0,40.819,241.78846153846155,241.78846153846155,0.0,241.78846153846155,0.0,0.0,0.0,0.0
43,2007.0,0.0,Pertussis,All,241.78846153846155,0.0,0.0,,5.492190535562133,-0.8471485223824075,0.0,0.0,0.0,241.78846153846155,0.0,40.819,241.78846153846155,241.78846153846155,0.0,241.78846153846155,0.0,0.0,0.0,0.0
44,2007.0,0.0,Pertussis,All,241.78846153846155,0.0,0.0,,5.492190535562133,-0.8471485223824075,0.0,0.0,0.0,241.78846153846155,0.0,40.819,241.78846153846155,241.78846153846155,0.0,241.78846153846155,0.0,0.0,0.0,0.0
45,2007.0,0.0,Pertussis,All,241.78846153846155,0.0,0.0,,5.492190535562133,-0.8471485223824075,0.0,0.0,0.0,241.78846153846155,0.0,40.819,241.78846153846155,241.78846153846155,0.0,241.78846153846155,0.0,0.0,0.0,0.0
46,2007.0,0.0,Pertussis,All,241.78846153846155,0.0,0.0,,5.492190535562133,-0.8471485223824075,0.0,0.0,0.0,241.78846153846155,0.0,40.819,241.78846153846155,241.78846153846155,0.0,241.78846153846155,0.0,0.0,0.0,0.0
47,2007.0,0.0,Pertussis,All,241.78846153846155,0.0,0.0,,5.492190535562133,-0.8471485223824075,0.0,0.0,0.0,241.78846153846155,0.0,40.819,241.78846153846155,241.78846153846155,0.0,241.78846153846155,0.0,0.0,0.0,0.0
48,2007.0,0.0,Pertussis,All,241.78846153846155,0.0,0.0,,5.492190535562133,-0.8471485223824075,0.0,0.0,0.0,241.78846153846155,0.0,40.819,241.78846153846155,241.78846153846155,0.0,241.78846153846155,0.0,0.0,0.0,0.0
49,2007.0,0.0,Pertussis,All,241.78846153846155,0.0,0.0,,5.492190535562133,-0.8471485223824075,0.0,0.0,0.0,241.78846153846155,0.0,40.819,241.78846153846155,241.78846153846155,0.0,241.78846153846155,0.0,0.0,0.0,0.0
50,2007.0,0.0,Pertussis,All,241.78846153846155,0.0,0.0,,5.492190535562133,-0.8471485223824075,0.0,0.0,0.0,241.78846153846155,0.0,40.819,241.78846153846155,241.78846153846155,0.0,241.78846153846155,0.0,0.0,0.0,0.0
51,2007.0,0.0,Pertussis,All,241.78846153846155,0.0,0.0,,5.492190535562133,-0.8471485223824075,0.0,0.0,0.0,241.78846153846155,0.0,40.819,241.78846153846155,241.78846153846155,0.0,241.78846153846155,0.0,0.0,0.0,0.0
52,2007.0,0.0,Pertussis,All,241.78846153846155,0.0,0.0,,5.492190535562133,-0.8471485223824075,0.0,0.0,0.0,241.78846153846155,0.0,40.819,241.78846153846155,241.78846153846155,0.0,241.78846153846155,0.0,0.0,0.0,0.0
1,2008.0,0.0,Pertussis,All,254.6153846153846,0.0,0.0,,5.543673910893058,-0.8164837873586561,0.0,0.0,0.0,254.6153846153846,0.0,41.702,241.78846153846155,241.78846153846155,0.0,244.99519230769232,6.413461538238919,0.0,0.053050186908454575,0.0
2,2008.0,0.0,Pertussis,All,254.6153846153846,0.0,0.0,,5.543673910893058,-0.8164837873586561,0.0,0.0,0.0,254.6153846153846,0.0,41.702,254.6153846153846,248.2019230769231,0.0,248.2019230769231,7.405627491143918,0.0,0.0,0.0
3,2008.0,0.0,Pertussis,All,254.6153846153846,0.0,0.0,,5.543673910893058,-0.8164837873586561,0.0,0.0,0.0,254.6153846153846,0.0,41.702,254.6153846153846,254.6153846153846,0.0,251.40865384615384,6.413461538240194,0.0,0.0,0.0
4,2008.0,0.0,Pertussis,All,254.6153846153846,0.0,0.0,,5.543673910893058,-0.8164837873586561,0.0,0.0,0.0,254.6153846153846,0.0,41.702,254.6153846153846,254.6153846153846,0.0,254.6153846153846,0.0,0.0,0.0,0.0
5,2008.0,0.0,Pertussis,All,254.6153846153846,0.0,0.0,,5.543673910893058,-0.8164837873586561,0.0,0.0,0.0,254.6153846153846,0.0,41.702,254.6153846153846,254.6153846153846,0.0,254.6153846153846,0.0,0.0,0.0,0.0
6,2008.0,0.0,Pertussis,All,254.6153846153846,0.0,0.0,,5.543673910893058,-0.8164837873586561,0.0,0.0,0.0,254.6153846153846,0.0,41.702,254.6153846153846,254.6153846153846,0.0,254.6153846153846,0.0,0.0,0.0,0.0
7,2008.0,0.0,Pertussis,All,254.6153846153846,0.0,0.0,,5.543673910893058,-0.8164837873586561,0.0,0.0,0.0,254.6153846153846,0.0,41.702,254.6153846153846,254.6153846153846,0.0,254.6153846153846,0.0,0.0,0.0,0.0
8,2008.0,0.0,Pertussis,All,254.6153846153846,0.0,0.0,,5.543673910893058,-0.8164837873586561,0.0,0.0,0.0,254.6153846153846,0.0,41.702,254.6153846153846,254.6153846153846,0.0,254.6153846153846,0.0,0.0,0.0,0.0
9,2008.0,0.0,Pertussis,All,254.6153846153846,0.0,0.0,,5.543673910893058,-0.8164837873586561,0.0,0.0,0.0,254.6153846153846,0.0,41.702,254.6153846153846,254.6153846153846,0.0,254.6153846153846,0.0,0.0,0.0,0.0
10,2008.0,0.0,Pertussis,All,254.6153846153846,0.0,0.0,,5.543673910893058,-0.8164837873586561,0.0,0.0,0.0,254.6153846153846,0.0,41.702,254.6153846153846,254.6153846153846,0.0,254.6153846153846,0.0,0.0,0.0,0.0
11,2008.0,0.0,Pertussis,All,254.6153846153846,0.0,0.0,,5.543673910893058,-0.8164837873586561,0.0,0.0,0.0,254.6153846153846,0.0,41.702,254.6153846153846,254.6153846153846,0.0,254.6153846153846,0.0,0.0,0.0,0.0
12,2008.0,0.0,Pertussis,All,254.6153846153846,0.0,0.0,,5.543673910893058,-0.8164837873586561,0.0,0.0,0.0,254.6153846153846,0.0,41.702,254.6153846153846,254.6153846153846,0.0,254.6153846153846,0.0,0.0,0.0,0.0
13,2008.0,0.0,Pertussis,All,254.6153846153846,0.0,0.0,,5.543673910893058,-0.8164837873586561,0.0,0.0,0.0,254.6153846153846,0.0,41.702,254.6153846153846,254.6153846153846,0.0,254.6153846153846,0.0,0.0,0.0,0.0
14,2008.0,0.0,Pertussis,All,254.6153846153846,0.0,0.0,,5.543673910893058,-0.8164837873586561,0.0,0.0,0.0,254.6153846153846,0.0,41.702,254.6153846153846,254.6153846153846,0.0,254.6153846153846,0.0,0.0,0.0,0.0
15,2008.0,0.0,Pertussis,All,254.6153846153846,0.0,0.0,,5.543673910893058,-0.8164837873586561,0.0,0.0,0.0,254.6153846153846,0.0,41.702,254.6153846153846,254.6153846153846,0.0,254.6153846153846,0.0,0.0,0.0,0.0
16,2008.0,0.0,Pertussis,All,254.6153846153846,0.0,0.0,,5.543673910893058,-0.8164837873586561,0.0,0.0,0.0,254.6153846153846,0.0,41.702,254.6153846153846,254.6153846153846,0.0,254.6153846153846,0.0,0.0,0.0,0.0
17,2008.0,0.0,Pertussis,All,254.6153846153846,0.0,0.0,,5.543673910893058,-0.8164837873586561,0.0,0.0,0.0,254.6153846153846,0.0,41.702,254.6153846153846,254.6153846153846,0.0,254.6153846153846,0.0,0.0,0.0,0.0
18,2008.0,0.0,Pertussis,All,254.6153846153846,0.0,0.0,,5.543673910893058,-0.8164837873586561,0.0,0.0,0.0,254.6153846153846,0.0,41.702,254.6153846153846,254.6153846153846,0.0,254.6153846153846,0.0,0.0,0.0,0.0
19,2008.0,0.0,Pertussis,All,254.6153846153846,0.0,0.0,,5.543673910893058,-0.8164837873586561,0.0,0.0,0.0,254.6153846153846,0.0,41.702,254.6153846153846,254.6153846153846,0.0,254.6153846153846,0.0,0.0,0.0,0.0
20,2008.0,0.0,Pertussis,All,254.6153846153846,0.0,0.0,,5.543673910893058,-0.8164837873586561,0.0,0.0,0.0,254.6153846153846,0.0,41.702,254.6153846153846,254.6153846153846,0.0,254.6153846153846,0.0,0.0,0.0,0.0
21,2008.0,0.0,Pertussis,All,254.6153846153846,0.0,0.0,,5.543673910893058,-0.8164837873586561,0.0,0.0,0.0,254.6153846153846,0.0,41.702,254.6153846153846,254.6153846153846,0.0,254.6153846153846,0.0,0.0,0.0,0.0
22,2008.0,0.0,Pertussis,All,254.6153846153846,0.0,0.0,,5.543673910893058,-0.8164837873586561,0.0,0.0,0.0,254.6153846153846,0.0,41.702,254.6153846153846,254.6153846153846,0.0,254.6153846153846,0.0,0.0,0.0,0.0
23,2008.0,0.0,Pertussis,All,254.6153846153846,0.0,0.0,,5.543673910893058,-0.8164837873586561,0.0,0.0,0.0,254.6153846153846,0.0,41.702,254.6153846153846,254.6153846153846,0.0,254.6153846153846,0.0,0.0,0.0,0.0
24,2008.0,0.0,Pertussis,All,254.6153846153846,0.0,0.0,,5.543673910893058,-0.8164837873586561,0.0,0.0,0.0,254.6153846153846,0.0,41.702,254.6153846153846,254.6153846153846,0.0,254.6153846153846,0.0,0.0,0.0,0.0
25,2008.0,0.0,Pertussis,All,254.6153846153846,0.0,0.0,,5.543673910893058,-0.8164837873586561,0.0,0.0,0.0,254.6153846153846,0.0,41.702,254.6153846153846,254.6153846153846,0.0,254.6153846153846,0.0,0.0,0.0,0.0
26,2008.0,0.0,Pertussis,All,254.6153846153846,0.0,0.0,,5.543673910893058,-0.8164837873586561,0.0,0.0,0.0,254.6153846153846,0.0,41.702,254.6153846153846,254.6153846153846,0.0,254.6153846153846,0.0,0.0,0.0,0.0
27,2008.0,0.0,Pertussis,All,254.6153846153846,0.0,0.0,,5.543673910893058,-0.8164837873586561,0.0,0.0,0.0,254.6153846153846,0.0,41.702,254.6153846153846,254.6153846153846,0.0,254.6153846153846,0.0,0.0,0.0,0.0
28,2008.0,0.0,Pertussis,All,254.6153846153846,0.0,0.0,,5.543673910893058,-0.8164837873586561,0.0,0.0,0.0,254.6153846153846,0.0,41.702,254.6153846153846,254.6153846153846,0.0,254.6153846153846,0.0,0.0,0.0,0.0
29,2008.0,0.0,Pertussis,All,254.6153846153846,0.0,0.0,,5.543673910893058,-0.8164837873586561,0.0,0.0,0.0,254.6153846153846,0.0,41.702,254.6153846153846,254.6153846153846,0.0,254.6153846153846,0.0,0.0,0.0,0.0
30,2008.0,0.0,Pertussis,All,254.6153846153846,0.0,0.0,,5.543673910893058,-0.8164837873586561,0.0,0.0,0.0,254.6153846153846,0.0,41.702,254.6153846153846,254.6153846153846,0.0,254.6153846153846,0.0,0.0,0.0,0.0
31,2008.0,0.0,Pertussis,All,254.6153846153846,0.0,0.0,,5.543673910893058,-0.8164837873586561,0.0,0.0,0.0,254.6153846153846,0.0,41.702,254.6153846153846,254.6153846153846,0.0,254.6153846153846,0.0,0.0,0.0,0.0
32,2008.0,0.0,Pertussis,All,254.6153846153846,0.0,0.0,,5.543673910893058,-0.8164837873586561,0.0,0.0,0.0,254.6153846153846,0.0,41.702,254.6153846153846,254.6153846153846,0.0,254.6153846153846,0.0,0.0,0.0,0.0
33,2008.0,0.0,Pertussis,All,254.6153846153846,0.0,0.0,,5.543673910893058,-0.8164837873586561,0.0,0.0,0.0,254.6153846153846,0.0,41.702,254.6153846153846,254.6153846153846,0.0,254.6153846153846,0.0,0.0,0.0,0.0
34,2008.0,0.0,Pertussis,All,254.6153846153846,0.0,0.0,,5.543673910893058,-0.8164837873586561,0.0,0.0,0.0,254.6153846153846,0.0,41.702,254.6153846153846,254.6153846153846,0.0,254.6153846153846,0.0,0.0,0.0,0.0
35,2008.0,0.0,Pertussis,All,254.6153846153846,0.0,0.0,,5.543673910893058,-0.8164837873586561,0.0,0.0,0.0,254.6153846153846,0.0,41.702,254.6153846153846,254.6153846153846,0.0,254.6153846153846,0.0,0.0,0.0,0.0
36,2008.0,0.0,Pertussis,All,254.6153846153846,0.0,0.0,,5.543673910893058,-0.8164837873586561,0.0,0.0,0.0,254.6153846153846,0.0,41.702,254.6153846153846,254.6153846153846,0.0,254.6153846153846,0.0,0.0,0.0,0.0
37,2008.0,0.0,Pertussis,All,254.6153846153846,0.0,0.0,,5.543673910893058,-0.8164837873586561,0.0,0.0,0.0,254.6153846153846,0.0,41.702,254.6153846153846,254.6153846153846,0.0,254.6153846153846,0.0,0.0,0.0,0.0
38,2008.0,0.0,Pertussis,All,254.6153846153846,0.0,0.0,,5.543673910893058,-0.8164837873586561,0.0,0.0,0.0,254.6153846153846,0.0,41.702,254.6153846153846,254.6153846153846,0.0,254.6153846153846,0.0,0.0,0.0,0.0
39,2008.0,0.0,Pertussis,All,254.6153846153846,0.0,0.0,,5.543673910893058,-0.8164837873586561,0.0,0.0,0.0,254.6153846153846,0.0,41.702,254.6153846153846,254.6153846153846,0.0,254.6153846153846,0.0,0.0,0.0,0.0
40,2008.0,0.0,Pertussis,All,254.6153846153846,0.0,0.0,,5.543673910893058,-0.8164837873586561,0.0,0.0,0.0,254.6153846153846,0.0,41.702,254.6153846153846,254.6153846153846,0.0,254.6153846153846,0.0,0.0,0.0,0.0
41,2008.0,0.0,Pertussis,All,254.6153846153846,0.0,0.0,,5.543673910893058,-0.8164837873586561,0.0,0.0,0.0,254.6153846153846,0.0,41.702,254.6153846153846,254.6153846153846,0.0,254.6153846153846,0.0,0.0,0.0,0.0
42,2008.0,0.0,Pertussis,All,254.6153846153846,0.0,0.0,,5.543673910893058,-0.8164837873586561,0.0,0.0,0.0,254.6153846153846,0.0,41.702,254.6153846153846,254.6153846153846,0.0,254.6153846153846,0.0,0.0,0.0,0.0
43,2008.0,0.0,Pertussis,All,254.6153846153846,0.0,0.0,,5.543673910893058,-0.8164837873586561,0.0,0.0,0.0,254.6153846153846,0.0,41.702,254.6153846153846,254.6153846153846,0.0,254.6153846153846,0.0,0.0,0.0,0.0
44,2008.0,0.0,Pertussis,All,254.6153846153846,0.0,0.0,,5.543673910893058,-0.8164837873586561,0.0,0.0,0.0,254.6153846153846,0.0,41.702,254.6153846153846,254.6153846153846,0.0,254.6153846153846,0.0,0.0,0.0,0.0
45,2008.0,0.0,Pertussis,All,254.6153846153846,0.0,0.0,,5.543673910893058,-0.8164837873586561,0.0,0.0,0.0,254.6153846153846,0.0,41.702,254.6153846153846,254.6153846153846,0.0,254.6153846153846,0.0,0.0,0.0,0.0
46,2008.0,0.0,Pertussis,All,254.6153846153846,0.0,0.0,,5.543673910893058,-0.8164837873586561,0.0,0.0,0.0,254.6153846153846,0.0,41.702,254.6153846153846,254.6153846153846,0.0,254.6153846153846,0.0,0.0,0.0,0.0
47,2008.0,0.0,Pertussis,All,254.6153846153846,0.0,0.0,,5.543673910893058,-0.8164837873586561,0.0,0.0,0.0,254.6153846153846,0.0,41.702,254.6153846153846,254.6153846153846,0.0,254.6153846153846,0.0,0.0,0.0,0.0
48,2008.0,0.0,Pertussis,All,254.6153846153846,0.0,0.0,,5.543673910893058,-0.8164837873586561,0.0,0.0,0.0,254.6153846153846,0.0,41.702,254.6153846153846,254.6153846153846,0.0,254.6153846153846,0.0,0.0,0.0,0.0
49,2008.0,0.0,Pertussis,All,254.6153846153846,0.0,0.0,,5.543673910893058,-0.8164837873586561,0.0,0.0,0.0,254.6153846153846,0.0,41.702,254.6153846153846,254.6153846153846,0.0,254.6153846153846,0.0,0.0,0.0,0.0
50,2008.0,0.0,Pertussis,All,254.6153846153846,0.0,0.0,,5.543673910893058,-0.8164837873586561,0.0,0.0,0.0,254.6153846153846,0.0,41.702,254.6153846153846,254.6153846153846,0.0,254.6153846153846,0.0,0.0,0.0,0.0
51,2008.0,0.0,Pertussis,All,254.6153846153846,0.0,0.0,,5.543673910893058,-0.8164837873586561,0.0,0.0,0.0,254.6153846153846,0.0,41.702,254.6153846153846,254.6153846153846,0.0,254.6153846153846,0.0,0.0,0.0,0.0
52,2008.0,0.0,Pertussis,All,254.6153846153846,0.0,0.0,,5.543673910893058,-0.8164837873586561,0.0,0.0,0.0,254.6153846153846,0.0,41.702,254.6153846153846,254.6153846153846,0.0,254.6153846153846,0.0,0.0,0.0,0.0
1,2009.0,0.0,Pertussis,All,216.94230769230768,0.0,0.0,,5.384230384151521,-0.9065470795798387,0.0,0.0,0.0,216.94230769230768,0.0,42.588,254.6153846153846,254.6153846153846,0.0,245.19711538461536,18.8365384614627,0.0,-0.14796072507552874,0.0
2,2009.0,0.0,Pertussis,All,216.94230769230768,0.0,0.0,,5.384230384151521,-0.9065470795798387,0.0,0.0,0.0,216.94230769230768,0.0,42.588,216.94230769230768,235.77884615384613,0.0,235.77884615384616,21.750561102673792,0.0,0.0,0.0
3,2009.0,0.0,Pertussis,All,216.94230769230768,0.0,0.0,,5.384230384151521,-0.9065470795798387,0.0,0.0,0.0,216.94230769230768,0.0,42.588,216.94230769230768,216.94230769230768,0.0,226.3605769230769,18.836538461461465,0.0,0.0,0.0
4,2009.0,0.0,Pertussis,All,216.94230769230768,0.0,0.0,,5.384230384151521,-0.9065470795798387,0.0,0.0,0.0,216.94230769230768,0.0,42.588,216.94230769230768,216.94230769230768,0.0,216.94230769230768,0.0,0.0,0.0,0.0
5,2009.0,0.0,Pertussis,All,216.94230769230768,0.0,0.0,,5.384230384151521,-0.9065470795798387,0.0,0.0,0.0,216.94230769230768,0.0,42.588,216.94230769230768,216.94230769230768,0.0,216.94230769230768,0.0,0.0,0.0,0.0
6,2009.0,0.0,Pertussis,All,216.94230769230768,0.0,0.0,,5.384230384151521,-0.9065470795798387,0.0,0.0,0.0,216.94230769230768,0.0,42.588,216.94230769230768,216.94230769230768,0.0,216.94230769230768,0.0,0.0,0.0,0.0
7,2009.0,0.0,Pertussis,All,216.94230769230768,0.0,0.0,,5.384230384151521,-0.9065470795798387,0.0,0.0,0.0,216.94230769230768,0.0,42.588,216.94230769230768,216.94230769230768,0.0,216.94230769230768,0.0,0.0,0.0,0.0
8,2009.0,0.0,Pertussis,All,216.94230769230768,0.0,0.0,,5.384230384151521,-0.9065470795798387,0.0,0.0,0.0,216.94230769230768,0.0,42.588,216.94230769230768,216.94230769230768,0.0,216.94230769230768,0.0,0.0,0.0,0.0
9,2009.0,0.0,Pertussis,All,216.94230769230768,0.0,0.0,,5.384230384151521,-0.9065470795798387,0.0,0.0,0.0,216.94230769230768,0.0,42.588,216.94230769230768,216.94230769230768,0.0,216.94230769230768,0.0,0.0,0.0,0.0
10,2009.0,0.0,Pertussis,All,216.94230769230768,0.0,0.0,,5.384230384151521,-0.9065470795798387,0.0,0.0,0.0,216.94230769230768,0.0,42.588,216.94230769230768,216.94230769230768,0.0,216.94230769230768,0.0,0.0,0.0,0.0
11,2009.0,0.0,Pertussis,All,216.94230769230768,0.0,0.0,,5.384230384151521,-0.9065470795798387,0.0,0.0,0.0,216.94230769230768,0.0,42.588,216.94230769230768,216.94230769230768,0.0,216.94230769230768,0.0,0.0,0.0,0.0
12,2009.0,0.0,Pertussis,All,216.94230769230768,0.0,0.0,,5.384230384151521,-0.9065470795798387,0.0,0.0,0.0,216.94230769230768,0.0,42.588,216.94230769230768,216.94230769230768,0.0,216.94230769230768,0.0,0.0,0.0,0.0
13,2009.0,0.0,Pertussis,All,216.94230769230768,0.0,0.0,,5.384230384151521,-0.9065470795798387,0.0,0.0,0.0,216.94230769230768,0.0,42.588,216.94230769230768,216.94230769230768,0.0,216.94230769230768,0.0,0.0,0.0,0.0
14,2009.0,0.0,Pertussis,All,216.94230769230768,0.0,0.0,,5.384230384151521,-0.9065470795798387,0.0,0.0,0.0,216.94230769230768,0.0,42.588,216.94230769230768,216.94230769230768,0.0,216.94230769230768,0.0,0.0,0.0,0.0
15,2009.0,0.0,Pertussis,All,216.94230769230768,0.0,0.0,,5.384230384151521,-0.9065470795798387,0.0,0.0,0.0,216.94230769230768,0.0,42.588,216.94230769230768,216.94230769230768,0.0,216.94230769230768,0.0,0.0,0.0,0.0
16,2009.0,0.0,Pertussis,All,216.94230769230768,0.0,0.0,,5.384230384151521,-0.9065470795798387,0.0,0.0,0.0,216.94230769230768,0.0,42.588,216.94230769230768,216.94230769230768,0.0,216.94230769230768,0.0,0.0,0.0,0.0
17,2009.0,0.0,Pertussis,All,216.94230769230768,0.0,0.0,,5.384230384151521,-0.9065470795798387,0.0,0.0,0.0,216.94230769230768,0.0,42.588,216.94230769230768,216.94230769230768,0.0,216.94230769230768,0.0,0.0,0.0,0.0
18,2009.0,0.0,Pertussis,All,216.94230769230768,0.0,0.0,,5.384230384151521,-0.9065470795798387,0.0,0.0,0.0,216.94230769230768,0.0,42.588,216.94230769230768,216.94230769230768,0.0,216.94230769230768,0.0,0.0,0.0,0.0
19,2009.0,0.0,Pertussis,All,216.94230769230768,0.0,0.0,,5.384230384151521,-0.9065470795798387,0.0,0.0,0.0,216.94230769230768,0.0,42.588,216.94230769230768,216.94230769230768,0.0,216.94230769230768,0.0,0.0,0.0,0.0
20,2009.0,0.0,Pertussis,All,216.94230769230768,0.0,0.0,,5.384230384151521,-0.9065470795798387,0.0,0.0,0.0,216.94230769230768,0.0,42.588,216.94230769230768,216.94230769230768,0.0,216.94230769230768,0.0,0.0,0.0,0.0
21,2009.0,0.0,Pertussis,All,216.94230769230768,0.0,0.0,,5.384230384151521,-0.9065470795798387,0.0,0.0,0.0,216.94230769230768,0.0,42.588,216.94230769230768,216.94230769230768,0.0,216.94230769230768,0.0,0.0,0.0,0.0
22,2009.0,0.0,Pertussis,All,216.94230769230768,0.0,0.0,,5.384230384151521,-0.9065470795798387,0.0,0.0,0.0,216.94230769230768,0.0,42.588,216.94230769230768,216.94230769230768,0.0,216.94230769230768,0.0,0.0,0.0,0.0
23,2009.0,0.0,Pertussis,All,216.94230769230768,0.0,0.0,,5.384230384151521,-0.9065470795798387,0.0,0.0,0.0,216.94230769230768,0.0,42.588,216.94230769230768,216.94230769230768,0.0,216.94230769230768,0.0,0.0,0.0,0.0
24,2009.0,0.0,Pertussis,All,216.94230769230768,0.0,0.0,,5.384230384151521,-0.9065470795798387,0.0,0.0,0.0,216.94230769230768,0.0,42.588,216.94230769230768,216.94230769230768,0.0,216.94230769230768,0.0,0.0,0.0,0.0
25,2009.0,0.0,Pertussis,All,216.94230769230768,0.0,0.0,,5.384230384151521,-0.9065470795798387,0.0,0.0,0.0,216.94230769230768,0.0,42.588,216.94230769230768,216.94230769230768,0.0,216.94230769230768,0.0,0.0,0.0,0.0
26,2009.0,0.0,Pertussis,All,216.94230769230768,0.0,0.0,,5.384230384151521,-0.9065470795798387,0.0,0.0,0.0,216.94230769230768,0.0,42.588,216.94230769230768,216.94230769230768,0.0,216.94230769230768,0.0,0.0,0.0,0.0
27,2009.0,0.0,Pertussis,All,216.94230769230768,0.0,0.0,,5.384230384151521,-0.9065470795798387,0.0,0.0,0.0,216.94230769230768,0.0,42.588,216.94230769230768,216.94230769230768,0.0,216.94230769230768,0.0,0.0,0.0,0.0
28,2009.0,0.0,Pertussis,All,216.94230769230768,0.0,0.0,,5.384230384151521,-0.9065470795798387,0.0,0.0,0.0,216.94230769230768,0.0,42.588,216.94230769230768,216.94230769230768,0.0,216.94230769230768,0.0,0.0,0.0,0.0
29,2009.0,0.0,Pertussis,All,216.94230769230768,0.0,0.0,,5.384230384151521,-0.9065470795798387,0.0,0.0,0.0,216.94230769230768,0.0,42.588,216.94230769230768,216.94230769230768,0.0,216.94230769230768,0.0,0.0,0.0,0.0
30,2009.0,0.0,Pertussis,All,216.94230769230768,0.0,0.0,,5.384230384151521,-0.9065470795798387,0.0,0.0,0.0,216.94230769230768,0.0,42.588,216.94230769230768,216.94230769230768,0.0,216.94230769230768,0.0,0.0,0.0,0.0
31,2009.0,0.0,Pertussis,All,216.94230769230768,0.0,0.0,,5.384230384151521,-0.9065470795798387,0.0,0.0,0.0,216.94230769230768,0.0,42.588,216.94230769230768,216.94230769230768,0.0,216.94230769230768,0.0,0.0,0.0,0.0
32,2009.0,0.0,Pertussis,All,216.94230769230768,0.0,0.0,,5.384230384151521,-0.9065470795798387,0.0,0.0,0.0,216.94230769230768,0.0,42.588,216.94230769230768,216.94230769230768,0.0,216.94230769230768,0.0,0.0,0.0,0.0
33,2009.0,0.0,Pertussis,All,216.94230769230768,0.0,0.0,,5.384230384151521,-0.9065470795798387,0.0,0.0,0.0,216.94230769230768,0.0,42.588,216.94230769230768,216.94230769230768,0.0,216.94230769230768,0.0,0.0,0.0,0.0
34,2009.0,0.0,Pertussis,All,216.94230769230768,0.0,0.0,,5.384230384151521,-0.9065470795798387,0.0,0.0,0.0,216.94230769230768,0.0,42.588,216.94230769230768,216.94230769230768,0.0,216.94230769230768,0.0,0.0,0.0,0.0
35,2009.0,0.0,Pertussis,All,216.94230769230768,0.0,0.0,,5.384230384151521,-0.9065470795798387,0.0,0.0,0.0,216.94230769230768,0.0,42.588,216.94230769230768,216.94230769230768,0.0,216.94230769230768,0.0,0.0,0.0,0.0
36,2009.0,0.0,Pertussis,All,216.94230769230768,0.0,0.0,,5.384230384151521,-0.9065470795798387,0.0,0.0,0.0,216.94230769230768,0.0,42.588,216.94230769230768,216.94230769230768,0.0,216.94230769230768,0.0,0.0,0.0,0.0
37,2009.0,0.0,Pertussis,All,216.94230769230768,0.0,0.0,,5.384230384151521,-0.9065470795798387,0.0,0.0,0.0,216.94230769230768,0.0,42.588,216.94230769230768,216.94230769230768,0.0,216.94230769230768,0.0,0.0,0.0,0.0
38,2009.0,0.0,Pertussis,All,216.94230769230768,0.0,0.0,,5.384230384151521,-0.9065470795798387,0.0,0.0,0.0,216.94230769230768,0.0,42.588,216.94230769230768,216.94230769230768,0.0,216.94230769230768,0.0,0.0,0.0,0.0
39,2009.0,0.0,Pertussis,All,216.94230769230768,0.0,0.0,,5.384230384151521,-0.9065470795798387,0.0,0.0,0.0,216.94230769230768,0.0,42.588,216.94230769230768,216.94230769230768,0.0,216.94230769230768,0.0,0.0,0.0,0.0
40,2009.0,0.0,Pertussis,All,216.94230769230768,0.0,0.0,,5.384230384151521,-0.9065470795798387,0.0,0.0,0.0,216.94230769230768,0.0,42.588,216.94230769230768,216.94230769230768,0.0,216.94230769230768,0.0,0.0,0.0,0.0
41,2009.0,0.0,Pertussis,All,216.94230769230768,0.0,0.0,,5.384230384151521,-0.9065470795798387,0.0,0.0,0.0,216.94230769230768,0.0,42.588,216.94230769230768,216.94230769230768,0.0,216.94230769230768,0.0,0.0,0.0,0.0
42,2009.0,0.0,Pertussis,All,216.94230769230768,0.0,0.0,,5.384230384151521,-0.9065470795798387,0.0,0.0,0.0,216.94230769230768,0.0,42.588,216.94230769230768,216.94230769230768,0.0,216.94230769230768,0.0,0.0,0.0,0.0
43,2009.0,0.0,Pertussis,All,216.94230769230768,0.0,0.0,,5.384230384151521,-0.9065470795798387,0.0,0.0,0.0,216.94230769230768,0.0,42.588,216.94230769230768,216.94230769230768,0.0,216.94230769230768,0.0,0.0,0.0,0.0
44,2009.0,0.0,Pertussis,All,216.94230769230768,0.0,0.0,,5.384230384151521,-0.9065470795798387,0.0,0.0,0.0,216.94230769230768,0.0,42.588,216.94230769230768,216.94230769230768,0.0,216.94230769230768,0.0,0.0,0.0,0.0
45,2009.0,0.0,Pertussis,All,216.94230769230768,0.0,0.0,,5.384230384151521,-0.9065470795798387,0.0,0.0,0.0,216.94230769230768,0.0,42.588,216.94230769230768,216.94230769230768,0.0,216.94230769230768,0.0,0.0,0.0,0.0
46,2009.0,0.0,Pertussis,All,216.94230769230768,0.0,0.0,,5.384230384151521,-0.9065470795798387,0.0,0.0,0.0,216.94230769230768,0.0,42.588,216.94230769230768,216.94230769230768,0.0,216.94230769230768,0.0,0.0,0.0,0.0
47,2009.0,0.0,Pertussis,All,216.94230769230768,0.0,0.0,,5.384230384151521,-0.9065470795798387,0.0,0.0,0.0,216.94230769230768,0.0,42.588,216.94230769230768,216.94230769230768,0.0,216.94230769230768,0.0,0.0,0.0,0.0
48,2009.0,0.0,Pertussis,All,216.94230769230768,0.0,0.0,,5.384230384151521,-0.9065470795798387,0.0,0.0,0.0,216.94230769230768,0.0,42.588,216.94230769230768,216.94230769230768,0.0,216.94230769230768,0.0,0.0,0.0,0.0
49,2009.0,0.0,Pertussis,All,216.94230769230768,0.0,0.0,,5.384230384151521,-0.9065470795798387,0.0,0.0,0.0,216.94230769230768,0.0,42.588,216.94230769230768,216.94230769230768,0.0,216.94230769230768,0.0,0.0,0.0,0.0
50,2009.0,0.0,Pertussis,All,216.94230769230768,0.0,0.0,,5.384230384151521,-0.9065470795798387,0.0,0.0,0.0,216.94230769230768,0.0,42.588,216.94230769230768,216.94230769230768,0.0,216.94230769230768,0.0,0.0,0.0,0.0
51,2009.0,0.0,Pertussis,All,216.94230769230768,0.0,0.0,,5.384230384151521,-0.9065470795798387,0.0,0.0,0.0,216.94230769230768,0.0,42.588,216.94230769230768,216.94230769230768,0.0,216.94230769230768,0.0,0.0,0.0,0.0
52,2009.0,0.0,Pertussis,All,216.94230769230768,0.0,0.0,,5.384230384151521,-0.9065470795798387,0.0,0.0,0.0,216.94230769230768,0.0,42.588,216.94230769230768,216.94230769230768,0.0,216.94230769230768,0.0,0.0,0.0,0.0
1,2011.0,0.0,Pertussis,All,0.0,0.0,0.0,,0.0,-1.4251810762858923,0.0,0.0,0.0,0.0,0.0,44.366,216.94230769230768,216.94230769230768,0.0,162.70673076923077,108.47115384613974,0.0,-1.0,0.0
2,2011.0,0.0,Pertussis,All,0.0,0.0,0.0,,0.0,-1.4251810762858923,0.0,0.0,0.0,0.0,0.0,44.366,0.0,108.47115384615384,0.0,108.47115384615384,125.25169974475972,0.0,0.0,0.0
3,2011.0,0.0,Pertussis,All,0.0,0.0,0.0,,0.0,-1.4251810762858923,0.0,0.0,0.0,0.0,0.0,44.366,0.0,0.0,0.0,54.23557692307692,108.4711538461385,0.0,0.0,0.0
4,2011.0,0.0,Pertussis,All,0.0,0.0,0.0,,0.0,-1.4251810762858923,0.0,0.0,0.0,0.0,0.0,44.366,0.0,0.0,0.0,0.0,0.0,0.0,0.0,0.0
5,2011.0,0.0,Pertussis,All,0.0,0.0,0.0,,0.0,-1.4251810762858923,0.0,0.0,0.0,0.0,0.0,44.366,0.0,0.0,0.0,0.0,0.0,0.0,0.0,0.0
6,2011.0,0.0,Pertussis,All,0.0,0.0,0.0,,0.0,-1.4251810762858923,0.0,0.0,0.0,0.0,0.0,44.366,0.0,0.0,0.0,0.0,0.0,0.0,0.0,0.0
7,2011.0,0.0,Pertussis,All,0.0,0.0,0.0,,0.0,-1.4251810762858923,0.0,0.0,0.0,0.0,0.0,44.366,0.0,0.0,0.0,0.0,0.0,0.0,0.0,0.0
8,2011.0,0.0,Pertussis,All,0.0,0.0,0.0,,0.0,-1.4251810762858923,0.0,0.0,0.0,0.0,0.0,44.366,0.0,0.0,0.0,0.0,0.0,0.0,0.0,0.0
9,2011.0,0.0,Pertussis,All,0.0,0.0,0.0,,0.0,-1.4251810762858923,0.0,0.0,0.0,0.0,0.0,44.366,0.0,0.0,0.0,0.0,0.0,0.0,0.0,0.0
10,2011.0,0.0,Pertussis,All,0.0,0.0,0.0,,0.0,-1.4251810762858923,0.0,0.0,0.0,0.0,0.0,44.366,0.0,0.0,0.0,0.0,0.0,0.0,0.0,0.0
11,2011.0,0.0,Pertussis,All,0.0,0.0,0.0,,0.0,-1.4251810762858923,0.0,0.0,0.0,0.0,0.0,44.366,0.0,0.0,0.0,0.0,0.0,0.0,0.0,0.0
12,2011.0,0.0,Pertussis,All,0.0,0.0,0.0,,0.0,-1.4251810762858923,0.0,0.0,0.0,0.0,0.0,44.366,0.0,0.0,0.0,0.0,0.0,0.0,0.0,0.0
13,2011.0,0.0,Pertussis,All,0.0,0.0,0.0,,0.0,-1.4251810762858923,0.0,0.0,0.0,0.0,0.0,44.366,0.0,0.0,0.0,0.0,0.0,0.0,0.0,0.0
14,2011.0,0.0,Pertussis,All,0.0,0.0,0.0,,0.0,-1.4251810762858923,0.0,0.0,0.0,0.0,0.0,44.366,0.0,0.0,0.0,0.0,0.0,0.0,0.0,0.0
15,2011.0,0.0,Pertussis,All,0.0,0.0,0.0,,0.0,-1.4251810762858923,0.0,0.0,0.0,0.0,0.0,44.366,0.0,0.0,0.0,0.0,0.0,0.0,0.0,0.0
16,2011.0,0.0,Pertussis,All,0.0,0.0,0.0,,0.0,-1.4251810762858923,0.0,0.0,0.0,0.0,0.0,44.366,0.0,0.0,0.0,0.0,0.0,0.0,0.0,0.0
17,2011.0,0.0,Pertussis,All,0.0,0.0,0.0,,0.0,-1.4251810762858923,0.0,0.0,0.0,0.0,0.0,44.366,0.0,0.0,0.0,0.0,0.0,0.0,0.0,0.0
18,2011.0,0.0,Pertussis,All,0.0,0.0,0.0,,0.0,-1.4251810762858923,0.0,0.0,0.0,0.0,0.0,44.366,0.0,0.0,0.0,0.0,0.0,0.0,0.0,0.0
19,2011.0,0.0,Pertussis,All,0.0,0.0,0.0,,0.0,-1.4251810762858923,0.0,0.0,0.0,0.0,0.0,44.366,0.0,0.0,0.0,0.0,0.0,0.0,0.0,0.0
20,2011.0,0.0,Pertussis,All,0.0,0.0,0.0,,0.0,-1.4251810762858923,0.0,0.0,0.0,0.0,0.0,44.366,0.0,0.0,0.0,0.0,0.0,0.0,0.0,0.0
21,2011.0,0.0,Pertussis,All,0.0,0.0,0.0,,0.0,-1.4251810762858923,0.0,0.0,0.0,0.0,0.0,44.366,0.0,0.0,0.0,0.0,0.0,0.0,0.0,0.0
22,2011.0,0.0,Pertussis,All,0.0,0.0,0.0,,0.0,-1.4251810762858923,0.0,0.0,0.0,0.0,0.0,44.366,0.0,0.0,0.0,0.0,0.0,0.0,0.0,0.0
23,2011.0,0.0,Pertussis,All,0.0,0.0,0.0,,0.0,-1.4251810762858923,0.0,0.0,0.0,0.0,0.0,44.366,0.0,0.0,0.0,0.0,0.0,0.0,0.0,0.0
24,2011.0,0.0,Pertussis,All,0.0,0.0,0.0,,0.0,-1.4251810762858923,0.0,0.0,0.0,0.0,0.0,44.366,0.0,0.0,0.0,0.0,0.0,0.0,0.0,0.0
25,2011.0,0.0,Pertussis,All,0.0,0.0,0.0,,0.0,-1.4251810762858923,0.0,0.0,0.0,0.0,0.0,44.366,0.0,0.0,0.0,0.0,0.0,0.0,0.0,0.0
26,2011.0,0.0,Pertussis,All,0.0,0.0,0.0,,0.0,-1.4251810762858923,0.0,0.0,0.0,0.0,0.0,44.366,0.0,0.0,0.0,0.0,0.0,0.0,0.0,0.0
27,2011.0,0.0,Pertussis,All,0.0,0.0,0.0,,0.0,-1.4251810762858923,0.0,0.0,0.0,0.0,0.0,44.366,0.0,0.0,0.0,0.0,0.0,0.0,0.0,0.0
28,2011.0,0.0,Pertussis,All,0.0,0.0,0.0,,0.0,-1.4251810762858923,0.0,0.0,0.0,0.0,0.0,44.366,0.0,0.0,0.0,0.0,0.0,0.0,0.0,0.0
29,2011.0,0.0,Pertussis,All,0.0,0.0,0.0,,0.0,-1.4251810762858923,0.0,0.0,0.0,0.0,0.0,44.366,0.0,0.0,0.0,0.0,0.0,0.0,0.0,0.0
30,2011.0,0.0,Pertussis,All,0.0,0.0,0.0,,0.0,-1.4251810762858923,0.0,0.0,0.0,0.0,0.0,44.366,0.0,0.0,0.0,0.0,0.0,0.0,0.0,0.0
31,2011.0,0.0,Pertussis,All,0.0,0.0,0.0,,0.0,-1.4251810762858923,0.0,0.0,0.0,0.0,0.0,44.366,0.0,0.0,0.0,0.0,0.0,0.0,0.0,0.0
32,2011.0,0.0,Pertussis,All,0.0,0.0,0.0,,0.0,-1.4251810762858923,0.0,0.0,0.0,0.0,0.0,44.366,0.0,0.0,0.0,0.0,0.0,0.0,0.0,0.0
33,2011.0,0.0,Pertussis,All,0.0,0.0,0.0,,0.0,-1.4251810762858923,0.0,0.0,0.0,0.0,0.0,44.366,0.0,0.0,0.0,0.0,0.0,0.0,0.0,0.0
34,2011.0,0.0,Pertussis,All,0.0,0.0,0.0,,0.0,-1.4251810762858923,0.0,0.0,0.0,0.0,0.0,44.366,0.0,0.0,0.0,0.0,0.0,0.0,0.0,0.0
35,2011.0,0.0,Pertussis,All,0.0,0.0,0.0,,0.0,-1.4251810762858923,0.0,0.0,0.0,0.0,0.0,44.366,0.0,0.0,0.0,0.0,0.0,0.0,0.0,0.0
36,2011.0,0.0,Pertussis,All,0.0,0.0,0.0,,0.0,-1.4251810762858923,0.0,0.0,0.0,0.0,0.0,44.366,0.0,0.0,0.0,0.0,0.0,0.0,0.0,0.0
37,2011.0,0.0,Pertussis,All,0.0,0.0,0.0,,0.0,-1.4251810762858923,0.0,0.0,0.0,0.0,0.0,44.366,0.0,0.0,0.0,0.0,0.0,0.0,0.0,0.0
38,2011.0,0.0,Pertussis,All,0.0,0.0,0.0,,0.0,-1.4251810762858923,0.0,0.0,0.0,0.0,0.0,44.366,0.0,0.0,0.0,0.0,0.0,0.0,0.0,0.0
39,2011.0,0.0,Pertussis,All,0.0,0.0,0.0,,0.0,-1.4251810762858923,0.0,0.0,0.0,0.0,0.0,44.366,0.0,0.0,0.0,0.0,0.0,0.0,0.0,0.0
40,2011.0,0.0,Pertussis,All,0.0,0.0,0.0,,0.0,-1.4251810762858923,0.0,0.0,0.0,0.0,0.0,44.366,0.0,0.0,0.0,0.0,0.0,0.0,0.0,0.0
41,2011.0,0.0,Pertussis,All,0.0,0.0,0.0,,0.0,-1.4251810762858923,0.0,0.0,0.0,0.0,0.0,44.366,0.0,0.0,0.0,0.0,0.0,0.0,0.0,0.0
42,2011.0,0.0,Pertussis,All,0.0,0.0,0.0,,0.0,-1.4251810762858923,0.0,0.0,0.0,0.0,0.0,44.366,0.0,0.0,0.0,0.0,0.0,0.0,0.0,0.0
43,2011.0,0.0,Pertussis,All,0.0,0.0,0.0,,0.0,-1.4251810762858923,0.0,0.0,0.0,0.0,0.0,44.366,0.0,0.0,0.0,0.0,0.0,0.0,0.0,0.0
44,2011.0,0.0,Pertussis,All,0.0,0.0,0.0,,0.0,-1.4251810762858923,0.0,0.0,0.0,0.0,0.0,44.366,0.0,0.0,0.0,0.0,0.0,0.0,0.0,0.0
45,2011.0,0.0,Pertussis,All,0.0,0.0,0.0,,0.0,-1.4251810762858923,0.0,0.0,0.0,0.0,0.0,44.366,0.0,0.0,0.0,0.0,0.0,0.0,0.0,0.0
46,2011.0,0.0,Pertussis,All,0.0,0.0,0.0,,0.0,-1.4251810762858923,0.0,0.0,0.0,0.0,0.0,44.366,0.0,0.0,0.0,0.0,0.0,0.0,0.0,0.0
47,2011.0,0.0,Pertussis,All,0.0,0.0,0.0,,0.0,-1.4251810762858923,0.0,0.0,0.0,0.0,0.0,44.366,0.0,0.0,0.0,0.0,0.0,0.0,0.0,0.0
48,2011.0,0.0,Pertussis,All,0.0,0.0,0.0,,0.0,-1.4251810762858923,0.0,0.0,0.0,0.0,0.0,44.366,0.0,0.0,0.0,0.0,0.0,0.0,0.0,0.0
49,2011.0,0.0,Pertussis,All,0.0,0.0,0.0,,0.0,-1.4251810762858923,0.0,0.0,0.0,0.0,0.0,44.366,0.0,0.0,0.0,0.0,0.0,0.0,0.0,0.0
50,2011.0,0.0,Pertussis,All,0.0,0.0,0.0,,0.0,-1.4251810762858923,0.0,0.0,0.0,0.0,0.0,44.366,0.0,0.0,0.0,0.0,0.0,0.0,0.0,0.0
51,2011.0,0.0,Pertussis,All,0.0,0.0,0.0,,0.0,-1.4251810762858923,0.0,0.0,0.0,0.0,0.0,44.366,0.0,0.0,0.0,0.0,0.0,0.0,0.0,0.0
52,2011.0,0.0,Pertussis,All,0.0,0.0,0.0,,0.0,-1.4251810762858923,0.0,0.0,0.0,0.0,0.0,44.366,0.0,0.0,0.0,0.0,0.0,0.0,0.0,0.0
1,2012.0,0.0,Pertussis,All,223.6153846153846,0.0,0.0,,5.4143895378007905,-0.8905940615090114,0.0,0.0,0.0,223.6153846153846,0.0,45.246,0.0,0.0,0.0,55.90384615384615,111.80769230767744,0.0,0.0,0.0
2,2012.0,0.0,Pertussis,All,223.6153846153846,0.0,0.0,,5.4143895378007905,-0.8905940615090114,0.0,0.0,0.0,223.6153846153846,0.0,45.246,223.6153846153846,111.8076923076923,0.0,111.8076923076923,129.10440250262167,0.0,0.0,0.0
3,2012.0,0.0,Pertussis,All,223.6153846153846,0.0,0.0,,5.4143895378007905,-0.8905940615090114,0.0,0.0,0.0,223.6153846153846,0.0,45.246,223.6153846153846,223.6153846153846,0.0,167.71153846153845,111.80769230767866,0.0,0.0,0.0
4,2012.0,0.0,Pertussis,All,223.6153846153846,0.0,0.0,,5.4143895378007905,-0.8905940615090114,0.0,0.0,0.0,223.6153846153846,0.0,45.246,223.6153846153846,223.6153846153846,0.0,223.6153846153846,0.0,0.0,0.0,0.0
5,2012.0,0.0,Pertussis,All,223.6153846153846,0.0,0.0,,5.4143895378007905,-0.8905940615090114,0.0,0.0,0.0,223.6153846153846,0.0,45.246,223.6153846153846,223.6153846153846,0.0,223.6153846153846,0.0,0.0,0.0,0.0
6,2012.0,0.0,Pertussis,All,223.6153846153846,0.0,0.0,,5.4143895378007905,-0.8905940615090114,0.0,0.0,0.0,223.6153846153846,0.0,45.246,223.6153846153846,223.6153846153846,0.0,223.6153846153846,0.0,0.0,0.0,0.0
7,2012.0,0.0,Pertussis,All,223.6153846153846,0.0,0.0,,5.4143895378007905,-0.8905940615090114,0.0,0.0,0.0,223.6153846153846,0.0,45.246,223.6153846153846,223.6153846153846,0.0,223.6153846153846,0.0,0.0,0.0,0.0
8,2012.0,0.0,Pertussis,All,223.6153846153846,0.0,0.0,,5.4143895378007905,-0.8905940615090114,0.0,0.0,0.0,223.6153846153846,0.0,45.246,223.6153846153846,223.6153846153846,0.0,223.6153846153846,0.0,0.0,0.0,0.0
9,2012.0,0.0,Pertussis,All,223.6153846153846,0.0,0.0,,5.4143895378007905,-0.8905940615090114,0.0,0.0,0.0,223.6153846153846,0.0,45.246,223.6153846153846,223.6153846153846,0.0,223.6153846153846,0.0,0.0,0.0,0.0
10,2012.0,0.0,Pertussis,All,223.6153846153846,0.0,0.0,,5.4143895378007905,-0.8905940615090114,0.0,0.0,0.0,223.6153846153846,0.0,45.246,223.6153846153846,223.6153846153846,0.0,223.6153846153846,0.0,0.0,0.0,0.0
11,2012.0,0.0,Pertussis,All,223.6153846153846,0.0,0.0,,5.4143895378007905,-0.8905940615090114,0.0,0.0,0.0,223.6153846153846,0.0,45.246,223.6153846153846,223.6153846153846,0.0,223.6153846153846,0.0,0.0,0.0,0.0
12,2012.0,0.0,Pertussis,All,223.6153846153846,0.0,0.0,,5.4143895378007905,-0.8905940615090114,0.0,0.0,0.0,223.6153846153846,0.0,45.246,223.6153846153846,223.6153846153846,0.0,223.6153846153846,0.0,0.0,0.0,0.0
13,2012.0,0.0,Pertussis,All,223.6153846153846,0.0,0.0,,5.4143895378007905,-0.8905940615090114,0.0,0.0,0.0,223.6153846153846,0.0,45.246,223.6153846153846,223.6153846153846,0.0,223.6153846153846,0.0,0.0,0.0,0.0
14,2012.0,0.0,Pertussis,All,223.6153846153846,0.0,0.0,,5.4143895378007905,-0.8905940615090114,0.0,0.0,0.0,223.6153846153846,0.0,45.246,223.6153846153846,223.6153846153846,0.0,223.6153846153846,0.0,0.0,0.0,0.0
15,2012.0,0.0,Pertussis,All,223.6153846153846,0.0,0.0,,5.4143895378007905,-0.8905940615090114,0.0,0.0,0.0,223.6153846153846,0.0,45.246,223.6153846153846,223.6153846153846,0.0,223.6153846153846,0.0,0.0,0.0,0.0
16,2012.0,0.0,Pertussis,All,223.6153846153846,0.0,0.0,,5.4143895378007905,-0.8905940615090114,0.0,0.0,0.0,223.6153846153846,0.0,45.246,223.6153846153846,223.6153846153846,0.0,223.6153846153846,0.0,0.0,0.0,0.0
17,2012.0,0.0,Pertussis,All,223.6153846153846,0.0,0.0,,5.4143895378007905,-0.8905940615090114,0.0,0.0,0.0,223.6153846153846,0.0,45.246,223.6153846153846,223.6153846153846,0.0,223.6153846153846,0.0,0.0,0.0,0.0
18,2012.0,0.0,Pertussis,All,223.6153846153846,0.0,0.0,,5.4143895378007905,-0.8905940615090114,0.0,0.0,0.0,223.6153846153846,0.0,45.246,223.6153846153846,223.6153846153846,0.0,223.6153846153846,0.0,0.0,0.0,0.0
19,2012.0,0.0,Pertussis,All,223.6153846153846,0.0,0.0,,5.4143895378007905,-0.8905940615090114,0.0,0.0,0.0,223.6153846153846,0.0,45.246,223.6153846153846,223.6153846153846,0.0,223.6153846153846,0.0,0.0,0.0,0.0
20,2012.0,0.0,Pertussis,All,223.6153846153846,0.0,0.0,,5.4143895378007905,-0.8905940615090114,0.0,0.0,0.0,223.6153846153846,0.0,45.246,223.6153846153846,223.6153846153846,0.0,223.6153846153846,0.0,0.0,0.0,0.0
21,2012.0,0.0,Pertussis,All,223.6153846153846,0.0,0.0,,5.4143895378007905,-0.8905940615090114,0.0,0.0,0.0,223.6153846153846,0.0,45.246,223.6153846153846,223.6153846153846,0.0,223.6153846153846,0.0,0.0,0.0,0.0
22,2012.0,0.0,Pertussis,All,223.6153846153846,0.0,0.0,,5.4143895378007905,-0.8905940615090114,0.0,0.0,0.0,223.6153846153846,0.0,45.246,223.6153846153846,223.6153846153846,0.0,223.6153846153846,0.0,0.0,0.0,0.0
23,2012.0,0.0,Pertussis,All,223.6153846153846,0.0,0.0,,5.4143895378007905,-0.8905940615090114,0.0,0.0,0.0,223.6153846153846,0.0,45.246,223.6153846153846,223.6153846153846,0.0,223.6153846153846,0.0,0.0,0.0,0.0
24,2012.0,0.0,Pertussis,All,223.6153846153846,0.0,0.0,,5.4143895378007905,-0.8905940615090114,0.0,0.0,0.0,223.6153846153846,0.0,45.246,223.6153846153846,223.6153846153846,0.0,223.6153846153846,0.0,0.0,0.0,0.0
25,2012.0,0.0,Pertussis,All,223.6153846153846,0.0,0.0,,5.4143895378007905,-0.8905940615090114,0.0,0.0,0.0,223.6153846153846,0.0,45.246,223.6153846153846,223.6153846153846,0.0,223.6153846153846,0.0,0.0,0.0,0.0
26,2012.0,0.0,Pertussis,All,223.6153846153846,0.0,0.0,,5.4143895378007905,-0.8905940615090114,0.0,0.0,0.0,223.6153846153846,0.0,45.246,223.6153846153846,223.6153846153846,0.0,223.6153846153846,0.0,0.0,0.0,0.0
27,2012.0,0.0,Pertussis,All,223.6153846153846,0.0,0.0,,5.4143895378007905,-0.8905940615090114,0.0,0.0,0.0,223.6153846153846,0.0,45.246,223.6153846153846,223.6153846153846,0.0,223.6153846153846,0.0,0.0,0.0,0.0
28,2012.0,0.0,Pertussis,All,223.6153846153846,0.0,0.0,,5.4143895378007905,-0.8905940615090114,0.0,0.0,0.0,223.6153846153846,0.0,45.246,223.6153846153846,223.6153846153846,0.0,223.6153846153846,0.0,0.0,0.0,0.0
29,2012.0,0.0,Pertussis,All,223.6153846153846,0.0,0.0,,5.4143895378007905,-0.8905940615090114,0.0,0.0,0.0,223.6153846153846,0.0,45.246,223.6153846153846,223.6153846153846,0.0,223.6153846153846,0.0,0.0,0.0,0.0
30,2012.0,0.0,Pertussis,All,223.6153846153846,0.0,0.0,,5.4143895378007905,-0.8905940615090114,0.0,0.0,0.0,223.6153846153846,0.0,45.246,223.6153846153846,223.6153846153846,0.0,223.6153846153846,0.0,0.0,0.0,0.0
31,2012.0,0.0,Pertussis,All,223.6153846153846,0.0,0.0,,5.4143895378007905,-0.8905940615090114,0.0,0.0,0.0,223.6153846153846,0.0,45.246,223.6153846153846,223.6153846153846,0.0,223.6153846153846,0.0,0.0,0.0,0.0
32,2012.0,0.0,Pertussis,All,223.6153846153846,0.0,0.0,,5.4143895378007905,-0.8905940615090114,0.0,0.0,0.0,223.6153846153846,0.0,45.246,223.6153846153846,223.6153846153846,0.0,223.6153846153846,0.0,0.0,0.0,0.0
33,2012.0,0.0,Pertussis,All,223.6153846153846,0.0,0.0,,5.4143895378007905,-0.8905940615090114,0.0,0.0,0.0,223.6153846153846,0.0,45.246,223.6153846153846,223.6153846153846,0.0,223.6153846153846,0.0,0.0,0.0,0.0
34,2012.0,0.0,Pertussis,All,223.6153846153846,0.0,0.0,,5.4143895378007905,-0.8905940615090114,0.0,0.0,0.0,223.6153846153846,0.0,45.246,223.6153846153846,223.6153846153846,0.0,223.6153846153846,0.0,0.0,0.0,0.0
35,2012.0,0.0,Pertussis,All,223.6153846153846,0.0,0.0,,5.4143895378007905,-0.8905940615090114,0.0,0.0,0.0,223.6153846153846,0.0,45.246,223.6153846153846,223.6153846153846,0.0,223.6153846153846,0.0,0.0,0.0,0.0
36,2012.0,0.0,Pertussis,All,223.6153846153846,0.0,0.0,,5.4143895378007905,-0.8905940615090114,0.0,0.0,0.0,223.6153846153846,0.0,45.246,223.6153846153846,223.6153846153846,0.0,223.6153846153846,0.0,0.0,0.0,0.0
37,2012.0,0.0,Pertussis,All,223.6153846153846,0.0,0.0,,5.4143895378007905,-0.8905940615090114,0.0,0.0,0.0,223.6153846153846,0.0,45.246,223.6153846153846,223.6153846153846,0.0,223.6153846153846,0.0,0.0,0.0,0.0
38,2012.0,0.0,Pertussis,All,223.6153846153846,0.0,0.0,,5.4143895378007905,-0.8905940615090114,0.0,0.0,0.0,223.6153846153846,0.0,45.246,223.6153846153846,223.6153846153846,0.0,223.6153846153846,0.0,0.0,0.0,0.0
39,2012.0,0.0,Pertussis,All,223.6153846153846,0.0,0.0,,5.4143895378007905,-0.8905940615090114,0.0,0.0,0.0,223.6153846153846,0.0,45.246,223.6153846153846,223.6153846153846,0.0,223.6153846153846,0.0,0.0,0.0,0.0
40,2012.0,0.0,Pertussis,All,223.6153846153846,0.0,0.0,,5.4143895378007905,-0.8905940615090114,0.0,0.0,0.0,223.6153846153846,0.0,45.246,223.6153846153846,223.6153846153846,0.0,223.6153846153846,0.0,0.0,0.0,0.0
41,2012.0,0.0,Pertussis,All,223.6153846153846,0.0,0.0,,5.4143895378007905,-0.8905940615090114,0.0,0.0,0.0,223.6153846153846,0.0,45.246,223.6153846153846,223.6153846153846,0.0,223.6153846153846,0.0,0.0,0.0,0.0
42,2012.0,0.0,Pertussis,All,223.6153846153846,0.0,0.0,,5.4143895378007905,-0.8905940615090114,0.0,0.0,0.0,223.6153846153846,0.0,45.246,223.6153846153846,223.6153846153846,0.0,223.6153846153846,0.0,0.0,0.0,0.0
43,2012.0,0.0,Pertussis,All,223.6153846153846,0.0,0.0,,5.4143895378007905,-0.8905940615090114,0.0,0.0,0.0,223.6153846153846,0.0,45.246,223.6153846153846,223.6153846153846,0.0,223.6153846153846,0.0,0.0,0.0,0.0
44,2012.0,0.0,Pertussis,All,223.6153846153846,0.0,0.0,,5.4143895378007905,-0.8905940615090114,0.0,0.0,0.0,223.6153846153846,0.0,45.246,223.6153846153846,223.6153846153846,0.0,223.6153846153846,0.0,0.0,0.0,0.0
45,2012.0,0.0,Pertussis,All,223.6153846153846,0.0,0.0,,5.4143895378007905,-0.8905940615090114,0.0,0.0,0.0,223.6153846153846,0.0,45.246,223.6153846153846,223.6153846153846,0.0,223.6153846153846,0.0,0.0,0.0,0.0
46,2012.0,0.0,Pertussis,All,223.6153846153846,0.0,0.0,,5.4143895378007905,-0.8905940615090114,0.0,0.0,0.0,223.6153846153846,0.0,45.246,223.6153846153846,223.6153846153846,0.0,223.6153846153846,0.0,0.0,0.0,0.0
47,2012.0,0.0,Pertussis,All,223.6153846153846,0.0,0.0,,5.4143895378007905,-0.8905940615090114,0.0,0.0,0.0,223.6153846153846,0.0,45.246,223.6153846153846,223.6153846153846,0.0,223.6153846153846,0.0,0.0,0.0,0.0
48,2012.0,0.0,Pertussis,All,223.6153846153846,0.0,0.0,,5.4143895378007905,-0.8905940615090114,0.0,0.0,0.0,223.6153846153846,0.0,45.246,223.6153846153846,223.6153846153846,0.0,223.6153846153846,0.0,0.0,0.0,0.0
49,2012.0,0.0,Pertussis,All,223.6153846153846,0.0,0.0,,5.4143895378007905,-0.8905940615090114,0.0,0.0,0.0,223.6153846153846,0.0,45.246,223.6153846153846,223.6153846153846,0.0,223.6153846153846,0.0,0.0,0.0,0.0
50,2012.0,0.0,Pertussis,All,223.6153846153846,0.0,0.0,,5.4143895378007905,-0.8905940615090114,0.0,0.0,0.0,223.6153846153846,0.0,45.246,223.6153846153846,223.6153846153846,0.0,223.6153846153846,0.0,0.0,0.0,0.0
51,2012.0,0.0,Pertussis,All,223.6153846153846,0.0,0.0,,5.4143895378007905,-0.8905940615090114,0.0,0.0,0.0,223.6153846153846,0.0,45.246,223.6153846153846,223.6153846153846,0.0,223.6153846153846,0.0,0.0,0.0,0.0
52,2012.0,0.0,Pertussis,All,223.6153846153846,0.0,0.0,,5.4143895378007905,-0.8905940615090114,0.0,0.0,0.0,223.6153846153846,0.0,45.246,223.6153846153846,223.6153846153846,0.0,223.6153846153846,0.0,0.0,0.0,0.0
1,2013.0,0.0,Pertussis,All,164.03846153846155,0.0,0.0,,5.1061785469700425,-1.0330218712595083,0.0,0.0,0.0,164.03846153846155,0.0,46.118,223.6153846153846,223.6153846153846,0.0,208.72115384615384,29.78846153841203,0.0,-0.26642586859305123,0.0
2,2013.0,0.0,Pertussis,All,164.03846153846155,0.0,0.0,,5.1061785469700425,-1.0330218712595083,0.0,0.0,0.0,164.03846153846155,0.0,46.118,164.03846153846155,193.8269230769231,0.0,193.82692307692307,34.396752575907755,0.0,0.0,0.0
3,2013.0,0.0,Pertussis,All,164.03846153846155,0.0,0.0,,5.1061785469700425,-1.0330218712595083,0.0,0.0,0.0,164.03846153846155,0.0,46.118,164.03846153846155,164.03846153846155,0.0,178.93269230769232,29.788461538410793,0.0,0.0,0.0
4,2013.0,0.0,Pertussis,All,164.03846153846155,0.0,0.0,,5.1061785469700425,-1.0330218712595083,0.0,0.0,0.0,164.03846153846155,0.0,46.118,164.03846153846155,164.03846153846155,0.0,164.03846153846155,0.0,0.0,0.0,0.0
5,2013.0,0.0,Pertussis,All,164.03846153846155,0.0,0.0,,5.1061785469700425,-1.0330218712595083,0.0,0.0,0.0,164.03846153846155,0.0,46.118,164.03846153846155,164.03846153846155,0.0,164.03846153846155,0.0,0.0,0.0,0.0
6,2013.0,0.0,Pertussis,All,164.03846153846155,0.0,0.0,,5.1061785469700425,-1.0330218712595083,0.0,0.0,0.0,164.03846153846155,0.0,46.118,164.03846153846155,164.03846153846155,0.0,164.03846153846155,0.0,0.0,0.0,0.0
7,2013.0,0.0,Pertussis,All,164.03846153846155,0.0,0.0,,5.1061785469700425,-1.0330218712595083,0.0,0.0,0.0,164.03846153846155,0.0,46.118,164.03846153846155,164.03846153846155,0.0,164.03846153846155,0.0,0.0,0.0,0.0
8,2013.0,0.0,Pertussis,All,164.03846153846155,0.0,0.0,,5.1061785469700425,-1.0330218712595083,0.0,0.0,0.0,164.03846153846155,0.0,46.118,164.03846153846155,164.03846153846155,0.0,164.03846153846155,0.0,0.0,0.0,0.0
9,2013.0,0.0,Pertussis,All,164.03846153846155,0.0,0.0,,5.1061785469700425,-1.0330218712595083,0.0,0.0,0.0,164.03846153846155,0.0,46.118,164.03846153846155,164.03846153846155,0.0,164.03846153846155,0.0,0.0,0.0,0.0
10,2013.0,0.0,Pertussis,All,164.03846153846155,0.0,0.0,,5.1061785469700425,-1.0330218712595083,0.0,0.0,0.0,164.03846153846155,0.0,46.118,164.03846153846155,164.03846153846155,0.0,164.03846153846155,0.0,0.0,0.0,0.0
11,2013.0,0.0,Pertussis,All,164.03846153846155,0.0,0.0,,5.1061785469700425,-1.0330218712595083,0.0,0.0,0.0,164.03846153846155,0.0,46.118,164.03846153846155,164.03846153846155,0.0,164.03846153846155,0.0,0.0,0.0,0.0
12,2013.0,0.0,Pertussis,All,164.03846153846155,0.0,0.0,,5.1061785469700425,-1.0330218712595083,0.0,0.0,0.0,164.03846153846155,0.0,46.118,164.03846153846155,164.03846153846155,0.0,164.03846153846155,0.0,0.0,0.0,0.0
13,2013.0,0.0,Pertussis,All,164.03846153846155,0.0,0.0,,5.1061785469700425,-1.0330218712595083,0.0,0.0,0.0,164.03846153846155,0.0,46.118,164.03846153846155,164.03846153846155,0.0,164.03846153846155,0.0,0.0,0.0,0.0
14,2013.0,0.0,Pertussis,All,164.03846153846155,0.0,0.0,,5.1061785469700425,-1.0330218712595083,0.0,0.0,0.0,164.03846153846155,0.0,46.118,164.03846153846155,164.03846153846155,0.0,164.03846153846155,0.0,0.0,0.0,0.0
15,2013.0,0.0,Pertussis,All,164.03846153846155,0.0,0.0,,5.1061785469700425,-1.0330218712595083,0.0,0.0,0.0,164.03846153846155,0.0,46.118,164.03846153846155,164.03846153846155,0.0,164.03846153846155,0.0,0.0,0.0,0.0
16,2013.0,0.0,Pertussis,All,164.03846153846155,0.0,0.0,,5.1061785469700425,-1.0330218712595083,0.0,0.0,0.0,164.03846153846155,0.0,46.118,164.03846153846155,164.03846153846155,0.0,164.03846153846155,0.0,0.0,0.0,0.0
17,2013.0,0.0,Pertussis,All,164.03846153846155,0.0,0.0,,5.1061785469700425,-1.0330218712595083,0.0,0.0,0.0,164.03846153846155,0.0,46.118,164.03846153846155,164.03846153846155,0.0,164.03846153846155,0.0,0.0,0.0,0.0
18,2013.0,0.0,Pertussis,All,164.03846153846155,0.0,0.0,,5.1061785469700425,-1.0330218712595083,0.0,0.0,0.0,164.03846153846155,0.0,46.118,164.03846153846155,164.03846153846155,0.0,164.03846153846155,0.0,0.0,0.0,0.0
19,2013.0,0.0,Pertussis,All,164.03846153846155,0.0,0.0,,5.1061785469700425,-1.0330218712595083,0.0,0.0,0.0,164.03846153846155,0.0,46.118,164.03846153846155,164.03846153846155,0.0,164.03846153846155,0.0,0.0,0.0,0.0
20,2013.0,0.0,Pertussis,All,164.03846153846155,0.0,0.0,,5.1061785469700425,-1.0330218712595083,0.0,0.0,0.0,164.03846153846155,0.0,46.118,164.03846153846155,164.03846153846155,0.0,164.03846153846155,0.0,0.0,0.0,0.0
21,2013.0,0.0,Pertussis,All,164.03846153846155,0.0,0.0,,5.1061785469700425,-1.0330218712595083,0.0,0.0,0.0,164.03846153846155,0.0,46.118,164.03846153846155,164.03846153846155,0.0,164.03846153846155,0.0,0.0,0.0,0.0
22,2013.0,0.0,Pertussis,All,164.03846153846155,0.0,0.0,,5.1061785469700425,-1.0330218712595083,0.0,0.0,0.0,164.03846153846155,0.0,46.118,164.03846153846155,164.03846153846155,0.0,164.03846153846155,0.0,0.0,0.0,0.0
23,2013.0,0.0,Pertussis,All,164.03846153846155,0.0,0.0,,5.1061785469700425,-1.0330218712595083,0.0,0.0,0.0,164.03846153846155,0.0,46.118,164.03846153846155,164.03846153846155,0.0,164.03846153846155,0.0,0.0,0.0,0.0
24,2013.0,0.0,Pertussis,All,164.03846153846155,0.0,0.0,,5.1061785469700425,-1.0330218712595083,0.0,0.0,0.0,164.03846153846155,0.0,46.118,164.03846153846155,164.03846153846155,0.0,164.03846153846155,0.0,0.0,0.0,0.0
25,2013.0,0.0,Pertussis,All,164.03846153846155,0.0,0.0,,5.1061785469700425,-1.0330218712595083,0.0,0.0,0.0,164.03846153846155,0.0,46.118,164.03846153846155,164.03846153846155,0.0,164.03846153846155,0.0,0.0,0.0,0.0
26,2013.0,0.0,Pertussis,All,164.03846153846155,0.0,0.0,,5.1061785469700425,-1.0330218712595083,0.0,0.0,0.0,164.03846153846155,0.0,46.118,164.03846153846155,164.03846153846155,0.0,164.03846153846155,0.0,0.0,0.0,0.0
27,2013.0,0.0,Pertussis,All,164.03846153846155,0.0,0.0,,5.1061785469700425,-1.0330218712595083,0.0,0.0,0.0,164.03846153846155,0.0,46.118,164.03846153846155,164.03846153846155,0.0,164.03846153846155,0.0,0.0,0.0,0.0
28,2013.0,0.0,Pertussis,All,164.03846153846155,0.0,0.0,,5.1061785469700425,-1.0330218712595083,0.0,0.0,0.0,164.03846153846155,0.0,46.118,164.03846153846155,164.03846153846155,0.0,164.03846153846155,0.0,0.0,0.0,0.0
29,2013.0,0.0,Pertussis,All,164.03846153846155,0.0,0.0,,5.1061785469700425,-1.0330218712595083,0.0,0.0,0.0,164.03846153846155,0.0,46.118,164.03846153846155,164.03846153846155,0.0,164.03846153846155,0.0,0.0,0.0,0.0
30,2013.0,0.0,Pertussis,All,164.03846153846155,0.0,0.0,,5.1061785469700425,-1.0330218712595083,0.0,0.0,0.0,164.03846153846155,0.0,46.118,164.03846153846155,164.03846153846155,0.0,164.03846153846155,0.0,0.0,0.0,0.0
31,2013.0,0.0,Pertussis,All,164.03846153846155,0.0,0.0,,5.1061785469700425,-1.0330218712595083,0.0,0.0,0.0,164.03846153846155,0.0,46.118,164.03846153846155,164.03846153846155,0.0,164.03846153846155,0.0,0.0,0.0,0.0
32,2013.0,0.0,Pertussis,All,164.03846153846155,0.0,0.0,,5.1061785469700425,-1.0330218712595083,0.0,0.0,0.0,164.03846153846155,0.0,46.118,164.03846153846155,164.03846153846155,0.0,164.03846153846155,0.0,0.0,0.0,0.0
33,2013.0,0.0,Pertussis,All,164.03846153846155,0.0,0.0,,5.1061785469700425,-1.0330218712595083,0.0,0.0,0.0,164.03846153846155,0.0,46.118,164.03846153846155,164.03846153846155,0.0,164.03846153846155,0.0,0.0,0.0,0.0
34,2013.0,0.0,Pertussis,All,164.03846153846155,0.0,0.0,,5.1061785469700425,-1.0330218712595083,0.0,0.0,0.0,164.03846153846155,0.0,46.118,164.03846153846155,164.03846153846155,0.0,164.03846153846155,0.0,0.0,0.0,0.0
35,2013.0,0.0,Pertussis,All,164.03846153846155,0.0,0.0,,5.1061785469700425,-1.0330218712595083,0.0,0.0,0.0,164.03846153846155,0.0,46.118,164.03846153846155,164.03846153846155,0.0,164.03846153846155,0.0,0.0,0.0,0.0
36,2013.0,0.0,Pertussis,All,164.03846153846155,0.0,0.0,,5.1061785469700425,-1.0330218712595083,0.0,0.0,0.0,164.03846153846155,0.0,46.118,164.03846153846155,164.03846153846155,0.0,164.03846153846155,0.0,0.0,0.0,0.0
37,2013.0,0.0,Pertussis,All,164.03846153846155,0.0,0.0,,5.1061785469700425,-1.0330218712595083,0.0,0.0,0.0,164.03846153846155,0.0,46.118,164.03846153846155,164.03846153846155,0.0,164.03846153846155,0.0,0.0,0.0,0.0
38,2013.0,0.0,Pertussis,All,164.03846153846155,0.0,0.0,,5.1061785469700425,-1.0330218712595083,0.0,0.0,0.0,164.03846153846155,0.0,46.118,164.03846153846155,164.03846153846155,0.0,164.03846153846155,0.0,0.0,0.0,0.0
39,2013.0,0.0,Pertussis,All,164.03846153846155,0.0,0.0,,5.1061785469700425,-1.0330218712595083,0.0,0.0,0.0,164.03846153846155,0.0,46.118,164.03846153846155,164.03846153846155,0.0,164.03846153846155,0.0,0.0,0.0,0.0
40,2013.0,0.0,Pertussis,All,164.03846153846155,0.0,0.0,,5.1061785469700425,-1.0330218712595083,0.0,0.0,0.0,164.03846153846155,0.0,46.118,164.03846153846155,164.03846153846155,0.0,164.03846153846155,0.0,0.0,0.0,0.0
41,2013.0,0.0,Pertussis,All,164.03846153846155,0.0,0.0,,5.1061785469700425,-1.0330218712595083,0.0,0.0,0.0,164.03846153846155,0.0,46.118,164.03846153846155,164.03846153846155,0.0,164.03846153846155,0.0,0.0,0.0,0.0
42,2013.0,0.0,Pertussis,All,164.03846153846155,0.0,0.0,,5.1061785469700425,-1.0330218712595083,0.0,0.0,0.0,164.03846153846155,0.0,46.118,164.03846153846155,164.03846153846155,0.0,164.03846153846155,0.0,0.0,0.0,0.0
43,2013.0,0.0,Pertussis,All,164.03846153846155,0.0,0.0,,5.1061785469700425,-1.0330218712595083,0.0,0.0,0.0,164.03846153846155,0.0,46.118,164.03846153846155,164.03846153846155,0.0,164.03846153846155,0.0,0.0,0.0,0.0
44,2013.0,0.0,Pertussis,All,164.03846153846155,0.0,0.0,,5.1061785469700425,-1.0330218712595083,0.0,0.0,0.0,164.03846153846155,0.0,46.118,164.03846153846155,164.03846153846155,0.0,164.03846153846155,0.0,0.0,0.0,0.0
45,2013.0,0.0,Pertussis,All,164.03846153846155,0.0,0.0,,5.1061785469700425,-1.0330218712595083,0.0,0.0,0.0,164.03846153846155,0.0,46.118,164.03846153846155,164.03846153846155,0.0,164.03846153846155,0.0,0.0,0.0,0.0
46,2013.0,0.0,Pertussis,All,164.03846153846155,0.0,0.0,,5.1061785469700425,-1.0330218712595083,0.0,0.0,0.0,164.03846153846155,0.0,46.118,164.03846153846155,164.03846153846155,0.0,164.03846153846155,0.0,0.0,0.0,0.0
47,2013.0,0.0,Pertussis,All,164.03846153846155,0.0,0.0,,5.1061785469700425,-1.0330218712595083,0.0,0.0,0.0,164.03846153846155,0.0,46.118,164.03846153846155,164.03846153846155,0.0,164.03846153846155,0.0,0.0,0.0,0.0
48,2013.0,0.0,Pertussis,All,164.03846153846155,0.0,0.0,,5.1061785469700425,-1.0330218712595083,0.0,0.0,0.0,164.03846153846155,0.0,46.118,164.03846153846155,164.03846153846155,0.0,164.03846153846155,0.0,0.0,0.0,0.0
49,2013.0,0.0,Pertussis,All,164.03846153846155,0.0,0.0,,5.1061785469700425,-1.0330218712595083,0.0,0.0,0.0,164.03846153846155,0.0,46.118,164.03846153846155,164.03846153846155,0.0,164.03846153846155,0.0,0.0,0.0,0.0
50,2013.0,0.0,Pertussis,All,164.03846153846155,0.0,0.0,,5.1061785469700425,-1.0330218712595083,0.0,0.0,0.0,164.03846153846155,0.0,46.118,164.03846153846155,164.03846153846155,0.0,164.03846153846155,0.0,0.0,0.0,0.0
51,2013.0,0.0,Pertussis,All,164.03846153846155,0.0,0.0,,5.1061785469700425,-1.0330218712595083,0.0,0.0,0.0,164.03846153846155,0.0,46.118,164.03846153846155,164.03846153846155,0.0,164.03846153846155,0.0,0.0,0.0,0.0
52,2013.0,0.0,Pertussis,All,164.03846153846155,0.0,0.0,,5.1061785469700425,-1.0330218712595083,0.0,0.0,0.0,164.03846153846155,0.0,46.118,164.03846153846155,164.03846153846155,0.0,164.03846153846155,0.0,0.0,0.0,0.0
1,2014.0,0.0,Pertussis,All,183.82692307692307,0.0,0.0,,5.219419836241857,-0.9857145064327616,0.0,0.0,0.0,183.82692307692307,0.0,46.982,164.03846153846155,164.03846153846155,0.0,168.98557692307693,9.894230769076747,0.0,0.12063305978897994,0.0
2,2014.0,0.0,Pertussis,All,183.82692307692307,0.0,0.0,,5.219419836241857,-0.9857145064327616,0.0,0.0,0.0,183.82692307692307,0.0,46.982,183.82692307692307,173.93269230769232,0.0,173.93269230769232,11.424873595946478,0.0,0.0,0.0
3,2014.0,0.0,Pertussis,All,183.82692307692307,0.0,0.0,,5.219419836241857,-0.9857145064327616,0.0,0.0,0.0,183.82692307692307,0.0,46.982,183.82692307692307,183.82692307692307,0.0,178.87980769230768,9.894230769078014,0.0,0.0,0.0
4,2014.0,0.0,Pertussis,All,183.82692307692307,0.0,0.0,,5.219419836241857,-0.9857145064327616,0.0,0.0,0.0,183.82692307692307,0.0,46.982,183.82692307692307,183.82692307692307,0.0,183.82692307692307,0.0,0.0,0.0,0.0
5,2014.0,0.0,Pertussis,All,183.82692307692307,0.0,0.0,,5.219419836241857,-0.9857145064327616,0.0,0.0,0.0,183.82692307692307,0.0,46.982,183.82692307692307,183.82692307692307,0.0,183.82692307692307,0.0,0.0,0.0,0.0
6,2014.0,0.0,Pertussis,All,183.82692307692307,0.0,0.0,,5.219419836241857,-0.9857145064327616,0.0,0.0,0.0,183.82692307692307,0.0,46.982,183.82692307692307,183.82692307692307,0.0,183.82692307692307,0.0,0.0,0.0,0.0
7,2014.0,0.0,Pertussis,All,183.82692307692307,0.0,0.0,,5.219419836241857,-0.9857145064327616,0.0,0.0,0.0,183.82692307692307,0.0,46.982,183.82692307692307,183.82692307692307,0.0,183.82692307692307,0.0,0.0,0.0,0.0
8,2014.0,0.0,Pertussis,All,183.82692307692307,0.0,0.0,,5.219419836241857,-0.9857145064327616,0.0,0.0,0.0,183.82692307692307,0.0,46.982,183.82692307692307,183.82692307692307,0.0,183.82692307692307,0.0,0.0,0.0,0.0
9,2014.0,0.0,Pertussis,All,183.82692307692307,0.0,0.0,,5.219419836241857,-0.9857145064327616,0.0,0.0,0.0,183.82692307692307,0.0,46.982,183.82692307692307,183.82692307692307,0.0,183.82692307692307,0.0,0.0,0.0,0.0
10,2014.0,0.0,Pertussis,All,183.82692307692307,0.0,0.0,,5.219419836241857,-0.9857145064327616,0.0,0.0,0.0,183.82692307692307,0.0,46.982,183.82692307692307,183.82692307692307,0.0,183.82692307692307,0.0,0.0,0.0,0.0
11,2014.0,0.0,Pertussis,All,183.82692307692307,0.0,0.0,,5.219419836241857,-0.9857145064327616,0.0,0.0,0.0,183.82692307692307,0.0,46.982,183.82692307692307,183.82692307692307,0.0,183.82692307692307,0.0,0.0,0.0,0.0
12,2014.0,0.0,Pertussis,All,183.82692307692307,0.0,0.0,,5.219419836241857,-0.9857145064327616,0.0,0.0,0.0,183.82692307692307,0.0,46.982,183.82692307692307,183.82692307692307,0.0,183.82692307692307,0.0,0.0,0.0,0.0
13,2014.0,0.0,Pertussis,All,183.82692307692307,0.0,0.0,,5.219419836241857,-0.9857145064327616,0.0,0.0,0.0,183.82692307692307,0.0,46.982,183.82692307692307,183.82692307692307,0.0,183.82692307692307,0.0,0.0,0.0,0.0
14,2014.0,0.0,Pertussis,All,183.82692307692307,0.0,0.0,,5.219419836241857,-0.9857145064327616,0.0,0.0,0.0,183.82692307692307,0.0,46.982,183.82692307692307,183.82692307692307,0.0,183.82692307692307,0.0,0.0,0.0,0.0
15,2014.0,0.0,Pertussis,All,183.82692307692307,0.0,0.0,,5.219419836241857,-0.9857145064327616,0.0,0.0,0.0,183.82692307692307,0.0,46.982,183.82692307692307,183.82692307692307,0.0,183.82692307692307,0.0,0.0,0.0,0.0
16,2014.0,0.0,Pertussis,All,183.82692307692307,0.0,0.0,,5.219419836241857,-0.9857145064327616,0.0,0.0,0.0,183.82692307692307,0.0,46.982,183.82692307692307,183.82692307692307,0.0,183.82692307692307,0.0,0.0,0.0,0.0
17,2014.0,0.0,Pertussis,All,183.82692307692307,0.0,0.0,,5.219419836241857,-0.9857145064327616,0.0,0.0,0.0,183.82692307692307,0.0,46.982,183.82692307692307,183.82692307692307,0.0,183.82692307692307,0.0,0.0,0.0,0.0
18,2014.0,0.0,Pertussis,All,183.82692307692307,0.0,0.0,,5.219419836241857,-0.9857145064327616,0.0,0.0,0.0,183.82692307692307,0.0,46.982,183.82692307692307,183.82692307692307,0.0,183.82692307692307,0.0,0.0,0.0,0.0
19,2014.0,0.0,Pertussis,All,183.82692307692307,0.0,0.0,,5.219419836241857,-0.9857145064327616,0.0,0.0,0.0,183.82692307692307,0.0,46.982,183.82692307692307,183.82692307692307,0.0,183.82692307692307,0.0,0.0,0.0,0.0
20,2014.0,0.0,Pertussis,All,183.82692307692307,0.0,0.0,,5.219419836241857,-0.9857145064327616,0.0,0.0,0.0,183.82692307692307,0.0,46.982,183.82692307692307,183.82692307692307,0.0,183.82692307692307,0.0,0.0,0.0,0.0
21,2014.0,0.0,Pertussis,All,183.82692307692307,0.0,0.0,,5.219419836241857,-0.9857145064327616,0.0,0.0,0.0,183.82692307692307,0.0,46.982,183.82692307692307,183.82692307692307,0.0,183.82692307692307,0.0,0.0,0.0,0.0
22,2014.0,0.0,Pertussis,All,183.82692307692307,0.0,0.0,,5.219419836241857,-0.9857145064327616,0.0,0.0,0.0,183.82692307692307,0.0,46.982,183.82692307692307,183.82692307692307,0.0,183.82692307692307,0.0,0.0,0.0,0.0
23,2014.0,0.0,Pertussis,All,183.82692307692307,0.0,0.0,,5.219419836241857,-0.9857145064327616,0.0,0.0,0.0,183.82692307692307,0.0,46.982,183.82692307692307,183.82692307692307,0.0,183.82692307692307,0.0,0.0,0.0,0.0
24,2014.0,0.0,Pertussis,All,183.82692307692307,0.0,0.0,,5.219419836241857,-0.9857145064327616,0.0,0.0,0.0,183.82692307692307,0.0,46.982,183.82692307692307,183.82692307692307,0.0,183.82692307692307,0.0,0.0,0.0,0.0
25,2014.0,0.0,Pertussis,All,183.82692307692307,0.0,0.0,,5.219419836241857,-0.9857145064327616,0.0,0.0,0.0,183.82692307692307,0.0,46.982,183.82692307692307,183.82692307692307,0.0,183.82692307692307,0.0,0.0,0.0,0.0
26,2014.0,0.0,Pertussis,All,183.82692307692307,0.0,0.0,,5.219419836241857,-0.9857145064327616,0.0,0.0,0.0,183.82692307692307,0.0,46.982,183.82692307692307,183.82692307692307,0.0,183.82692307692307,0.0,0.0,0.0,0.0
27,2014.0,0.0,Pertussis,All,183.82692307692307,0.0,0.0,,5.219419836241857,-0.9857145064327616,0.0,0.0,0.0,183.82692307692307,0.0,46.982,183.82692307692307,183.82692307692307,0.0,183.82692307692307,0.0,0.0,0.0,0.0
28,2014.0,0.0,Pertussis,All,183.82692307692307,0.0,0.0,,5.219419836241857,-0.9857145064327616,0.0,0.0,0.0,183.82692307692307,0.0,46.982,183.82692307692307,183.82692307692307,0.0,183.82692307692307,0.0,0.0,0.0,0.0
29,2014.0,0.0,Pertussis,All,183.82692307692307,0.0,0.0,,5.219419836241857,-0.9857145064327616,0.0,0.0,0.0,183.82692307692307,0.0,46.982,183.82692307692307,183.82692307692307,0.0,183.82692307692307,0.0,0.0,0.0,0.0
30,2014.0,0.0,Pertussis,All,183.82692307692307,0.0,0.0,,5.219419836241857,-0.9857145064327616,0.0,0.0,0.0,183.82692307692307,0.0,46.982,183.82692307692307,183.82692307692307,0.0,183.82692307692307,0.0,0.0,0.0,0.0
31,2014.0,0.0,Pertussis,All,183.82692307692307,0.0,0.0,,5.219419836241857,-0.9857145064327616,0.0,0.0,0.0,183.82692307692307,0.0,46.982,183.82692307692307,183.82692307692307,0.0,183.82692307692307,0.0,0.0,0.0,0.0
32,2014.0,0.0,Pertussis,All,183.82692307692307,0.0,0.0,,5.219419836241857,-0.9857145064327616,0.0,0.0,0.0,183.82692307692307,0.0,46.982,183.82692307692307,183.82692307692307,0.0,183.82692307692307,0.0,0.0,0.0,0.0
33,2014.0,0.0,Pertussis,All,183.82692307692307,0.0,0.0,,5.219419836241857,-0.9857145064327616,0.0,0.0,0.0,183.82692307692307,0.0,46.982,183.82692307692307,183.82692307692307,0.0,183.82692307692307,0.0,0.0,0.0,0.0
34,2014.0,0.0,Pertussis,All,183.82692307692307,0.0,0.0,,5.219419836241857,-0.9857145064327616,0.0,0.0,0.0,183.82692307692307,0.0,46.982,183.82692307692307,183.82692307692307,0.0,183.82692307692307,0.0,0.0,0.0,0.0
35,2014.0,0.0,Pertussis,All,183.82692307692307,0.0,0.0,,5.219419836241857,-0.9857145064327616,0.0,0.0,0.0,183.82692307692307,0.0,46.982,183.82692307692307,183.82692307692307,0.0,183.82692307692307,0.0,0.0,0.0,0.0
36,2014.0,0.0,Pertussis,All,183.82692307692307,0.0,0.0,,5.219419836241857,-0.9857145064327616,0.0,0.0,0.0,183.82692307692307,0.0,46.982,183.82692307692307,183.82692307692307,0.0,183.82692307692307,0.0,0.0,0.0,0.0
37,2014.0,0.0,Pertussis,All,183.82692307692307,0.0,0.0,,5.219419836241857,-0.9857145064327616,0.0,0.0,0.0,183.82692307692307,0.0,46.982,183.82692307692307,183.82692307692307,0.0,183.82692307692307,0.0,0.0,0.0,0.0
38,2014.0,0.0,Pertussis,All,183.82692307692307,0.0,0.0,,5.219419836241857,-0.9857145064327616,0.0,0.0,0.0,183.82692307692307,0.0,46.982,183.82692307692307,183.82692307692307,0.0,183.82692307692307,0.0,0.0,0.0,0.0
39,2014.0,0.0,Pertussis,All,183.82692307692307,0.0,0.0,,5.219419836241857,-0.9857145064327616,0.0,0.0,0.0,183.82692307692307,0.0,46.982,183.82692307692307,183.82692307692307,0.0,183.82692307692307,0.0,0.0,0.0,0.0
40,2014.0,0.0,Pertussis,All,183.82692307692307,0.0,0.0,,5.219419836241857,-0.9857145064327616,0.0,0.0,0.0,183.82692307692307,0.0,46.982,183.82692307692307,183.82692307692307,0.0,183.82692307692307,0.0,0.0,0.0,0.0
41,2014.0,0.0,Pertussis,All,183.82692307692307,0.0,0.0,,5.219419836241857,-0.9857145064327616,0.0,0.0,0.0,183.82692307692307,0.0,46.982,183.82692307692307,183.82692307692307,0.0,183.82692307692307,0.0,0.0,0.0,0.0
42,2014.0,0.0,Pertussis,All,183.82692307692307,0.0,0.0,,5.219419836241857,-0.9857145064327616,0.0,0.0,0.0,183.82692307692307,0.0,46.982,183.82692307692307,183.82692307692307,0.0,183.82692307692307,0.0,0.0,0.0,0.0
43,2014.0,0.0,Pertussis,All,183.82692307692307,0.0,0.0,,5.219419836241857,-0.9857145064327616,0.0,0.0,0.0,183.82692307692307,0.0,46.982,183.82692307692307,183.82692307692307,0.0,183.82692307692307,0.0,0.0,0.0,0.0
44,2014.0,0.0,Pertussis,All,183.82692307692307,0.0,0.0,,5.219419836241857,-0.9857145064327616,0.0,0.0,0.0,183.82692307692307,0.0,46.982,183.82692307692307,183.82692307692307,0.0,183.82692307692307,0.0,0.0,0.0,0.0
45,2014.0,0.0,Pertussis,All,183.82692307692307,0.0,0.0,,5.219419836241857,-0.9857145064327616,0.0,0.0,0.0,183.82692307692307,0.0,46.982,183.82692307692307,183.82692307692307,0.0,183.82692307692307,0.0,0.0,0.0,0.0
46,2014.0,0.0,Pertussis,All,183.82692307692307,0.0,0.0,,5.219419836241857,-0.9857145064327616,0.0,0.0,0.0,183.82692307692307,0.0,46.982,183.82692307692307,183.82692307692307,0.0,183.82692307692307,0.0,0.0,0.0,0.0
47,2014.0,0.0,Pertussis,All,183.82692307692307,0.0,0.0,,5.219419836241857,-0.9857145064327616,0.0,0.0,0.0,183.82692307692307,0.0,46.982,183.82692307692307,183.82692307692307,0.0,183.82692307692307,0.0,0.0,0.0,0.0
48,2014.0,0.0,Pertussis,All,183.82692307692307,0.0,0.0,,5.219419836241857,-0.9857145064327616,0.0,0.0,0.0,183.82692307692307,0.0,46.982,183.82692307692307,183.82692307692307,0.0,183.82692307692307,0.0,0.0,0.0,0.0
49,2014.0,0.0,Pertussis,All,183.82692307692307,0.0,0.0,,5.219419836241857,-0.9857145064327616,0.0,0.0,0.0,183.82692307692307,0.0,46.982,183.82692307692307,183.82692307692307,0.0,183.82692307692307,0.0,0.0,0.0,0.0
50,2014.0,0.0,Pertussis,All,183.82692307692307,0.0,0.0,,5.219419836241857,-0.9857145064327616,0.0,0.0,0.0,183.82692307692307,0.0,46.982,183.82692307692307,183.82692307692307,0.0,183.82692307692307,0.0,0.0,0.0,0.0
51,2014.0,0.0,Pertussis,All,183.82692307692307,0.0,0.0,,5.219419836241857,-0.9857145064327616,0.0,0.0,0.0,183.82692307692307,0.0,46.982,183.82692307692307,183.82692307692307,0.0,183.82692307692307,0.0,0.0,0.0,0.0
52,2014.0,0.0,Pertussis,All,183.82692307692307,0.0,0.0,,5.219419836241857,-0.9857145064327616,0.0,0.0,0.0,183.82692307692307,0.0,46.982,183.82692307692307,183.82692307692307,0.0,183.82692307692307,0.0,0.0,0.0,0.0
1,2015.0,0.0,Pertussis,All,126.76923076923076,0.0,0.0,,4.850225752151758,-1.122119707055655,0.0,0.0,0.0,126.76923076923076,0.0,47.838,183.82692307692307,183.82692307692307,0.0,169.56249999999997,28.528846153792735,0.0,-0.31038811591170623,0.0
2,2015.0,0.0,Pertussis,All,126.76923076923076,0.0,0.0,,4.850225752151758,-1.122119707055655,0.0,0.0,0.0,126.76923076923076,0.0,47.838,126.76923076923076,155.2980769230769,0.0,155.2980769230769,32.942274013138146,0.0,0.0,0.0
3,2015.0,0.0,Pertussis,All,126.76923076923076,0.0,0.0,,4.850225752151758,-1.122119707055655,0.0,0.0,0.0,126.76923076923076,0.0,47.838,126.76923076923076,126.76923076923076,0.0,141.03365384615384,28.52884615379139,0.0,0.0,0.0
4,2015.0,0.0,Pertussis,All,126.76923076923076,0.0,0.0,,4.850225752151758,-1.122119707055655,0.0,0.0,0.0,126.76923076923076,0.0,47.838,126.76923076923076,126.76923076923076,0.0,126.76923076923076,0.0,0.0,0.0,0.0
5,2015.0,0.0,Pertussis,All,126.76923076923076,0.0,0.0,,4.850225752151758,-1.122119707055655,0.0,0.0,0.0,126.76923076923076,0.0,47.838,126.76923076923076,126.76923076923076,0.0,126.76923076923076,0.0,0.0,0.0,0.0
6,2015.0,0.0,Pertussis,All,126.76923076923076,0.0,0.0,,4.850225752151758,-1.122119707055655,0.0,0.0,0.0,126.76923076923076,0.0,47.838,126.76923076923076,126.76923076923076,0.0,126.76923076923076,0.0,0.0,0.0,0.0
7,2015.0,0.0,Pertussis,All,126.76923076923076,0.0,0.0,,4.850225752151758,-1.122119707055655,0.0,0.0,0.0,126.76923076923076,0.0,47.838,126.76923076923076,126.76923076923076,0.0,126.76923076923076,0.0,0.0,0.0,0.0
8,2015.0,0.0,Pertussis,All,126.76923076923076,0.0,0.0,,4.850225752151758,-1.122119707055655,0.0,0.0,0.0,126.76923076923076,0.0,47.838,126.76923076923076,126.76923076923076,0.0,126.76923076923076,0.0,0.0,0.0,0.0
9,2015.0,0.0,Pertussis,All,126.76923076923076,0.0,0.0,,4.850225752151758,-1.122119707055655,0.0,0.0,0.0,126.76923076923076,0.0,47.838,126.76923076923076,126.76923076923076,0.0,126.76923076923076,0.0,0.0,0.0,0.0
10,2015.0,0.0,Pertussis,All,126.76923076923076,0.0,0.0,,4.850225752151758,-1.122119707055655,0.0,0.0,0.0,126.76923076923076,0.0,47.838,126.76923076923076,126.76923076923076,0.0,126.76923076923076,0.0,0.0,0.0,0.0
11,2015.0,0.0,Pertussis,All,126.76923076923076,0.0,0.0,,4.850225752151758,-1.122119707055655,0.0,0.0,0.0,126.76923076923076,0.0,47.838,126.76923076923076,126.76923076923076,0.0,126.76923076923076,0.0,0.0,0.0,0.0
12,2015.0,0.0,Pertussis,All,126.76923076923076,0.0,0.0,,4.850225752151758,-1.122119707055655,0.0,0.0,0.0,126.76923076923076,0.0,47.838,126.76923076923076,126.76923076923076,0.0,126.76923076923076,0.0,0.0,0.0,0.0
13,2015.0,0.0,Pertussis,All,126.76923076923076,0.0,0.0,,4.850225752151758,-1.122119707055655,0.0,0.0,0.0,126.76923076923076,0.0,47.838,126.76923076923076,126.76923076923076,0.0,126.76923076923076,0.0,0.0,0.0,0.0
14,2015.0,0.0,Pertussis,All,126.76923076923076,0.0,0.0,,4.850225752151758,-1.122119707055655,0.0,0.0,0.0,126.76923076923076,0.0,47.838,126.76923076923076,126.76923076923076,0.0,126.76923076923076,0.0,0.0,0.0,0.0
15,2015.0,0.0,Pertussis,All,126.76923076923076,0.0,0.0,,4.850225752151758,-1.122119707055655,0.0,0.0,0.0,126.76923076923076,0.0,47.838,126.76923076923076,126.76923076923076,0.0,126.76923076923076,0.0,0.0,0.0,0.0
16,2015.0,0.0,Pertussis,All,126.76923076923076,0.0,0.0,,4.850225752151758,-1.122119707055655,0.0,0.0,0.0,126.76923076923076,0.0,47.838,126.76923076923076,126.76923076923076,0.0,126.76923076923076,0.0,0.0,0.0,0.0
17,2015.0,0.0,Pertussis,All,126.76923076923076,0.0,0.0,,4.850225752151758,-1.122119707055655,0.0,0.0,0.0,126.76923076923076,0.0,47.838,126.76923076923076,126.76923076923076,0.0,126.76923076923076,0.0,0.0,0.0,0.0
18,2015.0,0.0,Pertussis,All,126.76923076923076,0.0,0.0,,4.850225752151758,-1.122119707055655,0.0,0.0,0.0,126.76923076923076,0.0,47.838,126.76923076923076,126.76923076923076,0.0,126.76923076923076,0.0,0.0,0.0,0.0
19,2015.0,0.0,Pertussis,All,126.76923076923076,0.0,0.0,,4.850225752151758,-1.122119707055655,0.0,0.0,0.0,126.76923076923076,0.0,47.838,126.76923076923076,126.76923076923076,0.0,126.76923076923076,0.0,0.0,0.0,0.0
20,2015.0,0.0,Pertussis,All,126.76923076923076,0.0,0.0,,4.850225752151758,-1.122119707055655,0.0,0.0,0.0,126.76923076923076,0.0,47.838,126.76923076923076,126.76923076923076,0.0,126.76923076923076,0.0,0.0,0.0,0.0
21,2015.0,0.0,Pertussis,All,126.76923076923076,0.0,0.0,,4.850225752151758,-1.122119707055655,0.0,0.0,0.0,126.76923076923076,0.0,47.838,126.76923076923076,126.76923076923076,0.0,126.76923076923076,0.0,0.0,0.0,0.0
22,2015.0,0.0,Pertussis,All,126.76923076923076,0.0,0.0,,4.850225752151758,-1.122119707055655,0.0,0.0,0.0,126.76923076923076,0.0,47.838,126.76923076923076,126.76923076923076,0.0,126.76923076923076,0.0,0.0,0.0,0.0
23,2015.0,0.0,Pertussis,All,126.76923076923076,0.0,0.0,,4.850225752151758,-1.122119707055655,0.0,0.0,0.0,126.76923076923076,0.0,47.838,126.76923076923076,126.76923076923076,0.0,126.76923076923076,0.0,0.0,0.0,0.0
24,2015.0,0.0,Pertussis,All,126.76923076923076,0.0,0.0,,4.850225752151758,-1.122119707055655,0.0,0.0,0.0,126.76923076923076,0.0,47.838,126.76923076923076,126.76923076923076,0.0,126.76923076923076,0.0,0.0,0.0,0.0
25,2015.0,0.0,Pertussis,All,126.76923076923076,0.0,0.0,,4.850225752151758,-1.122119707055655,0.0,0.0,0.0,126.76923076923076,0.0,47.838,126.76923076923076,126.76923076923076,0.0,126.76923076923076,0.0,0.0,0.0,0.0
26,2015.0,0.0,Pertussis,All,126.76923076923076,0.0,0.0,,4.850225752151758,-1.122119707055655,0.0,0.0,0.0,126.76923076923076,0.0,47.838,126.76923076923076,126.76923076923076,0.0,126.76923076923076,0.0,0.0,0.0,0.0
27,2015.0,0.0,Pertussis,All,126.76923076923076,0.0,0.0,,4.850225752151758,-1.122119707055655,0.0,0.0,0.0,126.76923076923076,0.0,47.838,126.76923076923076,126.76923076923076,0.0,126.76923076923076,0.0,0.0,0.0,0.0
28,2015.0,0.0,Pertussis,All,126.76923076923076,0.0,0.0,,4.850225752151758,-1.122119707055655,0.0,0.0,0.0,126.76923076923076,0.0,47.838,126.76923076923076,126.76923076923076,0.0,126.76923076923076,0.0,0.0,0.0,0.0
29,2015.0,0.0,Pertussis,All,126.76923076923076,0.0,0.0,,4.850225752151758,-1.122119707055655,0.0,0.0,0.0,126.76923076923076,0.0,47.838,126.76923076923076,126.76923076923076,0.0,126.76923076923076,0.0,0.0,0.0,0.0
30,2015.0,0.0,Pertussis,All,126.76923076923076,0.0,0.0,,4.850225752151758,-1.122119707055655,0.0,0.0,0.0,126.76923076923076,0.0,47.838,126.76923076923076,126.76923076923076,0.0,126.76923076923076,0.0,0.0,0.0,0.0
31,2015.0,0.0,Pertussis,All,126.76923076923076,0.0,0.0,,4.850225752151758,-1.122119707055655,0.0,0.0,0.0,126.76923076923076,0.0,47.838,126.76923076923076,126.76923076923076,0.0,126.76923076923076,0.0,0.0,0.0,0.0
32,2015.0,0.0,Pertussis,All,126.76923076923076,0.0,0.0,,4.850225752151758,-1.122119707055655,0.0,0.0,0.0,126.76923076923076,0.0,47.838,126.76923076923076,126.76923076923076,0.0,126.76923076923076,0.0,0.0,0.0,0.0
33,2015.0,0.0,Pertussis,All,126.76923076923076,0.0,0.0,,4.850225752151758,-1.122119707055655,0.0,0.0,0.0,126.76923076923076,0.0,47.838,126.76923076923076,126.76923076923076,0.0,126.76923076923076,0.0,0.0,0.0,0.0
34,2015.0,0.0,Pertussis,All,126.76923076923076,0.0,0.0,,4.850225752151758,-1.122119707055655,0.0,0.0,0.0,126.76923076923076,0.0,47.838,126.76923076923076,126.76923076923076,0.0,126.76923076923076,0.0,0.0,0.0,0.0
35,2015.0,0.0,Pertussis,All,126.76923076923076,0.0,0.0,,4.850225752151758,-1.122119707055655,0.0,0.0,0.0,126.76923076923076,0.0,47.838,126.76923076923076,126.76923076923076,0.0,126.76923076923076,0.0,0.0,0.0,0.0
36,2015.0,0.0,Pertussis,All,126.76923076923076,0.0,0.0,,4.850225752151758,-1.122119707055655,0.0,0.0,0.0,126.76923076923076,0.0,47.838,126.76923076923076,126.76923076923076,0.0,126.76923076923076,0.0,0.0,0.0,0.0
37,2015.0,0.0,Pertussis,All,126.76923076923076,0.0,0.0,,4.850225752151758,-1.122119707055655,0.0,0.0,0.0,126.76923076923076,0.0,47.838,126.76923076923076,126.76923076923076,0.0,126.76923076923076,0.0,0.0,0.0,0.0
38,2015.0,0.0,Pertussis,All,126.76923076923076,0.0,0.0,,4.850225752151758,-1.122119707055655,0.0,0.0,0.0,126.76923076923076,0.0,47.838,126.76923076923076,126.76923076923076,0.0,126.76923076923076,0.0,0.0,0.0,0.0
39,2015.0,0.0,Pertussis,All,126.76923076923076,0.0,0.0,,4.850225752151758,-1.122119707055655,0.0,0.0,0.0,126.76923076923076,0.0,47.838,126.76923076923076,126.76923076923076,0.0,126.76923076923076,0.0,0.0,0.0,0.0
40,2015.0,0.0,Pertussis,All,126.76923076923076,0.0,0.0,,4.850225752151758,-1.122119707055655,0.0,0.0,0.0,126.76923076923076,0.0,47.838,126.76923076923076,126.76923076923076,0.0,126.76923076923076,0.0,0.0,0.0,0.0
41,2015.0,0.0,Pertussis,All,126.76923076923076,0.0,0.0,,4.850225752151758,-1.122119707055655,0.0,0.0,0.0,126.76923076923076,0.0,47.838,126.76923076923076,126.76923076923076,0.0,126.76923076923076,0.0,0.0,0.0,0.0
42,2015.0,0.0,Pertussis,All,126.76923076923076,0.0,0.0,,4.850225752151758,-1.122119707055655,0.0,0.0,0.0,126.76923076923076,0.0,47.838,126.76923076923076,126.76923076923076,0.0,126.76923076923076,0.0,0.0,0.0,0.0
43,2015.0,0.0,Pertussis,All,126.76923076923076,0.0,0.0,,4.850225752151758,-1.122119707055655,0.0,0.0,0.0,126.76923076923076,0.0,47.838,126.76923076923076,126.76923076923076,0.0,126.76923076923076,0.0,0.0,0.0,0.0
44,2015.0,0.0,Pertussis,All,126.76923076923076,0.0,0.0,,4.850225752151758,-1.122119707055655,0.0,0.0,0.0,126.76923076923076,0.0,47.838,126.76923076923076,126.76923076923076,0.0,126.76923076923076,0.0,0.0,0.0,0.0
45,2015.0,0.0,Pertussis,All,126.76923076923076,0.0,0.0,,4.850225752151758,-1.122119707055655,0.0,0.0,0.0,126.76923076923076,0.0,47.838,126.76923076923076,126.76923076923076,0.0,126.76923076923076,0.0,0.0,0.0,0.0
46,2015.0,0.0,Pertussis,All,126.76923076923076,0.0,0.0,,4.850225752151758,-1.122119707055655,0.0,0.0,0.0,126.76923076923076,0.0,47.838,126.76923076923076,126.76923076923076,0.0,126.76923076923076,0.0,0.0,0.0,0.0
47,2015.0,0.0,Pertussis,All,126.76923076923076,0.0,0.0,,4.850225752151758,-1.122119707055655,0.0,0.0,0.0,126.76923076923076,0.0,47.838,126.76923076923076,126.76923076923076,0.0,126.76923076923076,0.0,0.0,0.0,0.0
48,2015.0,0.0,Pertussis,All,126.76923076923076,0.0,0.0,,4.850225752151758,-1.122119707055655,0.0,0.0,0.0,126.76923076923076,0.0,47.838,126.76923076923076,126.76923076923076,0.0,126.76923076923076,0.0,0.0,0.0,0.0
49,2015.0,0.0,Pertussis,All,126.76923076923076,0.0,0.0,,4.850225752151758,-1.122119707055655,0.0,0.0,0.0,126.76923076923076,0.0,47.838,126.76923076923076,126.76923076923076,0.0,126.76923076923076,0.0,0.0,0.0,0.0
50,2015.0,0.0,Pertussis,All,126.76923076923076,0.0,0.0,,4.850225752151758,-1.122119707055655,0.0,0.0,0.0,126.76923076923076,0.0,47.838,126.76923076923076,126.76923076923076,0.0,126.76923076923076,0.0,0.0,0.0,0.0
51,2015.0,0.0,Pertussis,All,126.76923076923076,0.0,0.0,,4.850225752151758,-1.122119707055655,0.0,0.0,0.0,126.76923076923076,0.0,47.838,126.76923076923076,126.76923076923076,0.0,126.76923076923076,0.0,0.0,0.0,0.0
52,2015.0,0.0,Pertussis,All,126.76923076923076,0.0,0.0,,4.850225752151758,-1.122119707055655,0.0,0.0,0.0,126.76923076923076,0.0,47.838,126.76923076923076,126.76923076923076,0.0,126.76923076923076,0.0,0.0,0.0,0.0
1,2017.0,0.0,Pertussis,All,81.61538461538461,0.0,0.0,,4.414195917607273,-1.2300669301977358,0.0,0.0,0.0,81.61538461538461,0.0,49.519,126.76923076923076,126.76923076923076,0.0,115.48076923076923,22.576923076852335,0.0,-0.3561893203883495,0.0
2,2017.0,0.0,Pertussis,All,81.61538461538461,0.0,0.0,,4.414195917607273,-1.2300669301977358,0.0,0.0,0.0,81.61538461538461,0.0,49.519,81.61538461538461,104.19230769230768,0.0,104.1923076923077,26.069585231808173,0.0,0.0,0.0
3,2017.0,0.0,Pertussis,All,81.61538461538461,0.0,0.0,,4.414195917607273,-1.2300669301977358,0.0,0.0,0.0,81.61538461538461,0.0,49.519,81.61538461538461,81.61538461538461,0.0,92.90384615384616,22.576923076850978,0.0,0.0,0.0
4,2017.0,0.0,Pertussis,All,81.61538461538461,0.0,0.0,,4.414195917607273,-1.2300669301977358,0.0,0.0,0.0,81.61538461538461,0.0,49.519,81.61538461538461,81.61538461538461,0.0,81.61538461538461,0.0,0.0,0.0,0.0
5,2017.0,0.0,Pertussis,All,81.61538461538461,0.0,0.0,,4.414195917607273,-1.2300669301977358,0.0,0.0,0.0,81.61538461538461,0.0,49.519,81.61538461538461,81.61538461538461,0.0,81.61538461538461,0.0,0.0,0.0,0.0
6,2017.0,0.0,Pertussis,All,81.61538461538461,0.0,0.0,,4.414195917607273,-1.2300669301977358,0.0,0.0,0.0,81.61538461538461,0.0,49.519,81.61538461538461,81.61538461538461,0.0,81.61538461538461,0.0,0.0,0.0,0.0
7,2017.0,0.0,Pertussis,All,81.61538461538461,0.0,0.0,,4.414195917607273,-1.2300669301977358,0.0,0.0,0.0,81.61538461538461,0.0,49.519,81.61538461538461,81.61538461538461,0.0,81.61538461538461,0.0,0.0,0.0,0.0
8,2017.0,0.0,Pertussis,All,81.61538461538461,0.0,0.0,,4.414195917607273,-1.2300669301977358,0.0,0.0,0.0,81.61538461538461,0.0,49.519,81.61538461538461,81.61538461538461,0.0,81.61538461538461,0.0,0.0,0.0,0.0
9,2017.0,0.0,Pertussis,All,81.61538461538461,0.0,0.0,,4.414195917607273,-1.2300669301977358,0.0,0.0,0.0,81.61538461538461,0.0,49.519,81.61538461538461,81.61538461538461,0.0,81.61538461538461,0.0,0.0,0.0,0.0
10,2017.0,0.0,Pertussis,All,81.61538461538461,0.0,0.0,,4.414195917607273,-1.2300669301977358,0.0,0.0,0.0,81.61538461538461,0.0,49.519,81.61538461538461,81.61538461538461,0.0,81.61538461538461,0.0,0.0,0.0,0.0
11,2017.0,0.0,Pertussis,All,81.61538461538461,0.0,0.0,,4.414195917607273,-1.2300669301977358,0.0,0.0,0.0,81.61538461538461,0.0,49.519,81.61538461538461,81.61538461538461,0.0,81.61538461538461,0.0,0.0,0.0,0.0
12,2017.0,0.0,Pertussis,All,81.61538461538461,0.0,0.0,,4.414195917607273,-1.2300669301977358,0.0,0.0,0.0,81.61538461538461,0.0,49.519,81.61538461538461,81.61538461538461,0.0,81.61538461538461,0.0,0.0,0.0,0.0
13,2017.0,0.0,Pertussis,All,81.61538461538461,0.0,0.0,,4.414195917607273,-1.2300669301977358,0.0,0.0,0.0,81.61538461538461,0.0,49.519,81.61538461538461,81.61538461538461,0.0,81.61538461538461,0.0,0.0,0.0,0.0
14,2017.0,0.0,Pertussis,All,81.61538461538461,0.0,0.0,,4.414195917607273,-1.2300669301977358,0.0,0.0,0.0,81.61538461538461,0.0,49.519,81.61538461538461,81.61538461538461,0.0,81.61538461538461,0.0,0.0,0.0,0.0
15,2017.0,0.0,Pertussis,All,81.61538461538461,0.0,0.0,,4.414195917607273,-1.2300669301977358,0.0,0.0,0.0,81.61538461538461,0.0,49.519,81.61538461538461,81.61538461538461,0.0,81.61538461538461,0.0,0.0,0.0,0.0
16,2017.0,0.0,Pertussis,All,81.61538461538461,0.0,0.0,,4.414195917607273,-1.2300669301977358,0.0,0.0,0.0,81.61538461538461,0.0,49.519,81.61538461538461,81.61538461538461,0.0,81.61538461538461,0.0,0.0,0.0,0.0
17,2017.0,0.0,Pertussis,All,81.61538461538461,0.0,0.0,,4.414195917607273,-1.2300669301977358,0.0,0.0,0.0,81.61538461538461,0.0,49.519,81.61538461538461,81.61538461538461,0.0,81.61538461538461,0.0,0.0,0.0,0.0
18,2017.0,0.0,Pertussis,All,81.61538461538461,0.0,0.0,,4.414195917607273,-1.2300669301977358,0.0,0.0,0.0,81.61538461538461,0.0,49.519,81.61538461538461,81.61538461538461,0.0,81.61538461538461,0.0,0.0,0.0,0.0
19,2017.0,0.0,Pertussis,All,81.61538461538461,0.0,0.0,,4.414195917607273,-1.2300669301977358,0.0,0.0,0.0,81.61538461538461,0.0,49.519,81.61538461538461,81.61538461538461,0.0,81.61538461538461,0.0,0.0,0.0,0.0
20,2017.0,0.0,Pertussis,All,81.61538461538461,0.0,0.0,,4.414195917607273,-1.2300669301977358,0.0,0.0,0.0,81.61538461538461,0.0,49.519,81.61538461538461,81.61538461538461,0.0,81.61538461538461,0.0,0.0,0.0,0.0
21,2017.0,0.0,Pertussis,All,81.61538461538461,0.0,0.0,,4.414195917607273,-1.2300669301977358,0.0,0.0,0.0,81.61538461538461,0.0,49.519,81.61538461538461,81.61538461538461,0.0,81.61538461538461,0.0,0.0,0.0,0.0
22,2017.0,0.0,Pertussis,All,81.61538461538461,0.0,0.0,,4.414195917607273,-1.2300669301977358,0.0,0.0,0.0,81.61538461538461,0.0,49.519,81.61538461538461,81.61538461538461,0.0,81.61538461538461,0.0,0.0,0.0,0.0
23,2017.0,0.0,Pertussis,All,81.61538461538461,0.0,0.0,,4.414195917607273,-1.2300669301977358,0.0,0.0,0.0,81.61538461538461,0.0,49.519,81.61538461538461,81.61538461538461,0.0,81.61538461538461,0.0,0.0,0.0,0.0
24,2017.0,0.0,Pertussis,All,81.61538461538461,0.0,0.0,,4.414195917607273,-1.2300669301977358,0.0,0.0,0.0,81.61538461538461,0.0,49.519,81.61538461538461,81.61538461538461,0.0,81.61538461538461,0.0,0.0,0.0,0.0
25,2017.0,0.0,Pertussis,All,81.61538461538461,0.0,0.0,,4.414195917607273,-1.2300669301977358,0.0,0.0,0.0,81.61538461538461,0.0,49.519,81.61538461538461,81.61538461538461,0.0,81.61538461538461,0.0,0.0,0.0,0.0
26,2017.0,0.0,Pertussis,All,81.61538461538461,0.0,0.0,,4.414195917607273,-1.2300669301977358,0.0,0.0,0.0,81.61538461538461,0.0,49.519,81.61538461538461,81.61538461538461,0.0,81.61538461538461,0.0,0.0,0.0,0.0
27,2017.0,0.0,Pertussis,All,81.61538461538461,0.0,0.0,,4.414195917607273,-1.2300669301977358,0.0,0.0,0.0,81.61538461538461,0.0,49.519,81.61538461538461,81.61538461538461,0.0,81.61538461538461,0.0,0.0,0.0,0.0
28,2017.0,0.0,Pertussis,All,81.61538461538461,0.0,0.0,,4.414195917607273,-1.2300669301977358,0.0,0.0,0.0,81.61538461538461,0.0,49.519,81.61538461538461,81.61538461538461,0.0,81.61538461538461,0.0,0.0,0.0,0.0
29,2017.0,0.0,Pertussis,All,81.61538461538461,0.0,0.0,,4.414195917607273,-1.2300669301977358,0.0,0.0,0.0,81.61538461538461,0.0,49.519,81.61538461538461,81.61538461538461,0.0,81.61538461538461,0.0,0.0,0.0,0.0
30,2017.0,0.0,Pertussis,All,81.61538461538461,0.0,0.0,,4.414195917607273,-1.2300669301977358,0.0,0.0,0.0,81.61538461538461,0.0,49.519,81.61538461538461,81.61538461538461,0.0,81.61538461538461,0.0,0.0,0.0,0.0
31,2017.0,0.0,Pertussis,All,81.61538461538461,0.0,0.0,,4.414195917607273,-1.2300669301977358,0.0,0.0,0.0,81.61538461538461,0.0,49.519,81.61538461538461,81.61538461538461,0.0,81.61538461538461,0.0,0.0,0.0,0.0
32,2017.0,0.0,Pertussis,All,81.61538461538461,0.0,0.0,,4.414195917607273,-1.2300669301977358,0.0,0.0,0.0,81.61538461538461,0.0,49.519,81.61538461538461,81.61538461538461,0.0,81.61538461538461,0.0,0.0,0.0,0.0
33,2017.0,0.0,Pertussis,All,81.61538461538461,0.0,0.0,,4.414195917607273,-1.2300669301977358,0.0,0.0,0.0,81.61538461538461,0.0,49.519,81.61538461538461,81.61538461538461,0.0,81.61538461538461,0.0,0.0,0.0,0.0
34,2017.0,0.0,Pertussis,All,81.61538461538461,0.0,0.0,,4.414195917607273,-1.2300669301977358,0.0,0.0,0.0,81.61538461538461,0.0,49.519,81.61538461538461,81.61538461538461,0.0,81.61538461538461,0.0,0.0,0.0,0.0
35,2017.0,0.0,Pertussis,All,81.61538461538461,0.0,0.0,,4.414195917607273,-1.2300669301977358,0.0,0.0,0.0,81.61538461538461,0.0,49.519,81.61538461538461,81.61538461538461,0.0,81.61538461538461,0.0,0.0,0.0,0.0
36,2017.0,0.0,Pertussis,All,81.61538461538461,0.0,0.0,,4.414195917607273,-1.2300669301977358,0.0,0.0,0.0,81.61538461538461,0.0,49.519,81.61538461538461,81.61538461538461,0.0,81.61538461538461,0.0,0.0,0.0,0.0
37,2017.0,0.0,Pertussis,All,81.61538461538461,0.0,0.0,,4.414195917607273,-1.2300669301977358,0.0,0.0,0.0,81.61538461538461,0.0,49.519,81.61538461538461,81.61538461538461,0.0,81.61538461538461,0.0,0.0,0.0,0.0
38,2017.0,0.0,Pertussis,All,81.61538461538461,0.0,0.0,,4.414195917607273,-1.2300669301977358,0.0,0.0,0.0,81.61538461538461,0.0,49.519,81.61538461538461,81.61538461538461,0.0,81.61538461538461,0.0,0.0,0.0,0.0
39,2017.0,0.0,Pertussis,All,81.61538461538461,0.0,0.0,,4.414195917607273,-1.2300669301977358,0.0,0.0,0.0,81.61538461538461,0.0,49.519,81.61538461538461,81.61538461538461,0.0,81.61538461538461,0.0,0.0,0.0,0.0
40,2017.0,0.0,Pertussis,All,81.61538461538461,0.0,0.0,,4.414195917607273,-1.2300669301977358,0.0,0.0,0.0,81.61538461538461,0.0,49.519,81.61538461538461,81.61538461538461,0.0,81.61538461538461,0.0,0.0,0.0,0.0
41,2017.0,0.0,Pertussis,All,81.61538461538461,0.0,0.0,,4.414195917607273,-1.2300669301977358,0.0,0.0,0.0,81.61538461538461,0.0,49.519,81.61538461538461,81.61538461538461,0.0,81.61538461538461,0.0,0.0,0.0,0.0
42,2017.0,0.0,Pertussis,All,81.61538461538461,0.0,0.0,,4.414195917607273,-1.2300669301977358,0.0,0.0,0.0,81.61538461538461,0.0,49.519,81.61538461538461,81.61538461538461,0.0,81.61538461538461,0.0,0.0,0.0,0.0
43,2017.0,0.0,Pertussis,All,81.61538461538461,0.0,0.0,,4.414195917607273,-1.2300669301977358,0.0,0.0,0.0,81.61538461538461,0.0,49.519,81.61538461538461,81.61538461538461,0.0,81.61538461538461,0.0,0.0,0.0,0.0
44,2017.0,0.0,Pertussis,All,81.61538461538461,0.0,0.0,,4.414195917607273,-1.2300669301977358,0.0,0.0,0.0,81.61538461538461,0.0,49.519,81.61538461538461,81.61538461538461,0.0,81.61538461538461,0.0,0.0,0.0,0.0
45,2017.0,0.0,Pertussis,All,81.61538461538461,0.0,0.0,,4.414195917607273,-1.2300669301977358,0.0,0.0,0.0,81.61538461538461,0.0,49.519,81.61538461538461,81.61538461538461,0.0,81.61538461538461,0.0,0.0,0.0,0.0
46,2017.0,0.0,Pertussis,All,81.61538461538461,0.0,0.0,,4.414195917607273,-1.2300669301977358,0.0,0.0,0.0,81.61538461538461,0.0,49.519,81.61538461538461,81.61538461538461,0.0,81.61538461538461,0.0,0.0,0.0,0.0
47,2017.0,0.0,Pertussis,All,81.61538461538461,0.0,0.0,,4.414195917607273,-1.2300669301977358,0.0,0.0,0.0,81.61538461538461,0.0,49.519,81.61538461538461,81.61538461538461,0.0,81.61538461538461,0.0,0.0,0.0,0.0
48,2017.0,0.0,Pertussis,All,81.61538461538461,0.0,0.0,,4.414195917607273,-1.2300669301977358,0.0,0.0,0.0,81.61538461538461,0.0,49.519,81.61538461538461,81.61538461538461,0.0,81.61538461538461,0.0,0.0,0.0,0.0
49,2017.0,0.0,Pertussis,All,81.61538461538461,0.0,0.0,,4.414195917607273,-1.2300669301977358,0.0,0.0,0.0,81.61538461538461,0.0,49.519,81.61538461538461,81.61538461538461,0.0,81.61538461538461,0.0,0.0,0.0,0.0
50,2017.0,0.0,Pertussis,All,81.61538461538461,0.0,0.0,,4.414195917607273,-1.2300669301977358,0.0,0.0,0.0,81.61538461538461,0.0,49.519,81.61538461538461,81.61538461538461,0.0,81.61538461538461,0.0,0.0,0.0,0.0
51,2017.0,0.0,Pertussis,All,81.61538461538461,0.0,0.0,,4.414195917607273,-1.2300669301977358,0.0,0.0,0.0,81.61538461538461,0.0,49.519,81.61538461538461,81.61538461538461,0.0,81.61538461538461,0.0,0.0,0.0,0.0
52,2017.0,0.0,Pertussis,All,81.61538461538461,0.0,0.0,,4.414195917607273,-1.2300669301977358,0.0,0.0,0.0,81.61538461538461,0.0,49.519,81.61538461538461,81.61538461538461,0.0,81.61538461538461,0.0,0.0,0.0,0.0
1,2018.0,0.0,Pertussis,All,151.8653846153846,0.0,0.0,,5.029557694991685,-1.0621234863570113,0.0,0.0,0.0,151.8653846153846,204938755.0,50.344,81.61538461538461,81.61538461538461,0.0,99.17788461538461,35.1249999999539,0.0,0.8607445805843544,0.07410281408969456
2,2018.0,0.0,Pertussis,All,151.8653846153846,0.0,0.0,,5.029557694991685,-1.0621234863570113,0.0,0.0,0.0,151.8653846153846,204938755.0,50.344,151.8653846153846,116.74038461538461,0.0,116.74038461538461,40.55885641053187,0.0,0.0,0.07410281408969456
3,2018.0,0.0,Pertussis,All,151.8653846153846,0.0,0.0,,5.029557694991685,-1.0621234863570113,0.0,0.0,0.0,151.8653846153846,204938755.0,50.344,151.8653846153846,151.8653846153846,0.0,134.3028846153846,35.12499999995525,0.0,0.0,0.07410281408969456
4,2018.0,0.0,Pertussis,All,151.8653846153846,0.0,0.0,,5.029557694991685,-1.0621234863570113,0.0,0.0,0.0,151.8653846153846,204938755.0,50.344,151.8653846153846,151.8653846153846,0.0,151.8653846153846,0.0,0.0,0.0,0.07410281408969456
5,2018.0,0.0,Pertussis,All,151.8653846153846,0.0,0.0,,5.029557694991685,-1.0621234863570113,0.0,0.0,0.0,151.8653846153846,204938755.0,50.344,151.8653846153846,151.8653846153846,0.0,151.8653846153846,0.0,0.0,0.0,0.07410281408969456
6,2018.0,0.0,Pertussis,All,151.8653846153846,0.0,0.0,,5.029557694991685,-1.0621234863570113,0.0,0.0,0.0,151.8653846153846,204938755.0,50.344,151.8653846153846,151.8653846153846,0.0,151.8653846153846,0.0,0.0,0.0,0.07410281408969456
7,2018.0,0.0,Pertussis,All,151.8653846153846,0.0,0.0,,5.029557694991685,-1.0621234863570113,0.0,0.0,0.0,151.8653846153846,204938755.0,50.344,151.8653846153846,151.8653846153846,0.0,151.8653846153846,0.0,0.0,0.0,0.07410281408969456
8,2018.0,0.0,Pertussis,All,151.8653846153846,0.0,0.0,,5.029557694991685,-1.0621234863570113,0.0,0.0,0.0,151.8653846153846,204938755.0,50.344,151.8653846153846,151.8653846153846,0.0,151.8653846153846,0.0,0.0,0.0,0.07410281408969456
9,2018.0,0.0,Pertussis,All,151.8653846153846,0.0,0.0,,5.029557694991685,-1.0621234863570113,0.0,0.0,0.0,151.8653846153846,204938755.0,50.344,151.8653846153846,151.8653846153846,0.0,151.8653846153846,0.0,0.0,0.0,0.07410281408969456
10,2018.0,0.0,Pertussis,All,151.8653846153846,0.0,0.0,,5.029557694991685,-1.0621234863570113,0.0,0.0,0.0,151.8653846153846,204938755.0,50.344,151.8653846153846,151.8653846153846,0.0,151.8653846153846,0.0,0.0,0.0,0.07410281408969456
11,2018.0,0.0,Pertussis,All,151.8653846153846,0.0,0.0,,5.029557694991685,-1.0621234863570113,0.0,0.0,0.0,151.8653846153846,204938755.0,50.344,151.8653846153846,151.8653846153846,0.0,151.8653846153846,0.0,0.0,0.0,0.07410281408969456
12,2018.0,0.0,Pertussis,All,151.8653846153846,0.0,0.0,,5.029557694991685,-1.0621234863570113,0.0,0.0,0.0,151.8653846153846,204938755.0,50.344,151.8653846153846,151.8653846153846,0.0,151.8653846153846,0.0,0.0,0.0,0.07410281408969456
13,2018.0,0.0,Pertussis,All,151.8653846153846,0.0,0.0,,5.029557694991685,-1.0621234863570113,0.0,0.0,0.0,151.8653846153846,204938755.0,50.344,151.8653846153846,151.8653846153846,0.0,151.8653846153846,0.0,0.0,0.0,0.07410281408969456
14,2018.0,0.0,Pertussis,All,151.8653846153846,0.0,0.0,,5.029557694991685,-1.0621234863570113,0.0,0.0,0.0,151.8653846153846,204938755.0,50.344,151.8653846153846,151.8653846153846,0.0,151.8653846153846,0.0,0.0,0.0,0.07410281408969456
15,2018.0,0.0,Pertussis,All,151.8653846153846,0.0,0.0,,5.029557694991685,-1.0621234863570113,0.0,0.0,0.0,151.8653846153846,204938755.0,50.344,151.8653846153846,151.8653846153846,0.0,151.8653846153846,0.0,0.0,0.0,0.07410281408969456
16,2018.0,0.0,Pertussis,All,151.8653846153846,0.0,0.0,,5.029557694991685,-1.0621234863570113,0.0,0.0,0.0,151.8653846153846,204938755.0,50.344,151.8653846153846,151.8653846153846,0.0,151.8653846153846,0.0,0.0,0.0,0.07410281408969456
17,2018.0,0.0,Pertussis,All,151.8653846153846,0.0,0.0,,5.029557694991685,-1.0621234863570113,0.0,0.0,0.0,151.8653846153846,204938755.0,50.344,151.8653846153846,151.8653846153846,0.0,151.8653846153846,0.0,0.0,0.0,0.07410281408969456
18,2018.0,0.0,Pertussis,All,151.8653846153846,0.0,0.0,,5.029557694991685,-1.0621234863570113,0.0,0.0,0.0,151.8653846153846,204938755.0,50.344,151.8653846153846,151.8653846153846,0.0,151.8653846153846,0.0,0.0,0.0,0.07410281408969456
19,2018.0,0.0,Pertussis,All,151.8653846153846,0.0,0.0,,5.029557694991685,-1.0621234863570113,0.0,0.0,0.0,151.8653846153846,204938755.0,50.344,151.8653846153846,151.8653846153846,0.0,151.8653846153846,0.0,0.0,0.0,0.07410281408969456
20,2018.0,0.0,Pertussis,All,151.8653846153846,0.0,0.0,,5.029557694991685,-1.0621234863570113,0.0,0.0,0.0,151.8653846153846,204938755.0,50.344,151.8653846153846,151.8653846153846,0.0,151.8653846153846,0.0,0.0,0.0,0.07410281408969456
21,2018.0,0.0,Pertussis,All,151.8653846153846,0.0,0.0,,5.029557694991685,-1.0621234863570113,0.0,0.0,0.0,151.8653846153846,204938755.0,50.344,151.8653846153846,151.8653846153846,0.0,151.8653846153846,0.0,0.0,0.0,0.07410281408969456
22,2018.0,0.0,Pertussis,All,151.8653846153846,0.0,0.0,,5.029557694991685,-1.0621234863570113,0.0,0.0,0.0,151.8653846153846,204938755.0,50.344,151.8653846153846,151.8653846153846,0.0,151.8653846153846,0.0,0.0,0.0,0.07410281408969456
23,2018.0,0.0,Pertussis,All,151.8653846153846,0.0,0.0,,5.029557694991685,-1.0621234863570113,0.0,0.0,0.0,151.8653846153846,204938755.0,50.344,151.8653846153846,151.8653846153846,0.0,151.8653846153846,0.0,0.0,0.0,0.07410281408969456
24,2018.0,0.0,Pertussis,All,151.8653846153846,0.0,0.0,,5.029557694991685,-1.0621234863570113,0.0,0.0,0.0,151.8653846153846,204938755.0,50.344,151.8653846153846,151.8653846153846,0.0,151.8653846153846,0.0,0.0,0.0,0.07410281408969456
25,2018.0,0.0,Pertussis,All,151.8653846153846,0.0,0.0,,5.029557694991685,-1.0621234863570113,0.0,0.0,0.0,151.8653846153846,204938755.0,50.344,151.8653846153846,151.8653846153846,0.0,151.8653846153846,0.0,0.0,0.0,0.07410281408969456
26,2018.0,0.0,Pertussis,All,151.8653846153846,0.0,0.0,,5.029557694991685,-1.0621234863570113,0.0,0.0,0.0,151.8653846153846,204938755.0,50.344,151.8653846153846,151.8653846153846,0.0,151.8653846153846,0.0,0.0,0.0,0.07410281408969456
27,2018.0,0.0,Pertussis,All,151.8653846153846,0.0,0.0,,5.029557694991685,-1.0621234863570113,0.0,0.0,0.0,151.8653846153846,204938755.0,50.344,151.8653846153846,151.8653846153846,0.0,151.8653846153846,0.0,0.0,0.0,0.07410281408969456
28,2018.0,0.0,Pertussis,All,151.8653846153846,0.0,0.0,,5.029557694991685,-1.0621234863570113,0.0,0.0,0.0,151.8653846153846,204938755.0,50.344,151.8653846153846,151.8653846153846,0.0,151.8653846153846,0.0,0.0,0.0,0.07410281408969456
29,2018.0,0.0,Pertussis,All,151.8653846153846,0.0,0.0,,5.029557694991685,-1.0621234863570113,0.0,0.0,0.0,151.8653846153846,204938755.0,50.344,151.8653846153846,151.8653846153846,0.0,151.8653846153846,0.0,0.0,0.0,0.07410281408969456
30,2018.0,0.0,Pertussis,All,151.8653846153846,0.0,0.0,,5.029557694991685,-1.0621234863570113,0.0,0.0,0.0,151.8653846153846,204938755.0,50.344,151.8653846153846,151.8653846153846,0.0,151.8653846153846,0.0,0.0,0.0,0.07410281408969456
31,2018.0,0.0,Pertussis,All,151.8653846153846,0.0,0.0,,5.029557694991685,-1.0621234863570113,0.0,0.0,0.0,151.8653846153846,204938755.0,50.344,151.8653846153846,151.8653846153846,0.0,151.8653846153846,0.0,0.0,0.0,0.07410281408969456
32,2018.0,0.0,Pertussis,All,151.8653846153846,0.0,0.0,,5.029557694991685,-1.0621234863570113,0.0,0.0,0.0,151.8653846153846,204938755.0,50.344,151.8653846153846,151.8653846153846,0.0,151.8653846153846,0.0,0.0,0.0,0.07410281408969456
33,2018.0,0.0,Pertussis,All,151.8653846153846,0.0,0.0,,5.029557694991685,-1.0621234863570113,0.0,0.0,0.0,151.8653846153846,204938755.0,50.344,151.8653846153846,151.8653846153846,0.0,151.8653846153846,0.0,0.0,0.0,0.07410281408969456
34,2018.0,0.0,Pertussis,All,151.8653846153846,0.0,0.0,,5.029557694991685,-1.0621234863570113,0.0,0.0,0.0,151.8653846153846,204938755.0,50.344,151.8653846153846,151.8653846153846,0.0,151.8653846153846,0.0,0.0,0.0,0.07410281408969456
35,2018.0,0.0,Pertussis,All,151.8653846153846,0.0,0.0,,5.029557694991685,-1.0621234863570113,0.0,0.0,0.0,151.8653846153846,204938755.0,50.344,151.8653846153846,151.8653846153846,0.0,151.8653846153846,0.0,0.0,0.0,0.07410281408969456
36,2018.0,0.0,Pertussis,All,151.8653846153846,0.0,0.0,,5.029557694991685,-1.0621234863570113,0.0,0.0,0.0,151.8653846153846,204938755.0,50.344,151.8653846153846,151.8653846153846,0.0,151.8653846153846,0.0,0.0,0.0,0.07410281408969456
37,2018.0,0.0,Pertussis,All,151.8653846153846,0.0,0.0,,5.029557694991685,-1.0621234863570113,0.0,0.0,0.0,151.8653846153846,204938755.0,50.344,151.8653846153846,151.8653846153846,0.0,151.8653846153846,0.0,0.0,0.0,0.07410281408969456
38,2018.0,0.0,Pertussis,All,151.8653846153846,0.0,0.0,,5.029557694991685,-1.0621234863570113,0.0,0.0,0.0,151.8653846153846,204938755.0,50.344,151.8653846153846,151.8653846153846,0.0,151.8653846153846,0.0,0.0,0.0,0.07410281408969456
39,2018.0,0.0,Pertussis,All,151.8653846153846,0.0,0.0,,5.029557694991685,-1.0621234863570113,0.0,0.0,0.0,151.8653846153846,204938755.0,50.344,151.8653846153846,151.8653846153846,0.0,151.8653846153846,0.0,0.0,0.0,0.07410281408969456
40,2018.0,0.0,Pertussis,All,151.8653846153846,0.0,0.0,,5.029557694991685,-1.0621234863570113,0.0,0.0,0.0,151.8653846153846,204938755.0,50.344,151.8653846153846,151.8653846153846,0.0,151.8653846153846,0.0,0.0,0.0,0.07410281408969456
41,2018.0,0.0,Pertussis,All,151.8653846153846,0.0,0.0,,5.029557694991685,-1.0621234863570113,0.0,0.0,0.0,151.8653846153846,204938755.0,50.344,151.8653846153846,151.8653846153846,0.0,151.8653846153846,0.0,0.0,0.0,0.07410281408969456
42,2018.0,0.0,Pertussis,All,151.8653846153846,0.0,0.0,,5.029557694991685,-1.0621234863570113,0.0,0.0,0.0,151.8653846153846,204938755.0,50.344,151.8653846153846,151.8653846153846,0.0,151.8653846153846,0.0,0.0,0.0,0.07410281408969456
43,2018.0,0.0,Pertussis,All,151.8653846153846,0.0,0.0,,5.029557694991685,-1.0621234863570113,0.0,0.0,0.0,151.8653846153846,204938755.0,50.344,151.8653846153846,151.8653846153846,0.0,151.8653846153846,0.0,0.0,0.0,0.07410281408969456
44,2018.0,0.0,Pertussis,All,151.8653846153846,0.0,0.0,,5.029557694991685,-1.0621234863570113,0.0,0.0,0.0,151.8653846153846,204938755.0,50.344,151.8653846153846,151.8653846153846,0.0,151.8653846153846,0.0,0.0,0.0,0.07410281408969456
45,2018.0,0.0,Pertussis,All,151.8653846153846,0.0,0.0,,5.029557694991685,-1.0621234863570113,0.0,0.0,0.0,151.8653846153846,204938755.0,50.344,151.8653846153846,151.8653846153846,0.0,151.8653846153846,0.0,0.0,0.0,0.07410281408969456
46,2018.0,0.0,Pertussis,All,151.8653846153846,0.0,0.0,,5.029557694991685,-1.0621234863570113,0.0,0.0,0.0,151.8653846153846,204938755.0,50.344,151.8653846153846,151.8653846153846,0.0,151.8653846153846,0.0,0.0,0.0,0.07410281408969456
47,2018.0,0.0,Pertussis,All,151.8653846153846,0.0,0.0,,5.029557694991685,-1.0621234863570113,0.0,0.0,0.0,151.8653846153846,204938755.0,50.344,151.8653846153846,151.8653846153846,0.0,151.8653846153846,0.0,0.0,0.0,0.07410281408969456
48,2018.0,0.0,Pertussis,All,151.8653846153846,0.0,0.0,,5.029557694991685,-1.0621234863570113,0.0,0.0,0.0,151.8653846153846,204938755.0,50.344,151.8653846153846,151.8653846153846,0.0,151.8653846153846,0.0,0.0,0.0,0.07410281408969456
49,2018.0,0.0,Pertussis,All,151.8653846153846,0.0,0.0,,5.029557694991685,-1.0621234863570113,0.0,0.0,0.0,151.8653846153846,204938755.0,50.344,151.8653846153846,151.8653846153846,0.0,151.8653846153846,0.0,0.0,0.0,0.07410281408969456
50,2018.0,0.0,Pertussis,All,151.8653846153846,0.0,0.0,,5.029557694991685,-1.0621234863570113,0.0,0.0,0.0,151.8653846153846,204938755.0,50.344,151.8653846153846,151.8653846153846,0.0,151.8653846153846,0.0,0.0,0.0,0.07410281408969456
51,2018.0,0.0,Pertussis,All,151.8653846153846,0.0,0.0,,5.029557694991685,-1.0621234863570113,0.0,0.0,0.0,151.8653846153846,204938755.0,50.344,151.8653846153846,151.8653846153846,0.0,151.8653846153846,0.0,0.0,0.0,0.07410281408969456
52,2018.0,0.0,Pertussis,All,151.8653846153846,0.0,0.0,,5.029557694991685,-1.0621234863570113,0.0,0.0,0.0,151.8653846153846,204938755.0,50.344,151.8653846153846,151.8653846153846,0.0,151.8653846153846,0.0,0.0,0.0,0.07410281408969456
1,1980.0,0.0,Polio,All,15.692307692307692,0.0,0.0,,2.814947996078923,0.7692837825757494,0.0,0.0,0.0,15.692307692307692,0.0,21.97,0.0,0.0,0.0,15.692307692307692,0.0,0.0,0.0,0.0
2,1980.0,0.0,Polio,All,15.692307692307692,0.0,0.0,,2.814947996078923,0.7692837825757494,0.0,0.0,0.0,15.692307692307692,0.0,21.97,15.692307692307692,0.0,0.0,15.692307692307692,0.0,0.0,0.0,0.0
3,1980.0,0.0,Polio,All,15.692307692307692,0.0,0.0,,2.814947996078923,0.7692837825757494,0.0,0.0,0.0,15.692307692307692,0.0,21.97,15.692307692307692,15.692307692307692,0.0,15.692307692307692,0.0,0.0,0.0,0.0
4,1980.0,0.0,Polio,All,15.692307692307692,0.0,0.0,,2.814947996078923,0.7692837825757494,0.0,0.0,0.0,15.692307692307692,0.0,21.97,15.692307692307692,15.692307692307692,0.0,15.692307692307692,0.0,0.0,0.0,0.0
5,1980.0,0.0,Polio,All,15.692307692307692,0.0,0.0,,2.814947996078923,0.7692837825757494,0.0,0.0,0.0,15.692307692307692,0.0,21.97,15.692307692307692,15.692307692307692,0.0,15.692307692307692,0.0,0.0,0.0,0.0
6,1980.0,0.0,Polio,All,15.692307692307692,0.0,0.0,,2.814947996078923,0.7692837825757494,0.0,0.0,0.0,15.692307692307692,0.0,21.97,15.692307692307692,15.692307692307692,0.0,15.692307692307692,0.0,0.0,0.0,0.0
7,1980.0,0.0,Polio,All,15.692307692307692,0.0,0.0,,2.814947996078923,0.7692837825757494,0.0,0.0,0.0,15.692307692307692,0.0,21.97,15.692307692307692,15.692307692307692,0.0,15.692307692307692,0.0,0.0,0.0,0.0
8,1980.0,0.0,Polio,All,15.692307692307692,0.0,0.0,,2.814947996078923,0.7692837825757494,0.0,0.0,0.0,15.692307692307692,0.0,21.97,15.692307692307692,15.692307692307692,0.0,15.692307692307692,0.0,0.0,0.0,0.0
9,1980.0,0.0,Polio,All,15.692307692307692,0.0,0.0,,2.814947996078923,0.7692837825757494,0.0,0.0,0.0,15.692307692307692,0.0,21.97,15.692307692307692,15.692307692307692,0.0,15.692307692307692,0.0,0.0,0.0,0.0
10,1980.0,0.0,Polio,All,15.692307692307692,0.0,0.0,,2.814947996078923,0.7692837825757494,0.0,0.0,0.0,15.692307692307692,0.0,21.97,15.692307692307692,15.692307692307692,0.0,15.692307692307692,0.0,0.0,0.0,0.0
11,1980.0,0.0,Polio,All,15.692307692307692,0.0,0.0,,2.814947996078923,0.7692837825757494,0.0,0.0,0.0,15.692307692307692,0.0,21.97,15.692307692307692,15.692307692307692,0.0,15.692307692307692,0.0,0.0,0.0,0.0
12,1980.0,0.0,Polio,All,15.692307692307692,0.0,0.0,,2.814947996078923,0.7692837825757494,0.0,0.0,0.0,15.692307692307692,0.0,21.97,15.692307692307692,15.692307692307692,0.0,15.692307692307692,0.0,0.0,0.0,0.0
13,1980.0,0.0,Polio,All,15.692307692307692,0.0,0.0,,2.814947996078923,0.7692837825757494,0.0,0.0,0.0,15.692307692307692,0.0,21.97,15.692307692307692,15.692307692307692,0.0,15.692307692307692,0.0,0.0,0.0,0.0
14,1980.0,0.0,Polio,All,15.692307692307692,0.0,0.0,,2.814947996078923,0.7692837825757494,0.0,0.0,0.0,15.692307692307692,0.0,21.97,15.692307692307692,15.692307692307692,0.0,15.692307692307692,0.0,0.0,0.0,0.0
15,1980.0,0.0,Polio,All,15.692307692307692,0.0,0.0,,2.814947996078923,0.7692837825757494,0.0,0.0,0.0,15.692307692307692,0.0,21.97,15.692307692307692,15.692307692307692,0.0,15.692307692307692,0.0,0.0,0.0,0.0
16,1980.0,0.0,Polio,All,15.692307692307692,0.0,0.0,,2.814947996078923,0.7692837825757494,0.0,0.0,0.0,15.692307692307692,0.0,21.97,15.692307692307692,15.692307692307692,0.0,15.692307692307692,0.0,0.0,0.0,0.0
17,1980.0,0.0,Polio,All,15.692307692307692,0.0,0.0,,2.814947996078923,0.7692837825757494,0.0,0.0,0.0,15.692307692307692,0.0,21.97,15.692307692307692,15.692307692307692,0.0,15.692307692307692,0.0,0.0,0.0,0.0
18,1980.0,0.0,Polio,All,15.692307692307692,0.0,0.0,,2.814947996078923,0.7692837825757494,0.0,0.0,0.0,15.692307692307692,0.0,21.97,15.692307692307692,15.692307692307692,0.0,15.692307692307692,0.0,0.0,0.0,0.0
19,1980.0,0.0,Polio,All,15.692307692307692,0.0,0.0,,2.814947996078923,0.7692837825757494,0.0,0.0,0.0,15.692307692307692,0.0,21.97,15.692307692307692,15.692307692307692,0.0,15.692307692307692,0.0,0.0,0.0,0.0
20,1980.0,0.0,Polio,All,15.692307692307692,0.0,0.0,,2.814947996078923,0.7692837825757494,0.0,0.0,0.0,15.692307692307692,0.0,21.97,15.692307692307692,15.692307692307692,0.0,15.692307692307692,0.0,0.0,0.0,0.0
21,1980.0,0.0,Polio,All,15.692307692307692,0.0,0.0,,2.814947996078923,0.7692837825757494,0.0,0.0,0.0,15.692307692307692,0.0,21.97,15.692307692307692,15.692307692307692,0.0,15.692307692307692,0.0,0.0,0.0,0.0
22,1980.0,0.0,Polio,All,15.692307692307692,0.0,0.0,,2.814947996078923,0.7692837825757494,0.0,0.0,0.0,15.692307692307692,0.0,21.97,15.692307692307692,15.692307692307692,0.0,15.692307692307692,0.0,0.0,0.0,0.0
23,1980.0,0.0,Polio,All,15.692307692307692,0.0,0.0,,2.814947996078923,0.7692837825757494,0.0,0.0,0.0,15.692307692307692,0.0,21.97,15.692307692307692,15.692307692307692,0.0,15.692307692307692,0.0,0.0,0.0,0.0
24,1980.0,0.0,Polio,All,15.692307692307692,0.0,0.0,,2.814947996078923,0.7692837825757494,0.0,0.0,0.0,15.692307692307692,0.0,21.97,15.692307692307692,15.692307692307692,0.0,15.692307692307692,0.0,0.0,0.0,0.0
25,1980.0,0.0,Polio,All,15.692307692307692,0.0,0.0,,2.814947996078923,0.7692837825757494,0.0,0.0,0.0,15.692307692307692,0.0,21.97,15.692307692307692,15.692307692307692,0.0,15.692307692307692,0.0,0.0,0.0,0.0
26,1980.0,0.0,Polio,All,15.692307692307692,0.0,0.0,,2.814947996078923,0.7692837825757494,0.0,0.0,0.0,15.692307692307692,0.0,21.97,15.692307692307692,15.692307692307692,0.0,15.692307692307692,0.0,0.0,0.0,0.0
27,1980.0,0.0,Polio,All,15.692307692307692,0.0,0.0,,2.814947996078923,0.7692837825757494,0.0,0.0,0.0,15.692307692307692,0.0,21.97,15.692307692307692,15.692307692307692,0.0,15.692307692307692,0.0,0.0,0.0,0.0
28,1980.0,0.0,Polio,All,15.692307692307692,0.0,0.0,,2.814947996078923,0.7692837825757494,0.0,0.0,0.0,15.692307692307692,0.0,21.97,15.692307692307692,15.692307692307692,0.0,15.692307692307692,0.0,0.0,0.0,0.0
29,1980.0,0.0,Polio,All,15.692307692307692,0.0,0.0,,2.814947996078923,0.7692837825757494,0.0,0.0,0.0,15.692307692307692,0.0,21.97,15.692307692307692,15.692307692307692,0.0,15.692307692307692,0.0,0.0,0.0,0.0
30,1980.0,0.0,Polio,All,15.692307692307692,0.0,0.0,,2.814947996078923,0.7692837825757494,0.0,0.0,0.0,15.692307692307692,0.0,21.97,15.692307692307692,15.692307692307692,0.0,15.692307692307692,0.0,0.0,0.0,0.0
31,1980.0,0.0,Polio,All,15.692307692307692,0.0,0.0,,2.814947996078923,0.7692837825757494,0.0,0.0,0.0,15.692307692307692,0.0,21.97,15.692307692307692,15.692307692307692,0.0,15.692307692307692,0.0,0.0,0.0,0.0
32,1980.0,0.0,Polio,All,15.692307692307692,0.0,0.0,,2.814947996078923,0.7692837825757494,0.0,0.0,0.0,15.692307692307692,0.0,21.97,15.692307692307692,15.692307692307692,0.0,15.692307692307692,0.0,0.0,0.0,0.0
33,1980.0,0.0,Polio,All,15.692307692307692,0.0,0.0,,2.814947996078923,0.7692837825757494,0.0,0.0,0.0,15.692307692307692,0.0,21.97,15.692307692307692,15.692307692307692,0.0,15.692307692307692,0.0,0.0,0.0,0.0
34,1980.0,0.0,Polio,All,15.692307692307692,0.0,0.0,,2.814947996078923,0.7692837825757494,0.0,0.0,0.0,15.692307692307692,0.0,21.97,15.692307692307692,15.692307692307692,0.0,15.692307692307692,0.0,0.0,0.0,0.0
35,1980.0,0.0,Polio,All,15.692307692307692,0.0,0.0,,2.814947996078923,0.7692837825757494,0.0,0.0,0.0,15.692307692307692,0.0,21.97,15.692307692307692,15.692307692307692,0.0,15.692307692307692,0.0,0.0,0.0,0.0
36,1980.0,0.0,Polio,All,15.692307692307692,0.0,0.0,,2.814947996078923,0.7692837825757494,0.0,0.0,0.0,15.692307692307692,0.0,21.97,15.692307692307692,15.692307692307692,0.0,15.692307692307692,0.0,0.0,0.0,0.0
37,1980.0,0.0,Polio,All,15.692307692307692,0.0,0.0,,2.814947996078923,0.7692837825757494,0.0,0.0,0.0,15.692307692307692,0.0,21.97,15.692307692307692,15.692307692307692,0.0,15.692307692307692,0.0,0.0,0.0,0.0
38,1980.0,0.0,Polio,All,15.692307692307692,0.0,0.0,,2.814947996078923,0.7692837825757494,0.0,0.0,0.0,15.692307692307692,0.0,21.97,15.692307692307692,15.692307692307692,0.0,15.692307692307692,0.0,0.0,0.0,0.0
39,1980.0,0.0,Polio,All,15.692307692307692,0.0,0.0,,2.814947996078923,0.7692837825757494,0.0,0.0,0.0,15.692307692307692,0.0,21.97,15.692307692307692,15.692307692307692,0.0,15.692307692307692,0.0,0.0,0.0,0.0
40,1980.0,0.0,Polio,All,15.692307692307692,0.0,0.0,,2.814947996078923,0.7692837825757494,0.0,0.0,0.0,15.692307692307692,0.0,21.97,15.692307692307692,15.692307692307692,0.0,15.692307692307692,0.0,0.0,0.0,0.0
41,1980.0,0.0,Polio,All,15.692307692307692,0.0,0.0,,2.814947996078923,0.7692837825757494,0.0,0.0,0.0,15.692307692307692,0.0,21.97,15.692307692307692,15.692307692307692,0.0,15.692307692307692,0.0,0.0,0.0,0.0
42,1980.0,0.0,Polio,All,15.692307692307692,0.0,0.0,,2.814947996078923,0.7692837825757494,0.0,0.0,0.0,15.692307692307692,0.0,21.97,15.692307692307692,15.692307692307692,0.0,15.692307692307692,0.0,0.0,0.0,0.0
43,1980.0,0.0,Polio,All,15.692307692307692,0.0,0.0,,2.814947996078923,0.7692837825757494,0.0,0.0,0.0,15.692307692307692,0.0,21.97,15.692307692307692,15.692307692307692,0.0,15.692307692307692,0.0,0.0,0.0,0.0
44,1980.0,0.0,Polio,All,15.692307692307692,0.0,0.0,,2.814947996078923,0.7692837825757494,0.0,0.0,0.0,15.692307692307692,0.0,21.97,15.692307692307692,15.692307692307692,0.0,15.692307692307692,0.0,0.0,0.0,0.0
45,1980.0,0.0,Polio,All,15.692307692307692,0.0,0.0,,2.814947996078923,0.7692837825757494,0.0,0.0,0.0,15.692307692307692,0.0,21.97,15.692307692307692,15.692307692307692,0.0,15.692307692307692,0.0,0.0,0.0,0.0
46,1980.0,0.0,Polio,All,15.692307692307692,0.0,0.0,,2.814947996078923,0.7692837825757494,0.0,0.0,0.0,15.692307692307692,0.0,21.97,15.692307692307692,15.692307692307692,0.0,15.692307692307692,0.0,0.0,0.0,0.0
47,1980.0,0.0,Polio,All,15.692307692307692,0.0,0.0,,2.814947996078923,0.7692837825757494,0.0,0.0,0.0,15.692307692307692,0.0,21.97,15.692307692307692,15.692307692307692,0.0,15.692307692307692,0.0,0.0,0.0,0.0
48,1980.0,0.0,Polio,All,15.692307692307692,0.0,0.0,,2.814947996078923,0.7692837825757494,0.0,0.0,0.0,15.692307692307692,0.0,21.97,15.692307692307692,15.692307692307692,0.0,15.692307692307692,0.0,0.0,0.0,0.0
49,1980.0,0.0,Polio,All,15.692307692307692,0.0,0.0,,2.814947996078923,0.7692837825757494,0.0,0.0,0.0,15.692307692307692,0.0,21.97,15.692307692307692,15.692307692307692,0.0,15.692307692307692,0.0,0.0,0.0,0.0
50,1980.0,0.0,Polio,All,15.692307692307692,0.0,0.0,,2.814947996078923,0.7692837825757494,0.0,0.0,0.0,15.692307692307692,0.0,21.97,15.692307692307692,15.692307692307692,0.0,15.692307692307692,0.0,0.0,0.0,0.0
51,1980.0,0.0,Polio,All,15.692307692307692,0.0,0.0,,2.814947996078923,0.7692837825757494,0.0,0.0,0.0,15.692307692307692,0.0,21.97,15.692307692307692,15.692307692307692,0.0,15.692307692307692,0.0,0.0,0.0,0.0
52,1980.0,0.0,Polio,All,15.692307692307692,0.0,0.0,,2.814947996078923,0.7692837825757494,0.0,0.0,0.0,15.692307692307692,0.0,21.97,15.692307692307692,15.692307692307692,0.0,15.692307692307692,0.0,0.0,0.0,0.0
1,1981.0,0.0,Polio,All,6.4423076923076925,0.0,0.0,,2.0071809744483544,-0.32282260154238585,0.0,0.0,0.0,6.4423076923076925,0.0,22.671,15.692307692307692,15.692307692307692,0.0,13.379807692307692,4.625,0.0,-0.5894607843137255,0.0
2,1981.0,0.0,Polio,All,6.4423076923076925,0.0,0.0,,2.0071809744483544,-0.32282260154238585,0.0,0.0,0.0,6.4423076923076925,0.0,22.671,6.4423076923076925,11.067307692307692,0.0,11.067307692307693,5.340489990004038,0.0,0.0,0.0
3,1981.0,0.0,Polio,All,6.4423076923076925,0.0,0.0,,2.0071809744483544,-0.32282260154238585,0.0,0.0,0.0,6.4423076923076925,0.0,22.671,6.4423076923076925,6.4423076923076925,0.0,8.754807692307693,4.624999999999999,0.0,0.0,0.0
4,1981.0,0.0,Polio,All,6.4423076923076925,0.0,0.0,,2.0071809744483544,-0.32282260154238585,0.0,0.0,0.0,6.4423076923076925,0.0,22.671,6.4423076923076925,6.4423076923076925,0.0,6.4423076923076925,0.0,0.0,0.0,0.0
5,1981.0,0.0,Polio,All,6.4423076923076925,0.0,0.0,,2.0071809744483544,-0.32282260154238585,0.0,0.0,0.0,6.4423076923076925,0.0,22.671,6.4423076923076925,6.4423076923076925,0.0,6.4423076923076925,0.0,0.0,0.0,0.0
6,1981.0,0.0,Polio,All,6.4423076923076925,0.0,0.0,,2.0071809744483544,-0.32282260154238585,0.0,0.0,0.0,6.4423076923076925,0.0,22.671,6.4423076923076925,6.4423076923076925,0.0,6.4423076923076925,0.0,0.0,0.0,0.0
7,1981.0,0.0,Polio,All,6.4423076923076925,0.0,0.0,,2.0071809744483544,-0.32282260154238585,0.0,0.0,0.0,6.4423076923076925,0.0,22.671,6.4423076923076925,6.4423076923076925,0.0,6.4423076923076925,0.0,0.0,0.0,0.0
8,1981.0,0.0,Polio,All,6.4423076923076925,0.0,0.0,,2.0071809744483544,-0.32282260154238585,0.0,0.0,0.0,6.4423076923076925,0.0,22.671,6.4423076923076925,6.4423076923076925,0.0,6.4423076923076925,0.0,0.0,0.0,0.0
9,1981.0,0.0,Polio,All,6.4423076923076925,0.0,0.0,,2.0071809744483544,-0.32282260154238585,0.0,0.0,0.0,6.4423076923076925,0.0,22.671,6.4423076923076925,6.4423076923076925,0.0,6.4423076923076925,0.0,0.0,0.0,0.0
10,1981.0,0.0,Polio,All,6.4423076923076925,0.0,0.0,,2.0071809744483544,-0.32282260154238585,0.0,0.0,0.0,6.4423076923076925,0.0,22.671,6.4423076923076925,6.4423076923076925,0.0,6.4423076923076925,0.0,0.0,0.0,0.0
11,1981.0,0.0,Polio,All,6.4423076923076925,0.0,0.0,,2.0071809744483544,-0.32282260154238585,0.0,0.0,0.0,6.4423076923076925,0.0,22.671,6.4423076923076925,6.4423076923076925,0.0,6.4423076923076925,0.0,0.0,0.0,0.0
12,1981.0,0.0,Polio,All,6.4423076923076925,0.0,0.0,,2.0071809744483544,-0.32282260154238585,0.0,0.0,0.0,6.4423076923076925,0.0,22.671,6.4423076923076925,6.4423076923076925,0.0,6.4423076923076925,0.0,0.0,0.0,0.0
13,1981.0,0.0,Polio,All,6.4423076923076925,0.0,0.0,,2.0071809744483544,-0.32282260154238585,0.0,0.0,0.0,6.4423076923076925,0.0,22.671,6.4423076923076925,6.4423076923076925,0.0,6.4423076923076925,0.0,0.0,0.0,0.0
14,1981.0,0.0,Polio,All,6.4423076923076925,0.0,0.0,,2.0071809744483544,-0.32282260154238585,0.0,0.0,0.0,6.4423076923076925,0.0,22.671,6.4423076923076925,6.4423076923076925,0.0,6.4423076923076925,0.0,0.0,0.0,0.0
15,1981.0,0.0,Polio,All,6.4423076923076925,0.0,0.0,,2.0071809744483544,-0.32282260154238585,0.0,0.0,0.0,6.4423076923076925,0.0,22.671,6.4423076923076925,6.4423076923076925,0.0,6.4423076923076925,0.0,0.0,0.0,0.0
16,1981.0,0.0,Polio,All,6.4423076923076925,0.0,0.0,,2.0071809744483544,-0.32282260154238585,0.0,0.0,0.0,6.4423076923076925,0.0,22.671,6.4423076923076925,6.4423076923076925,0.0,6.4423076923076925,0.0,0.0,0.0,0.0
17,1981.0,0.0,Polio,All,6.4423076923076925,0.0,0.0,,2.0071809744483544,-0.32282260154238585,0.0,0.0,0.0,6.4423076923076925,0.0,22.671,6.4423076923076925,6.4423076923076925,0.0,6.4423076923076925,0.0,0.0,0.0,0.0
18,1981.0,0.0,Polio,All,6.4423076923076925,0.0,0.0,,2.0071809744483544,-0.32282260154238585,0.0,0.0,0.0,6.4423076923076925,0.0,22.671,6.4423076923076925,6.4423076923076925,0.0,6.4423076923076925,0.0,0.0,0.0,0.0
19,1981.0,0.0,Polio,All,6.4423076923076925,0.0,0.0,,2.0071809744483544,-0.32282260154238585,0.0,0.0,0.0,6.4423076923076925,0.0,22.671,6.4423076923076925,6.4423076923076925,0.0,6.4423076923076925,0.0,0.0,0.0,0.0
20,1981.0,0.0,Polio,All,6.4423076923076925,0.0,0.0,,2.0071809744483544,-0.32282260154238585,0.0,0.0,0.0,6.4423076923076925,0.0,22.671,6.4423076923076925,6.4423076923076925,0.0,6.4423076923076925,0.0,0.0,0.0,0.0
21,1981.0,0.0,Polio,All,6.4423076923076925,0.0,0.0,,2.0071809744483544,-0.32282260154238585,0.0,0.0,0.0,6.4423076923076925,0.0,22.671,6.4423076923076925,6.4423076923076925,0.0,6.4423076923076925,0.0,0.0,0.0,0.0
22,1981.0,0.0,Polio,All,6.4423076923076925,0.0,0.0,,2.0071809744483544,-0.32282260154238585,0.0,0.0,0.0,6.4423076923076925,0.0,22.671,6.4423076923076925,6.4423076923076925,0.0,6.4423076923076925,0.0,0.0,0.0,0.0
23,1981.0,0.0,Polio,All,6.4423076923076925,0.0,0.0,,2.0071809744483544,-0.32282260154238585,0.0,0.0,0.0,6.4423076923076925,0.0,22.671,6.4423076923076925,6.4423076923076925,0.0,6.4423076923076925,0.0,0.0,0.0,0.0
24,1981.0,0.0,Polio,All,6.4423076923076925,0.0,0.0,,2.0071809744483544,-0.32282260154238585,0.0,0.0,0.0,6.4423076923076925,0.0,22.671,6.4423076923076925,6.4423076923076925,0.0,6.4423076923076925,0.0,0.0,0.0,0.0
25,1981.0,0.0,Polio,All,6.4423076923076925,0.0,0.0,,2.0071809744483544,-0.32282260154238585,0.0,0.0,0.0,6.4423076923076925,0.0,22.671,6.4423076923076925,6.4423076923076925,0.0,6.4423076923076925,0.0,0.0,0.0,0.0
26,1981.0,0.0,Polio,All,6.4423076923076925,0.0,0.0,,2.0071809744483544,-0.32282260154238585,0.0,0.0,0.0,6.4423076923076925,0.0,22.671,6.4423076923076925,6.4423076923076925,0.0,6.4423076923076925,0.0,0.0,0.0,0.0
27,1981.0,0.0,Polio,All,6.4423076923076925,0.0,0.0,,2.0071809744483544,-0.32282260154238585,0.0,0.0,0.0,6.4423076923076925,0.0,22.671,6.4423076923076925,6.4423076923076925,0.0,6.4423076923076925,0.0,0.0,0.0,0.0
28,1981.0,0.0,Polio,All,6.4423076923076925,0.0,0.0,,2.0071809744483544,-0.32282260154238585,0.0,0.0,0.0,6.4423076923076925,0.0,22.671,6.4423076923076925,6.4423076923076925,0.0,6.4423076923076925,0.0,0.0,0.0,0.0
29,1981.0,0.0,Polio,All,6.4423076923076925,0.0,0.0,,2.0071809744483544,-0.32282260154238585,0.0,0.0,0.0,6.4423076923076925,0.0,22.671,6.4423076923076925,6.4423076923076925,0.0,6.4423076923076925,0.0,0.0,0.0,0.0
30,1981.0,0.0,Polio,All,6.4423076923076925,0.0,0.0,,2.0071809744483544,-0.32282260154238585,0.0,0.0,0.0,6.4423076923076925,0.0,22.671,6.4423076923076925,6.4423076923076925,0.0,6.4423076923076925,0.0,0.0,0.0,0.0
31,1981.0,0.0,Polio,All,6.4423076923076925,0.0,0.0,,2.0071809744483544,-0.32282260154238585,0.0,0.0,0.0,6.4423076923076925,0.0,22.671,6.4423076923076925,6.4423076923076925,0.0,6.4423076923076925,0.0,0.0,0.0,0.0
32,1981.0,0.0,Polio,All,6.4423076923076925,0.0,0.0,,2.0071809744483544,-0.32282260154238585,0.0,0.0,0.0,6.4423076923076925,0.0,22.671,6.4423076923076925,6.4423076923076925,0.0,6.4423076923076925,0.0,0.0,0.0,0.0
33,1981.0,0.0,Polio,All,6.4423076923076925,0.0,0.0,,2.0071809744483544,-0.32282260154238585,0.0,0.0,0.0,6.4423076923076925,0.0,22.671,6.4423076923076925,6.4423076923076925,0.0,6.4423076923076925,0.0,0.0,0.0,0.0
34,1981.0,0.0,Polio,All,6.4423076923076925,0.0,0.0,,2.0071809744483544,-0.32282260154238585,0.0,0.0,0.0,6.4423076923076925,0.0,22.671,6.4423076923076925,6.4423076923076925,0.0,6.4423076923076925,0.0,0.0,0.0,0.0
35,1981.0,0.0,Polio,All,6.4423076923076925,0.0,0.0,,2.0071809744483544,-0.32282260154238585,0.0,0.0,0.0,6.4423076923076925,0.0,22.671,6.4423076923076925,6.4423076923076925,0.0,6.4423076923076925,0.0,0.0,0.0,0.0
36,1981.0,0.0,Polio,All,6.4423076923076925,0.0,0.0,,2.0071809744483544,-0.32282260154238585,0.0,0.0,0.0,6.4423076923076925,0.0,22.671,6.4423076923076925,6.4423076923076925,0.0,6.4423076923076925,0.0,0.0,0.0,0.0
37,1981.0,0.0,Polio,All,6.4423076923076925,0.0,0.0,,2.0071809744483544,-0.32282260154238585,0.0,0.0,0.0,6.4423076923076925,0.0,22.671,6.4423076923076925,6.4423076923076925,0.0,6.4423076923076925,0.0,0.0,0.0,0.0
38,1981.0,0.0,Polio,All,6.4423076923076925,0.0,0.0,,2.0071809744483544,-0.32282260154238585,0.0,0.0,0.0,6.4423076923076925,0.0,22.671,6.4423076923076925,6.4423076923076925,0.0,6.4423076923076925,0.0,0.0,0.0,0.0
39,1981.0,0.0,Polio,All,6.4423076923076925,0.0,0.0,,2.0071809744483544,-0.32282260154238585,0.0,0.0,0.0,6.4423076923076925,0.0,22.671,6.4423076923076925,6.4423076923076925,0.0,6.4423076923076925,0.0,0.0,0.0,0.0
40,1981.0,0.0,Polio,All,6.4423076923076925,0.0,0.0,,2.0071809744483544,-0.32282260154238585,0.0,0.0,0.0,6.4423076923076925,0.0,22.671,6.4423076923076925,6.4423076923076925,0.0,6.4423076923076925,0.0,0.0,0.0,0.0
41,1981.0,0.0,Polio,All,6.4423076923076925,0.0,0.0,,2.0071809744483544,-0.32282260154238585,0.0,0.0,0.0,6.4423076923076925,0.0,22.671,6.4423076923076925,6.4423076923076925,0.0,6.4423076923076925,0.0,0.0,0.0,0.0
42,1981.0,0.0,Polio,All,6.4423076923076925,0.0,0.0,,2.0071809744483544,-0.32282260154238585,0.0,0.0,0.0,6.4423076923076925,0.0,22.671,6.4423076923076925,6.4423076923076925,0.0,6.4423076923076925,0.0,0.0,0.0,0.0
43,1981.0,0.0,Polio,All,6.4423076923076925,0.0,0.0,,2.0071809744483544,-0.32282260154238585,0.0,0.0,0.0,6.4423076923076925,0.0,22.671,6.4423076923076925,6.4423076923076925,0.0,6.4423076923076925,0.0,0.0,0.0,0.0
44,1981.0,0.0,Polio,All,6.4423076923076925,0.0,0.0,,2.0071809744483544,-0.32282260154238585,0.0,0.0,0.0,6.4423076923076925,0.0,22.671,6.4423076923076925,6.4423076923076925,0.0,6.4423076923076925,0.0,0.0,0.0,0.0
45,1981.0,0.0,Polio,All,6.4423076923076925,0.0,0.0,,2.0071809744483544,-0.32282260154238585,0.0,0.0,0.0,6.4423076923076925,0.0,22.671,6.4423076923076925,6.4423076923076925,0.0,6.4423076923076925,0.0,0.0,0.0,0.0
46,1981.0,0.0,Polio,All,6.4423076923076925,0.0,0.0,,2.0071809744483544,-0.32282260154238585,0.0,0.0,0.0,6.4423076923076925,0.0,22.671,6.4423076923076925,6.4423076923076925,0.0,6.4423076923076925,0.0,0.0,0.0,0.0
47,1981.0,0.0,Polio,All,6.4423076923076925,0.0,0.0,,2.0071809744483544,-0.32282260154238585,0.0,0.0,0.0,6.4423076923076925,0.0,22.671,6.4423076923076925,6.4423076923076925,0.0,6.4423076923076925,0.0,0.0,0.0,0.0
48,1981.0,0.0,Polio,All,6.4423076923076925,0.0,0.0,,2.0071809744483544,-0.32282260154238585,0.0,0.0,0.0,6.4423076923076925,0.0,22.671,6.4423076923076925,6.4423076923076925,0.0,6.4423076923076925,0.0,0.0,0.0,0.0
49,1981.0,0.0,Polio,All,6.4423076923076925,0.0,0.0,,2.0071809744483544,-0.32282260154238585,0.0,0.0,0.0,6.4423076923076925,0.0,22.671,6.4423076923076925,6.4423076923076925,0.0,6.4423076923076925,0.0,0.0,0.0,0.0
50,1981.0,0.0,Polio,All,6.4423076923076925,0.0,0.0,,2.0071809744483544,-0.32282260154238585,0.0,0.0,0.0,6.4423076923076925,0.0,22.671,6.4423076923076925,6.4423076923076925,0.0,6.4423076923076925,0.0,0.0,0.0,0.0
51,1981.0,0.0,Polio,All,6.4423076923076925,0.0,0.0,,2.0071809744483544,-0.32282260154238585,0.0,0.0,0.0,6.4423076923076925,0.0,22.671,6.4423076923076925,6.4423076923076925,0.0,6.4423076923076925,0.0,0.0,0.0,0.0
52,1981.0,0.0,Polio,All,6.4423076923076925,0.0,0.0,,2.0071809744483544,-0.32282260154238585,0.0,0.0,0.0,6.4423076923076925,0.0,22.671,6.4423076923076925,6.4423076923076925,0.0,6.4423076923076925,0.0,0.0,0.0,0.0
1,1982.0,0.0,Polio,All,7.596153846153846,0.0,0.0,,2.1513148760321417,-0.18659311495800313,0.0,0.0,0.0,7.596153846153846,0.0,23.389,6.4423076923076925,6.4423076923076925,0.0,6.730769230769231,0.576923076923069,0.0,0.1791044776119402,0.0
2,1982.0,0.0,Polio,All,7.596153846153846,0.0,0.0,,2.1513148760321417,-0.18659311495800313,0.0,0.0,0.0,7.596153846153846,0.0,23.389,7.596153846153846,7.019230769230769,0.0,7.01923076923077,0.6661733875264848,0.0,0.0,0.0
3,1982.0,0.0,Polio,All,7.596153846153846,0.0,0.0,,2.1513148760321417,-0.18659311495800313,0.0,0.0,0.0,7.596153846153846,0.0,23.389,7.596153846153846,7.596153846153846,0.0,7.3076923076923075,0.5769230769230702,0.0,0.0,0.0
4,1982.0,0.0,Polio,All,7.596153846153846,0.0,0.0,,2.1513148760321417,-0.18659311495800313,0.0,0.0,0.0,7.596153846153846,0.0,23.389,7.596153846153846,7.596153846153846,0.0,7.596153846153846,0.0,0.0,0.0,0.0
5,1982.0,0.0,Polio,All,7.596153846153846,0.0,0.0,,2.1513148760321417,-0.18659311495800313,0.0,0.0,0.0,7.596153846153846,0.0,23.389,7.596153846153846,7.596153846153846,0.0,7.596153846153846,0.0,0.0,0.0,0.0
6,1982.0,0.0,Polio,All,7.596153846153846,0.0,0.0,,2.1513148760321417,-0.18659311495800313,0.0,0.0,0.0,7.596153846153846,0.0,23.389,7.596153846153846,7.596153846153846,0.0,7.596153846153846,0.0,0.0,0.0,0.0
7,1982.0,0.0,Polio,All,7.596153846153846,0.0,0.0,,2.1513148760321417,-0.18659311495800313,0.0,0.0,0.0,7.596153846153846,0.0,23.389,7.596153846153846,7.596153846153846,0.0,7.596153846153846,0.0,0.0,0.0,0.0
8,1982.0,0.0,Polio,All,7.596153846153846,0.0,0.0,,2.1513148760321417,-0.18659311495800313,0.0,0.0,0.0,7.596153846153846,0.0,23.389,7.596153846153846,7.596153846153846,0.0,7.596153846153846,0.0,0.0,0.0,0.0
9,1982.0,0.0,Polio,All,7.596153846153846,0.0,0.0,,2.1513148760321417,-0.18659311495800313,0.0,0.0,0.0,7.596153846153846,0.0,23.389,7.596153846153846,7.596153846153846,0.0,7.596153846153846,0.0,0.0,0.0,0.0
10,1982.0,0.0,Polio,All,7.596153846153846,0.0,0.0,,2.1513148760321417,-0.18659311495800313,0.0,0.0,0.0,7.596153846153846,0.0,23.389,7.596153846153846,7.596153846153846,0.0,7.596153846153846,0.0,0.0,0.0,0.0
11,1982.0,0.0,Polio,All,7.596153846153846,0.0,0.0,,2.1513148760321417,-0.18659311495800313,0.0,0.0,0.0,7.596153846153846,0.0,23.389,7.596153846153846,7.596153846153846,0.0,7.596153846153846,0.0,0.0,0.0,0.0
12,1982.0,0.0,Polio,All,7.596153846153846,0.0,0.0,,2.1513148760321417,-0.18659311495800313,0.0,0.0,0.0,7.596153846153846,0.0,23.389,7.596153846153846,7.596153846153846,0.0,7.596153846153846,0.0,0.0,0.0,0.0
13,1982.0,0.0,Polio,All,7.596153846153846,0.0,0.0,,2.1513148760321417,-0.18659311495800313,0.0,0.0,0.0,7.596153846153846,0.0,23.389,7.596153846153846,7.596153846153846,0.0,7.596153846153846,0.0,0.0,0.0,0.0
14,1982.0,0.0,Polio,All,7.596153846153846,0.0,0.0,,2.1513148760321417,-0.18659311495800313,0.0,0.0,0.0,7.596153846153846,0.0,23.389,7.596153846153846,7.596153846153846,0.0,7.596153846153846,0.0,0.0,0.0,0.0
15,1982.0,0.0,Polio,All,7.596153846153846,0.0,0.0,,2.1513148760321417,-0.18659311495800313,0.0,0.0,0.0,7.596153846153846,0.0,23.389,7.596153846153846,7.596153846153846,0.0,7.596153846153846,0.0,0.0,0.0,0.0
16,1982.0,0.0,Polio,All,7.596153846153846,0.0,0.0,,2.1513148760321417,-0.18659311495800313,0.0,0.0,0.0,7.596153846153846,0.0,23.389,7.596153846153846,7.596153846153846,0.0,7.596153846153846,0.0,0.0,0.0,0.0
17,1982.0,0.0,Polio,All,7.596153846153846,0.0,0.0,,2.1513148760321417,-0.18659311495800313,0.0,0.0,0.0,7.596153846153846,0.0,23.389,7.596153846153846,7.596153846153846,0.0,7.596153846153846,0.0,0.0,0.0,0.0
18,1982.0,0.0,Polio,All,7.596153846153846,0.0,0.0,,2.1513148760321417,-0.18659311495800313,0.0,0.0,0.0,7.596153846153846,0.0,23.389,7.596153846153846,7.596153846153846,0.0,7.596153846153846,0.0,0.0,0.0,0.0
19,1982.0,0.0,Polio,All,7.596153846153846,0.0,0.0,,2.1513148760321417,-0.18659311495800313,0.0,0.0,0.0,7.596153846153846,0.0,23.389,7.596153846153846,7.596153846153846,0.0,7.596153846153846,0.0,0.0,0.0,0.0
20,1982.0,0.0,Polio,All,7.596153846153846,0.0,0.0,,2.1513148760321417,-0.18659311495800313,0.0,0.0,0.0,7.596153846153846,0.0,23.389,7.596153846153846,7.596153846153846,0.0,7.596153846153846,0.0,0.0,0.0,0.0
21,1982.0,0.0,Polio,All,7.596153846153846,0.0,0.0,,2.1513148760321417,-0.18659311495800313,0.0,0.0,0.0,7.596153846153846,0.0,23.389,7.596153846153846,7.596153846153846,0.0,7.596153846153846,0.0,0.0,0.0,0.0
22,1982.0,0.0,Polio,All,7.596153846153846,0.0,0.0,,2.1513148760321417,-0.18659311495800313,0.0,0.0,0.0,7.596153846153846,0.0,23.389,7.596153846153846,7.596153846153846,0.0,7.596153846153846,0.0,0.0,0.0,0.0
23,1982.0,0.0,Polio,All,7.596153846153846,0.0,0.0,,2.1513148760321417,-0.18659311495800313,0.0,0.0,0.0,7.596153846153846,0.0,23.389,7.596153846153846,7.596153846153846,0.0,7.596153846153846,0.0,0.0,0.0,0.0
24,1982.0,0.0,Polio,All,7.596153846153846,0.0,0.0,,2.1513148760321417,-0.18659311495800313,0.0,0.0,0.0,7.596153846153846,0.0,23.389,7.596153846153846,7.596153846153846,0.0,7.596153846153846,0.0,0.0,0.0,0.0
25,1982.0,0.0,Polio,All,7.596153846153846,0.0,0.0,,2.1513148760321417,-0.18659311495800313,0.0,0.0,0.0,7.596153846153846,0.0,23.389,7.596153846153846,7.596153846153846,0.0,7.596153846153846,0.0,0.0,0.0,0.0
26,1982.0,0.0,Polio,All,7.596153846153846,0.0,0.0,,2.1513148760321417,-0.18659311495800313,0.0,0.0,0.0,7.596153846153846,0.0,23.389,7.596153846153846,7.596153846153846,0.0,7.596153846153846,0.0,0.0,0.0,0.0
27,1982.0,0.0,Polio,All,7.596153846153846,0.0,0.0,,2.1513148760321417,-0.18659311495800313,0.0,0.0,0.0,7.596153846153846,0.0,23.389,7.596153846153846,7.596153846153846,0.0,7.596153846153846,0.0,0.0,0.0,0.0
28,1982.0,0.0,Polio,All,7.596153846153846,0.0,0.0,,2.1513148760321417,-0.18659311495800313,0.0,0.0,0.0,7.596153846153846,0.0,23.389,7.596153846153846,7.596153846153846,0.0,7.596153846153846,0.0,0.0,0.0,0.0
29,1982.0,0.0,Polio,All,7.596153846153846,0.0,0.0,,2.1513148760321417,-0.18659311495800313,0.0,0.0,0.0,7.596153846153846,0.0,23.389,7.596153846153846,7.596153846153846,0.0,7.596153846153846,0.0,0.0,0.0,0.0
30,1982.0,0.0,Polio,All,7.596153846153846,0.0,0.0,,2.1513148760321417,-0.18659311495800313,0.0,0.0,0.0,7.596153846153846,0.0,23.389,7.596153846153846,7.596153846153846,0.0,7.596153846153846,0.0,0.0,0.0,0.0
31,1982.0,0.0,Polio,All,7.596153846153846,0.0,0.0,,2.1513148760321417,-0.18659311495800313,0.0,0.0,0.0,7.596153846153846,0.0,23.389,7.596153846153846,7.596153846153846,0.0,7.596153846153846,0.0,0.0,0.0,0.0
32,1982.0,0.0,Polio,All,7.596153846153846,0.0,0.0,,2.1513148760321417,-0.18659311495800313,0.0,0.0,0.0,7.596153846153846,0.0,23.389,7.596153846153846,7.596153846153846,0.0,7.596153846153846,0.0,0.0,0.0,0.0
33,1982.0,0.0,Polio,All,7.596153846153846,0.0,0.0,,2.1513148760321417,-0.18659311495800313,0.0,0.0,0.0,7.596153846153846,0.0,23.389,7.596153846153846,7.596153846153846,0.0,7.596153846153846,0.0,0.0,0.0,0.0
34,1982.0,0.0,Polio,All,7.596153846153846,0.0,0.0,,2.1513148760321417,-0.18659311495800313,0.0,0.0,0.0,7.596153846153846,0.0,23.389,7.596153846153846,7.596153846153846,0.0,7.596153846153846,0.0,0.0,0.0,0.0
35,1982.0,0.0,Polio,All,7.596153846153846,0.0,0.0,,2.1513148760321417,-0.18659311495800313,0.0,0.0,0.0,7.596153846153846,0.0,23.389,7.596153846153846,7.596153846153846,0.0,7.596153846153846,0.0,0.0,0.0,0.0
36,1982.0,0.0,Polio,All,7.596153846153846,0.0,0.0,,2.1513148760321417,-0.18659311495800313,0.0,0.0,0.0,7.596153846153846,0.0,23.389,7.596153846153846,7.596153846153846,0.0,7.596153846153846,0.0,0.0,0.0,0.0
37,1982.0,0.0,Polio,All,7.596153846153846,0.0,0.0,,2.1513148760321417,-0.18659311495800313,0.0,0.0,0.0,7.596153846153846,0.0,23.389,7.596153846153846,7.596153846153846,0.0,7.596153846153846,0.0,0.0,0.0,0.0
38,1982.0,0.0,Polio,All,7.596153846153846,0.0,0.0,,2.1513148760321417,-0.18659311495800313,0.0,0.0,0.0,7.596153846153846,0.0,23.389,7.596153846153846,7.596153846153846,0.0,7.596153846153846,0.0,0.0,0.0,0.0
39,1982.0,0.0,Polio,All,7.596153846153846,0.0,0.0,,2.1513148760321417,-0.18659311495800313,0.0,0.0,0.0,7.596153846153846,0.0,23.389,7.596153846153846,7.596153846153846,0.0,7.596153846153846,0.0,0.0,0.0,0.0
40,1982.0,0.0,Polio,All,7.596153846153846,0.0,0.0,,2.1513148760321417,-0.18659311495800313,0.0,0.0,0.0,7.596153846153846,0.0,23.389,7.596153846153846,7.596153846153846,0.0,7.596153846153846,0.0,0.0,0.0,0.0
41,1982.0,0.0,Polio,All,7.596153846153846,0.0,0.0,,2.1513148760321417,-0.18659311495800313,0.0,0.0,0.0,7.596153846153846,0.0,23.389,7.596153846153846,7.596153846153846,0.0,7.596153846153846,0.0,0.0,0.0,0.0
42,1982.0,0.0,Polio,All,7.596153846153846,0.0,0.0,,2.1513148760321417,-0.18659311495800313,0.0,0.0,0.0,7.596153846153846,0.0,23.389,7.596153846153846,7.596153846153846,0.0,7.596153846153846,0.0,0.0,0.0,0.0
43,1982.0,0.0,Polio,All,7.596153846153846,0.0,0.0,,2.1513148760321417,-0.18659311495800313,0.0,0.0,0.0,7.596153846153846,0.0,23.389,7.596153846153846,7.596153846153846,0.0,7.596153846153846,0.0,0.0,0.0,0.0
44,1982.0,0.0,Polio,All,7.596153846153846,0.0,0.0,,2.1513148760321417,-0.18659311495800313,0.0,0.0,0.0,7.596153846153846,0.0,23.389,7.596153846153846,7.596153846153846,0.0,7.596153846153846,0.0,0.0,0.0,0.0
45,1982.0,0.0,Polio,All,7.596153846153846,0.0,0.0,,2.1513148760321417,-0.18659311495800313,0.0,0.0,0.0,7.596153846153846,0.0,23.389,7.596153846153846,7.596153846153846,0.0,7.596153846153846,0.0,0.0,0.0,0.0
46,1982.0,0.0,Polio,All,7.596153846153846,0.0,0.0,,2.1513148760321417,-0.18659311495800313,0.0,0.0,0.0,7.596153846153846,0.0,23.389,7.596153846153846,7.596153846153846,0.0,7.596153846153846,0.0,0.0,0.0,0.0
47,1982.0,0.0,Polio,All,7.596153846153846,0.0,0.0,,2.1513148760321417,-0.18659311495800313,0.0,0.0,0.0,7.596153846153846,0.0,23.389,7.596153846153846,7.596153846153846,0.0,7.596153846153846,0.0,0.0,0.0,0.0
48,1982.0,0.0,Polio,All,7.596153846153846,0.0,0.0,,2.1513148760321417,-0.18659311495800313,0.0,0.0,0.0,7.596153846153846,0.0,23.389,7.596153846153846,7.596153846153846,0.0,7.596153846153846,0.0,0.0,0.0,0.0
49,1982.0,0.0,Polio,All,7.596153846153846,0.0,0.0,,2.1513148760321417,-0.18659311495800313,0.0,0.0,0.0,7.596153846153846,0.0,23.389,7.596153846153846,7.596153846153846,0.0,7.596153846153846,0.0,0.0,0.0,0.0
50,1982.0,0.0,Polio,All,7.596153846153846,0.0,0.0,,2.1513148760321417,-0.18659311495800313,0.0,0.0,0.0,7.596153846153846,0.0,23.389,7.596153846153846,7.596153846153846,0.0,7.596153846153846,0.0,0.0,0.0,0.0
51,1982.0,0.0,Polio,All,7.596153846153846,0.0,0.0,,2.1513148760321417,-0.18659311495800313,0.0,0.0,0.0,7.596153846153846,0.0,23.389,7.596153846153846,7.596153846153846,0.0,7.596153846153846,0.0,0.0,0.0,0.0
52,1982.0,0.0,Polio,All,7.596153846153846,0.0,0.0,,2.1513148760321417,-0.18659311495800313,0.0,0.0,0.0,7.596153846153846,0.0,23.389,7.596153846153846,7.596153846153846,0.0,7.596153846153846,0.0,0.0,0.0,0.0
1,1983.0,0.0,Polio,All,7.538461538461538,0.0,0.0,,2.144580843850797,-0.19340458928722226,0.0,0.0,0.0,7.538461538461538,0.0,24.122,7.596153846153846,7.596153846153846,0.0,7.581730769230768,0.028846153846034627,0.0,-0.007594936708860733,0.0
2,1983.0,0.0,Polio,All,7.538461538461538,0.0,0.0,,2.144580843850797,-0.19340458928722226,0.0,0.0,0.0,7.538461538461538,0.0,24.122,7.538461538461538,7.567307692307692,0.0,7.567307692307692,0.03330866937622095,0.0,0.0,0.0
3,1983.0,0.0,Polio,All,7.538461538461538,0.0,0.0,,2.144580843850797,-0.19340458928722226,0.0,0.0,0.0,7.538461538461538,0.0,24.122,7.538461538461538,7.538461538461538,0.0,7.552884615384615,0.02884615384603389,0.0,0.0,0.0
4,1983.0,0.0,Polio,All,7.538461538461538,0.0,0.0,,2.144580843850797,-0.19340458928722226,0.0,0.0,0.0,7.538461538461538,0.0,24.122,7.538461538461538,7.538461538461538,0.0,7.538461538461538,0.0,0.0,0.0,0.0
5,1983.0,0.0,Polio,All,7.538461538461538,0.0,0.0,,2.144580843850797,-0.19340458928722226,0.0,0.0,0.0,7.538461538461538,0.0,24.122,7.538461538461538,7.538461538461538,0.0,7.538461538461538,0.0,0.0,0.0,0.0
6,1983.0,0.0,Polio,All,7.538461538461538,0.0,0.0,,2.144580843850797,-0.19340458928722226,0.0,0.0,0.0,7.538461538461538,0.0,24.122,7.538461538461538,7.538461538461538,0.0,7.538461538461538,0.0,0.0,0.0,0.0
7,1983.0,0.0,Polio,All,7.538461538461538,0.0,0.0,,2.144580843850797,-0.19340458928722226,0.0,0.0,0.0,7.538461538461538,0.0,24.122,7.538461538461538,7.538461538461538,0.0,7.538461538461538,0.0,0.0,0.0,0.0
8,1983.0,0.0,Polio,All,7.538461538461538,0.0,0.0,,2.144580843850797,-0.19340458928722226,0.0,0.0,0.0,7.538461538461538,0.0,24.122,7.538461538461538,7.538461538461538,0.0,7.538461538461538,0.0,0.0,0.0,0.0
9,1983.0,0.0,Polio,All,7.538461538461538,0.0,0.0,,2.144580843850797,-0.19340458928722226,0.0,0.0,0.0,7.538461538461538,0.0,24.122,7.538461538461538,7.538461538461538,0.0,7.538461538461538,0.0,0.0,0.0,0.0
10,1983.0,0.0,Polio,All,7.538461538461538,0.0,0.0,,2.144580843850797,-0.19340458928722226,0.0,0.0,0.0,7.538461538461538,0.0,24.122,7.538461538461538,7.538461538461538,0.0,7.538461538461538,0.0,0.0,0.0,0.0
11,1983.0,0.0,Polio,All,7.538461538461538,0.0,0.0,,2.144580843850797,-0.19340458928722226,0.0,0.0,0.0,7.538461538461538,0.0,24.122,7.538461538461538,7.538461538461538,0.0,7.538461538461538,0.0,0.0,0.0,0.0
12,1983.0,0.0,Polio,All,7.538461538461538,0.0,0.0,,2.144580843850797,-0.19340458928722226,0.0,0.0,0.0,7.538461538461538,0.0,24.122,7.538461538461538,7.538461538461538,0.0,7.538461538461538,0.0,0.0,0.0,0.0
13,1983.0,0.0,Polio,All,7.538461538461538,0.0,0.0,,2.144580843850797,-0.19340458928722226,0.0,0.0,0.0,7.538461538461538,0.0,24.122,7.538461538461538,7.538461538461538,0.0,7.538461538461538,0.0,0.0,0.0,0.0
14,1983.0,0.0,Polio,All,7.538461538461538,0.0,0.0,,2.144580843850797,-0.19340458928722226,0.0,0.0,0.0,7.538461538461538,0.0,24.122,7.538461538461538,7.538461538461538,0.0,7.538461538461538,0.0,0.0,0.0,0.0
15,1983.0,0.0,Polio,All,7.538461538461538,0.0,0.0,,2.144580843850797,-0.19340458928722226,0.0,0.0,0.0,7.538461538461538,0.0,24.122,7.538461538461538,7.538461538461538,0.0,7.538461538461538,0.0,0.0,0.0,0.0
16,1983.0,0.0,Polio,All,7.538461538461538,0.0,0.0,,2.144580843850797,-0.19340458928722226,0.0,0.0,0.0,7.538461538461538,0.0,24.122,7.538461538461538,7.538461538461538,0.0,7.538461538461538,0.0,0.0,0.0,0.0
17,1983.0,0.0,Polio,All,7.538461538461538,0.0,0.0,,2.144580843850797,-0.19340458928722226,0.0,0.0,0.0,7.538461538461538,0.0,24.122,7.538461538461538,7.538461538461538,0.0,7.538461538461538,0.0,0.0,0.0,0.0
18,1983.0,0.0,Polio,All,7.538461538461538,0.0,0.0,,2.144580843850797,-0.19340458928722226,0.0,0.0,0.0,7.538461538461538,0.0,24.122,7.538461538461538,7.538461538461538,0.0,7.538461538461538,0.0,0.0,0.0,0.0
19,1983.0,0.0,Polio,All,7.538461538461538,0.0,0.0,,2.144580843850797,-0.19340458928722226,0.0,0.0,0.0,7.538461538461538,0.0,24.122,7.538461538461538,7.538461538461538,0.0,7.538461538461538,0.0,0.0,0.0,0.0
20,1983.0,0.0,Polio,All,7.538461538461538,0.0,0.0,,2.144580843850797,-0.19340458928722226,0.0,0.0,0.0,7.538461538461538,0.0,24.122,7.538461538461538,7.538461538461538,0.0,7.538461538461538,0.0,0.0,0.0,0.0
21,1983.0,0.0,Polio,All,7.538461538461538,0.0,0.0,,2.144580843850797,-0.19340458928722226,0.0,0.0,0.0,7.538461538461538,0.0,24.122,7.538461538461538,7.538461538461538,0.0,7.538461538461538,0.0,0.0,0.0,0.0
22,1983.0,0.0,Polio,All,7.538461538461538,0.0,0.0,,2.144580843850797,-0.19340458928722226,0.0,0.0,0.0,7.538461538461538,0.0,24.122,7.538461538461538,7.538461538461538,0.0,7.538461538461538,0.0,0.0,0.0,0.0
23,1983.0,0.0,Polio,All,7.538461538461538,0.0,0.0,,2.144580843850797,-0.19340458928722226,0.0,0.0,0.0,7.538461538461538,0.0,24.122,7.538461538461538,7.538461538461538,0.0,7.538461538461538,0.0,0.0,0.0,0.0
24,1983.0,0.0,Polio,All,7.538461538461538,0.0,0.0,,2.144580843850797,-0.19340458928722226,0.0,0.0,0.0,7.538461538461538,0.0,24.122,7.538461538461538,7.538461538461538,0.0,7.538461538461538,0.0,0.0,0.0,0.0
25,1983.0,0.0,Polio,All,7.538461538461538,0.0,0.0,,2.144580843850797,-0.19340458928722226,0.0,0.0,0.0,7.538461538461538,0.0,24.122,7.538461538461538,7.538461538461538,0.0,7.538461538461538,0.0,0.0,0.0,0.0
26,1983.0,0.0,Polio,All,7.538461538461538,0.0,0.0,,2.144580843850797,-0.19340458928722226,0.0,0.0,0.0,7.538461538461538,0.0,24.122,7.538461538461538,7.538461538461538,0.0,7.538461538461538,0.0,0.0,0.0,0.0
27,1983.0,0.0,Polio,All,7.538461538461538,0.0,0.0,,2.144580843850797,-0.19340458928722226,0.0,0.0,0.0,7.538461538461538,0.0,24.122,7.538461538461538,7.538461538461538,0.0,7.538461538461538,0.0,0.0,0.0,0.0
28,1983.0,0.0,Polio,All,7.538461538461538,0.0,0.0,,2.144580843850797,-0.19340458928722226,0.0,0.0,0.0,7.538461538461538,0.0,24.122,7.538461538461538,7.538461538461538,0.0,7.538461538461538,0.0,0.0,0.0,0.0
29,1983.0,0.0,Polio,All,7.538461538461538,0.0,0.0,,2.144580843850797,-0.19340458928722226,0.0,0.0,0.0,7.538461538461538,0.0,24.122,7.538461538461538,7.538461538461538,0.0,7.538461538461538,0.0,0.0,0.0,0.0
30,1983.0,0.0,Polio,All,7.538461538461538,0.0,0.0,,2.144580843850797,-0.19340458928722226,0.0,0.0,0.0,7.538461538461538,0.0,24.122,7.538461538461538,7.538461538461538,0.0,7.538461538461538,0.0,0.0,0.0,0.0
31,1983.0,0.0,Polio,All,7.538461538461538,0.0,0.0,,2.144580843850797,-0.19340458928722226,0.0,0.0,0.0,7.538461538461538,0.0,24.122,7.538461538461538,7.538461538461538,0.0,7.538461538461538,0.0,0.0,0.0,0.0
32,1983.0,0.0,Polio,All,7.538461538461538,0.0,0.0,,2.144580843850797,-0.19340458928722226,0.0,0.0,0.0,7.538461538461538,0.0,24.122,7.538461538461538,7.538461538461538,0.0,7.538461538461538,0.0,0.0,0.0,0.0
33,1983.0,0.0,Polio,All,7.538461538461538,0.0,0.0,,2.144580843850797,-0.19340458928722226,0.0,0.0,0.0,7.538461538461538,0.0,24.122,7.538461538461538,7.538461538461538,0.0,7.538461538461538,0.0,0.0,0.0,0.0
34,1983.0,0.0,Polio,All,7.538461538461538,0.0,0.0,,2.144580843850797,-0.19340458928722226,0.0,0.0,0.0,7.538461538461538,0.0,24.122,7.538461538461538,7.538461538461538,0.0,7.538461538461538,0.0,0.0,0.0,0.0
35,1983.0,0.0,Polio,All,7.538461538461538,0.0,0.0,,2.144580843850797,-0.19340458928722226,0.0,0.0,0.0,7.538461538461538,0.0,24.122,7.538461538461538,7.538461538461538,0.0,7.538461538461538,0.0,0.0,0.0,0.0
36,1983.0,0.0,Polio,All,7.538461538461538,0.0,0.0,,2.144580843850797,-0.19340458928722226,0.0,0.0,0.0,7.538461538461538,0.0,24.122,7.538461538461538,7.538461538461538,0.0,7.538461538461538,0.0,0.0,0.0,0.0
37,1983.0,0.0,Polio,All,7.538461538461538,0.0,0.0,,2.144580843850797,-0.19340458928722226,0.0,0.0,0.0,7.538461538461538,0.0,24.122,7.538461538461538,7.538461538461538,0.0,7.538461538461538,0.0,0.0,0.0,0.0
38,1983.0,0.0,Polio,All,7.538461538461538,0.0,0.0,,2.144580843850797,-0.19340458928722226,0.0,0.0,0.0,7.538461538461538,0.0,24.122,7.538461538461538,7.538461538461538,0.0,7.538461538461538,0.0,0.0,0.0,0.0
39,1983.0,0.0,Polio,All,7.538461538461538,0.0,0.0,,2.144580843850797,-0.19340458928722226,0.0,0.0,0.0,7.538461538461538,0.0,24.122,7.538461538461538,7.538461538461538,0.0,7.538461538461538,0.0,0.0,0.0,0.0
40,1983.0,0.0,Polio,All,7.538461538461538,0.0,0.0,,2.144580843850797,-0.19340458928722226,0.0,0.0,0.0,7.538461538461538,0.0,24.122,7.538461538461538,7.538461538461538,0.0,7.538461538461538,0.0,0.0,0.0,0.0
41,1983.0,0.0,Polio,All,7.538461538461538,0.0,0.0,,2.144580843850797,-0.19340458928722226,0.0,0.0,0.0,7.538461538461538,0.0,24.122,7.538461538461538,7.538461538461538,0.0,7.538461538461538,0.0,0.0,0.0,0.0
42,1983.0,0.0,Polio,All,7.538461538461538,0.0,0.0,,2.144580843850797,-0.19340458928722226,0.0,0.0,0.0,7.538461538461538,0.0,24.122,7.538461538461538,7.538461538461538,0.0,7.538461538461538,0.0,0.0,0.0,0.0
43,1983.0,0.0,Polio,All,7.538461538461538,0.0,0.0,,2.144580843850797,-0.19340458928722226,0.0,0.0,0.0,7.538461538461538,0.0,24.122,7.538461538461538,7.538461538461538,0.0,7.538461538461538,0.0,0.0,0.0,0.0
44,1983.0,0.0,Polio,All,7.538461538461538,0.0,0.0,,2.144580843850797,-0.19340458928722226,0.0,0.0,0.0,7.538461538461538,0.0,24.122,7.538461538461538,7.538461538461538,0.0,7.538461538461538,0.0,0.0,0.0,0.0
45,1983.0,0.0,Polio,All,7.538461538461538,0.0,0.0,,2.144580843850797,-0.19340458928722226,0.0,0.0,0.0,7.538461538461538,0.0,24.122,7.538461538461538,7.538461538461538,0.0,7.538461538461538,0.0,0.0,0.0,0.0
46,1983.0,0.0,Polio,All,7.538461538461538,0.0,0.0,,2.144580843850797,-0.19340458928722226,0.0,0.0,0.0,7.538461538461538,0.0,24.122,7.538461538461538,7.538461538461538,0.0,7.538461538461538,0.0,0.0,0.0,0.0
47,1983.0,0.0,Polio,All,7.538461538461538,0.0,0.0,,2.144580843850797,-0.19340458928722226,0.0,0.0,0.0,7.538461538461538,0.0,24.122,7.538461538461538,7.538461538461538,0.0,7.538461538461538,0.0,0.0,0.0,0.0
48,1983.0,0.0,Polio,All,7.538461538461538,0.0,0.0,,2.144580843850797,-0.19340458928722226,0.0,0.0,0.0,7.538461538461538,0.0,24.122,7.538461538461538,7.538461538461538,0.0,7.538461538461538,0.0,0.0,0.0,0.0
49,1983.0,0.0,Polio,All,7.538461538461538,0.0,0.0,,2.144580843850797,-0.19340458928722226,0.0,0.0,0.0,7.538461538461538,0.0,24.122,7.538461538461538,7.538461538461538,0.0,7.538461538461538,0.0,0.0,0.0,0.0
50,1983.0,0.0,Polio,All,7.538461538461538,0.0,0.0,,2.144580843850797,-0.19340458928722226,0.0,0.0,0.0,7.538461538461538,0.0,24.122,7.538461538461538,7.538461538461538,0.0,7.538461538461538,0.0,0.0,0.0,0.0
51,1983.0,0.0,Polio,All,7.538461538461538,0.0,0.0,,2.144580843850797,-0.19340458928722226,0.0,0.0,0.0,7.538461538461538,0.0,24.122,7.538461538461538,7.538461538461538,0.0,7.538461538461538,0.0,0.0,0.0,0.0
52,1983.0,0.0,Polio,All,7.538461538461538,0.0,0.0,,2.144580843850797,-0.19340458928722226,0.0,0.0,0.0,7.538461538461538,0.0,24.122,7.538461538461538,7.538461538461538,0.0,7.538461538461538,0.0,0.0,0.0,0.0
1,1984.0,0.0,Polio,All,12.01923076923077,0.0,0.0,,2.566427554330848,0.33561991694879767,0.0,0.0,0.0,12.01923076923077,0.0,24.872,7.538461538461538,7.538461538461538,0.0,8.658653846153847,2.240384615384614,0.0,0.594387755102041,0.0
2,1984.0,0.0,Polio,All,12.01923076923077,0.0,0.0,,2.566427554330848,0.33561991694879767,0.0,0.0,0.0,12.01923076923077,0.0,24.872,12.01923076923077,9.778846153846153,0.0,9.778846153846153,2.5869733215612065,0.0,0.0,0.0
3,1984.0,0.0,Polio,All,12.01923076923077,0.0,0.0,,2.566427554330848,0.33561991694879767,0.0,0.0,0.0,12.01923076923077,0.0,24.872,12.01923076923077,12.01923076923077,0.0,10.899038461538462,2.240384615384613,0.0,0.0,0.0
4,1984.0,0.0,Polio,All,12.01923076923077,0.0,0.0,,2.566427554330848,0.33561991694879767,0.0,0.0,0.0,12.01923076923077,0.0,24.872,12.01923076923077,12.01923076923077,0.0,12.01923076923077,0.0,0.0,0.0,0.0
5,1984.0,0.0,Polio,All,12.01923076923077,0.0,0.0,,2.566427554330848,0.33561991694879767,0.0,0.0,0.0,12.01923076923077,0.0,24.872,12.01923076923077,12.01923076923077,0.0,12.01923076923077,0.0,0.0,0.0,0.0
6,1984.0,0.0,Polio,All,12.01923076923077,0.0,0.0,,2.566427554330848,0.33561991694879767,0.0,0.0,0.0,12.01923076923077,0.0,24.872,12.01923076923077,12.01923076923077,0.0,12.01923076923077,0.0,0.0,0.0,0.0
7,1984.0,0.0,Polio,All,12.01923076923077,0.0,0.0,,2.566427554330848,0.33561991694879767,0.0,0.0,0.0,12.01923076923077,0.0,24.872,12.01923076923077,12.01923076923077,0.0,12.01923076923077,0.0,0.0,0.0,0.0
8,1984.0,0.0,Polio,All,12.01923076923077,0.0,0.0,,2.566427554330848,0.33561991694879767,0.0,0.0,0.0,12.01923076923077,0.0,24.872,12.01923076923077,12.01923076923077,0.0,12.01923076923077,0.0,0.0,0.0,0.0
9,1984.0,0.0,Polio,All,12.01923076923077,0.0,0.0,,2.566427554330848,0.33561991694879767,0.0,0.0,0.0,12.01923076923077,0.0,24.872,12.01923076923077,12.01923076923077,0.0,12.01923076923077,0.0,0.0,0.0,0.0
10,1984.0,0.0,Polio,All,12.01923076923077,0.0,0.0,,2.566427554330848,0.33561991694879767,0.0,0.0,0.0,12.01923076923077,0.0,24.872,12.01923076923077,12.01923076923077,0.0,12.01923076923077,0.0,0.0,0.0,0.0
11,1984.0,0.0,Polio,All,12.01923076923077,0.0,0.0,,2.566427554330848,0.33561991694879767,0.0,0.0,0.0,12.01923076923077,0.0,24.872,12.01923076923077,12.01923076923077,0.0,12.01923076923077,0.0,0.0,0.0,0.0
12,1984.0,0.0,Polio,All,12.01923076923077,0.0,0.0,,2.566427554330848,0.33561991694879767,0.0,0.0,0.0,12.01923076923077,0.0,24.872,12.01923076923077,12.01923076923077,0.0,12.01923076923077,0.0,0.0,0.0,0.0
13,1984.0,0.0,Polio,All,12.01923076923077,0.0,0.0,,2.566427554330848,0.33561991694879767,0.0,0.0,0.0,12.01923076923077,0.0,24.872,12.01923076923077,12.01923076923077,0.0,12.01923076923077,0.0,0.0,0.0,0.0
14,1984.0,0.0,Polio,All,12.01923076923077,0.0,0.0,,2.566427554330848,0.33561991694879767,0.0,0.0,0.0,12.01923076923077,0.0,24.872,12.01923076923077,12.01923076923077,0.0,12.01923076923077,0.0,0.0,0.0,0.0
15,1984.0,0.0,Polio,All,12.01923076923077,0.0,0.0,,2.566427554330848,0.33561991694879767,0.0,0.0,0.0,12.01923076923077,0.0,24.872,12.01923076923077,12.01923076923077,0.0,12.01923076923077,0.0,0.0,0.0,0.0
16,1984.0,0.0,Polio,All,12.01923076923077,0.0,0.0,,2.566427554330848,0.33561991694879767,0.0,0.0,0.0,12.01923076923077,0.0,24.872,12.01923076923077,12.01923076923077,0.0,12.01923076923077,0.0,0.0,0.0,0.0
17,1984.0,0.0,Polio,All,12.01923076923077,0.0,0.0,,2.566427554330848,0.33561991694879767,0.0,0.0,0.0,12.01923076923077,0.0,24.872,12.01923076923077,12.01923076923077,0.0,12.01923076923077,0.0,0.0,0.0,0.0
18,1984.0,0.0,Polio,All,12.01923076923077,0.0,0.0,,2.566427554330848,0.33561991694879767,0.0,0.0,0.0,12.01923076923077,0.0,24.872,12.01923076923077,12.01923076923077,0.0,12.01923076923077,0.0,0.0,0.0,0.0
19,1984.0,0.0,Polio,All,12.01923076923077,0.0,0.0,,2.566427554330848,0.33561991694879767,0.0,0.0,0.0,12.01923076923077,0.0,24.872,12.01923076923077,12.01923076923077,0.0,12.01923076923077,0.0,0.0,0.0,0.0
20,1984.0,0.0,Polio,All,12.01923076923077,0.0,0.0,,2.566427554330848,0.33561991694879767,0.0,0.0,0.0,12.01923076923077,0.0,24.872,12.01923076923077,12.01923076923077,0.0,12.01923076923077,0.0,0.0,0.0,0.0
21,1984.0,0.0,Polio,All,12.01923076923077,0.0,0.0,,2.566427554330848,0.33561991694879767,0.0,0.0,0.0,12.01923076923077,0.0,24.872,12.01923076923077,12.01923076923077,0.0,12.01923076923077,0.0,0.0,0.0,0.0
22,1984.0,0.0,Polio,All,12.01923076923077,0.0,0.0,,2.566427554330848,0.33561991694879767,0.0,0.0,0.0,12.01923076923077,0.0,24.872,12.01923076923077,12.01923076923077,0.0,12.01923076923077,0.0,0.0,0.0,0.0
23,1984.0,0.0,Polio,All,12.01923076923077,0.0,0.0,,2.566427554330848,0.33561991694879767,0.0,0.0,0.0,12.01923076923077,0.0,24.872,12.01923076923077,12.01923076923077,0.0,12.01923076923077,0.0,0.0,0.0,0.0
24,1984.0,0.0,Polio,All,12.01923076923077,0.0,0.0,,2.566427554330848,0.33561991694879767,0.0,0.0,0.0,12.01923076923077,0.0,24.872,12.01923076923077,12.01923076923077,0.0,12.01923076923077,0.0,0.0,0.0,0.0
25,1984.0,0.0,Polio,All,12.01923076923077,0.0,0.0,,2.566427554330848,0.33561991694879767,0.0,0.0,0.0,12.01923076923077,0.0,24.872,12.01923076923077,12.01923076923077,0.0,12.01923076923077,0.0,0.0,0.0,0.0
26,1984.0,0.0,Polio,All,12.01923076923077,0.0,0.0,,2.566427554330848,0.33561991694879767,0.0,0.0,0.0,12.01923076923077,0.0,24.872,12.01923076923077,12.01923076923077,0.0,12.01923076923077,0.0,0.0,0.0,0.0
27,1984.0,0.0,Polio,All,12.01923076923077,0.0,0.0,,2.566427554330848,0.33561991694879767,0.0,0.0,0.0,12.01923076923077,0.0,24.872,12.01923076923077,12.01923076923077,0.0,12.01923076923077,0.0,0.0,0.0,0.0
28,1984.0,0.0,Polio,All,12.01923076923077,0.0,0.0,,2.566427554330848,0.33561991694879767,0.0,0.0,0.0,12.01923076923077,0.0,24.872,12.01923076923077,12.01923076923077,0.0,12.01923076923077,0.0,0.0,0.0,0.0
29,1984.0,0.0,Polio,All,12.01923076923077,0.0,0.0,,2.566427554330848,0.33561991694879767,0.0,0.0,0.0,12.01923076923077,0.0,24.872,12.01923076923077,12.01923076923077,0.0,12.01923076923077,0.0,0.0,0.0,0.0
30,1984.0,0.0,Polio,All,12.01923076923077,0.0,0.0,,2.566427554330848,0.33561991694879767,0.0,0.0,0.0,12.01923076923077,0.0,24.872,12.01923076923077,12.01923076923077,0.0,12.01923076923077,0.0,0.0,0.0,0.0
31,1984.0,0.0,Polio,All,12.01923076923077,0.0,0.0,,2.566427554330848,0.33561991694879767,0.0,0.0,0.0,12.01923076923077,0.0,24.872,12.01923076923077,12.01923076923077,0.0,12.01923076923077,0.0,0.0,0.0,0.0
32,1984.0,0.0,Polio,All,12.01923076923077,0.0,0.0,,2.566427554330848,0.33561991694879767,0.0,0.0,0.0,12.01923076923077,0.0,24.872,12.01923076923077,12.01923076923077,0.0,12.01923076923077,0.0,0.0,0.0,0.0
33,1984.0,0.0,Polio,All,12.01923076923077,0.0,0.0,,2.566427554330848,0.33561991694879767,0.0,0.0,0.0,12.01923076923077,0.0,24.872,12.01923076923077,12.01923076923077,0.0,12.01923076923077,0.0,0.0,0.0,0.0
34,1984.0,0.0,Polio,All,12.01923076923077,0.0,0.0,,2.566427554330848,0.33561991694879767,0.0,0.0,0.0,12.01923076923077,0.0,24.872,12.01923076923077,12.01923076923077,0.0,12.01923076923077,0.0,0.0,0.0,0.0
35,1984.0,0.0,Polio,All,12.01923076923077,0.0,0.0,,2.566427554330848,0.33561991694879767,0.0,0.0,0.0,12.01923076923077,0.0,24.872,12.01923076923077,12.01923076923077,0.0,12.01923076923077,0.0,0.0,0.0,0.0
36,1984.0,0.0,Polio,All,12.01923076923077,0.0,0.0,,2.566427554330848,0.33561991694879767,0.0,0.0,0.0,12.01923076923077,0.0,24.872,12.01923076923077,12.01923076923077,0.0,12.01923076923077,0.0,0.0,0.0,0.0
37,1984.0,0.0,Polio,All,12.01923076923077,0.0,0.0,,2.566427554330848,0.33561991694879767,0.0,0.0,0.0,12.01923076923077,0.0,24.872,12.01923076923077,12.01923076923077,0.0,12.01923076923077,0.0,0.0,0.0,0.0
38,1984.0,0.0,Polio,All,12.01923076923077,0.0,0.0,,2.566427554330848,0.33561991694879767,0.0,0.0,0.0,12.01923076923077,0.0,24.872,12.01923076923077,12.01923076923077,0.0,12.01923076923077,0.0,0.0,0.0,0.0
39,1984.0,0.0,Polio,All,12.01923076923077,0.0,0.0,,2.566427554330848,0.33561991694879767,0.0,0.0,0.0,12.01923076923077,0.0,24.872,12.01923076923077,12.01923076923077,0.0,12.01923076923077,0.0,0.0,0.0,0.0
40,1984.0,0.0,Polio,All,12.01923076923077,0.0,0.0,,2.566427554330848,0.33561991694879767,0.0,0.0,0.0,12.01923076923077,0.0,24.872,12.01923076923077,12.01923076923077,0.0,12.01923076923077,0.0,0.0,0.0,0.0
41,1984.0,0.0,Polio,All,12.01923076923077,0.0,0.0,,2.566427554330848,0.33561991694879767,0.0,0.0,0.0,12.01923076923077,0.0,24.872,12.01923076923077,12.01923076923077,0.0,12.01923076923077,0.0,0.0,0.0,0.0
42,1984.0,0.0,Polio,All,12.01923076923077,0.0,0.0,,2.566427554330848,0.33561991694879767,0.0,0.0,0.0,12.01923076923077,0.0,24.872,12.01923076923077,12.01923076923077,0.0,12.01923076923077,0.0,0.0,0.0,0.0
43,1984.0,0.0,Polio,All,12.01923076923077,0.0,0.0,,2.566427554330848,0.33561991694879767,0.0,0.0,0.0,12.01923076923077,0.0,24.872,12.01923076923077,12.01923076923077,0.0,12.01923076923077,0.0,0.0,0.0,0.0
44,1984.0,0.0,Polio,All,12.01923076923077,0.0,0.0,,2.566427554330848,0.33561991694879767,0.0,0.0,0.0,12.01923076923077,0.0,24.872,12.01923076923077,12.01923076923077,0.0,12.01923076923077,0.0,0.0,0.0,0.0
45,1984.0,0.0,Polio,All,12.01923076923077,0.0,0.0,,2.566427554330848,0.33561991694879767,0.0,0.0,0.0,12.01923076923077,0.0,24.872,12.01923076923077,12.01923076923077,0.0,12.01923076923077,0.0,0.0,0.0,0.0
46,1984.0,0.0,Polio,All,12.01923076923077,0.0,0.0,,2.566427554330848,0.33561991694879767,0.0,0.0,0.0,12.01923076923077,0.0,24.872,12.01923076923077,12.01923076923077,0.0,12.01923076923077,0.0,0.0,0.0,0.0
47,1984.0,0.0,Polio,All,12.01923076923077,0.0,0.0,,2.566427554330848,0.33561991694879767,0.0,0.0,0.0,12.01923076923077,0.0,24.872,12.01923076923077,12.01923076923077,0.0,12.01923076923077,0.0,0.0,0.0,0.0
48,1984.0,0.0,Polio,All,12.01923076923077,0.0,0.0,,2.566427554330848,0.33561991694879767,0.0,0.0,0.0,12.01923076923077,0.0,24.872,12.01923076923077,12.01923076923077,0.0,12.01923076923077,0.0,0.0,0.0,0.0
49,1984.0,0.0,Polio,All,12.01923076923077,0.0,0.0,,2.566427554330848,0.33561991694879767,0.0,0.0,0.0,12.01923076923077,0.0,24.872,12.01923076923077,12.01923076923077,0.0,12.01923076923077,0.0,0.0,0.0,0.0
50,1984.0,0.0,Polio,All,12.01923076923077,0.0,0.0,,2.566427554330848,0.33561991694879767,0.0,0.0,0.0,12.01923076923077,0.0,24.872,12.01923076923077,12.01923076923077,0.0,12.01923076923077,0.0,0.0,0.0,0.0
51,1984.0,0.0,Polio,All,12.01923076923077,0.0,0.0,,2.566427554330848,0.33561991694879767,0.0,0.0,0.0,12.01923076923077,0.0,24.872,12.01923076923077,12.01923076923077,0.0,12.01923076923077,0.0,0.0,0.0,0.0
52,1984.0,0.0,Polio,All,12.01923076923077,0.0,0.0,,2.566427554330848,0.33561991694879767,0.0,0.0,0.0,12.01923076923077,0.0,24.872,12.01923076923077,12.01923076923077,0.0,12.01923076923077,0.0,0.0,0.0,0.0
1,1985.0,0.0,Polio,All,18.442307692307693,0.0,0.0,,2.967451500439044,1.093964058935195,0.0,0.0,0.0,18.442307692307693,0.0,25.635,12.01923076923077,12.01923076923077,0.0,13.625,3.2115384615384586,0.0,0.5344,0.0
2,1985.0,0.0,Polio,All,18.442307692307693,0.0,0.0,,2.967451500439044,1.093964058935195,0.0,0.0,0.0,18.442307692307693,0.0,25.635,18.442307692307693,15.230769230769232,0.0,15.23076923076923,3.7083651905641313,0.0,0.0,0.0
3,1985.0,0.0,Polio,All,18.442307692307693,0.0,0.0,,2.967451500439044,1.093964058935195,0.0,0.0,0.0,18.442307692307693,0.0,25.635,18.442307692307693,18.442307692307693,0.0,16.836538461538463,3.2115384615384563,0.0,0.0,0.0
4,1985.0,0.0,Polio,All,18.442307692307693,0.0,0.0,,2.967451500439044,1.093964058935195,0.0,0.0,0.0,18.442307692307693,0.0,25.635,18.442307692307693,18.442307692307693,0.0,18.442307692307693,0.0,0.0,0.0,0.0
5,1985.0,0.0,Polio,All,18.442307692307693,0.0,0.0,,2.967451500439044,1.093964058935195,0.0,0.0,0.0,18.442307692307693,0.0,25.635,18.442307692307693,18.442307692307693,0.0,18.442307692307693,0.0,0.0,0.0,0.0
6,1985.0,0.0,Polio,All,18.442307692307693,0.0,0.0,,2.967451500439044,1.093964058935195,0.0,0.0,0.0,18.442307692307693,0.0,25.635,18.442307692307693,18.442307692307693,0.0,18.442307692307693,0.0,0.0,0.0,0.0
7,1985.0,0.0,Polio,All,18.442307692307693,0.0,0.0,,2.967451500439044,1.093964058935195,0.0,0.0,0.0,18.442307692307693,0.0,25.635,18.442307692307693,18.442307692307693,0.0,18.442307692307693,0.0,0.0,0.0,0.0
8,1985.0,0.0,Polio,All,18.442307692307693,0.0,0.0,,2.967451500439044,1.093964058935195,0.0,0.0,0.0,18.442307692307693,0.0,25.635,18.442307692307693,18.442307692307693,0.0,18.442307692307693,0.0,0.0,0.0,0.0
9,1985.0,0.0,Polio,All,18.442307692307693,0.0,0.0,,2.967451500439044,1.093964058935195,0.0,0.0,0.0,18.442307692307693,0.0,25.635,18.442307692307693,18.442307692307693,0.0,18.442307692307693,0.0,0.0,0.0,0.0
10,1985.0,0.0,Polio,All,18.442307692307693,0.0,0.0,,2.967451500439044,1.093964058935195,0.0,0.0,0.0,18.442307692307693,0.0,25.635,18.442307692307693,18.442307692307693,0.0,18.442307692307693,0.0,0.0,0.0,0.0
11,1985.0,0.0,Polio,All,18.442307692307693,0.0,0.0,,2.967451500439044,1.093964058935195,0.0,0.0,0.0,18.442307692307693,0.0,25.635,18.442307692307693,18.442307692307693,0.0,18.442307692307693,0.0,0.0,0.0,0.0
12,1985.0,0.0,Polio,All,18.442307692307693,0.0,0.0,,2.967451500439044,1.093964058935195,0.0,0.0,0.0,18.442307692307693,0.0,25.635,18.442307692307693,18.442307692307693,0.0,18.442307692307693,0.0,0.0,0.0,0.0
13,1985.0,0.0,Polio,All,18.442307692307693,0.0,0.0,,2.967451500439044,1.093964058935195,0.0,0.0,0.0,18.442307692307693,0.0,25.635,18.442307692307693,18.442307692307693,0.0,18.442307692307693,0.0,0.0,0.0,0.0
14,1985.0,0.0,Polio,All,18.442307692307693,0.0,0.0,,2.967451500439044,1.093964058935195,0.0,0.0,0.0,18.442307692307693,0.0,25.635,18.442307692307693,18.442307692307693,0.0,18.442307692307693,0.0,0.0,0.0,0.0
15,1985.0,0.0,Polio,All,18.442307692307693,0.0,0.0,,2.967451500439044,1.093964058935195,0.0,0.0,0.0,18.442307692307693,0.0,25.635,18.442307692307693,18.442307692307693,0.0,18.442307692307693,0.0,0.0,0.0,0.0
16,1985.0,0.0,Polio,All,18.442307692307693,0.0,0.0,,2.967451500439044,1.093964058935195,0.0,0.0,0.0,18.442307692307693,0.0,25.635,18.442307692307693,18.442307692307693,0.0,18.442307692307693,0.0,0.0,0.0,0.0
17,1985.0,0.0,Polio,All,18.442307692307693,0.0,0.0,,2.967451500439044,1.093964058935195,0.0,0.0,0.0,18.442307692307693,0.0,25.635,18.442307692307693,18.442307692307693,0.0,18.442307692307693,0.0,0.0,0.0,0.0
18,1985.0,0.0,Polio,All,18.442307692307693,0.0,0.0,,2.967451500439044,1.093964058935195,0.0,0.0,0.0,18.442307692307693,0.0,25.635,18.442307692307693,18.442307692307693,0.0,18.442307692307693,0.0,0.0,0.0,0.0
19,1985.0,0.0,Polio,All,18.442307692307693,0.0,0.0,,2.967451500439044,1.093964058935195,0.0,0.0,0.0,18.442307692307693,0.0,25.635,18.442307692307693,18.442307692307693,0.0,18.442307692307693,0.0,0.0,0.0,0.0
20,1985.0,0.0,Polio,All,18.442307692307693,0.0,0.0,,2.967451500439044,1.093964058935195,0.0,0.0,0.0,18.442307692307693,0.0,25.635,18.442307692307693,18.442307692307693,0.0,18.442307692307693,0.0,0.0,0.0,0.0
21,1985.0,0.0,Polio,All,18.442307692307693,0.0,0.0,,2.967451500439044,1.093964058935195,0.0,0.0,0.0,18.442307692307693,0.0,25.635,18.442307692307693,18.442307692307693,0.0,18.442307692307693,0.0,0.0,0.0,0.0
22,1985.0,0.0,Polio,All,18.442307692307693,0.0,0.0,,2.967451500439044,1.093964058935195,0.0,0.0,0.0,18.442307692307693,0.0,25.635,18.442307692307693,18.442307692307693,0.0,18.442307692307693,0.0,0.0,0.0,0.0
23,1985.0,0.0,Polio,All,18.442307692307693,0.0,0.0,,2.967451500439044,1.093964058935195,0.0,0.0,0.0,18.442307692307693,0.0,25.635,18.442307692307693,18.442307692307693,0.0,18.442307692307693,0.0,0.0,0.0,0.0
24,1985.0,0.0,Polio,All,18.442307692307693,0.0,0.0,,2.967451500439044,1.093964058935195,0.0,0.0,0.0,18.442307692307693,0.0,25.635,18.442307692307693,18.442307692307693,0.0,18.442307692307693,0.0,0.0,0.0,0.0
25,1985.0,0.0,Polio,All,18.442307692307693,0.0,0.0,,2.967451500439044,1.093964058935195,0.0,0.0,0.0,18.442307692307693,0.0,25.635,18.442307692307693,18.442307692307693,0.0,18.442307692307693,0.0,0.0,0.0,0.0
26,1985.0,0.0,Polio,All,18.442307692307693,0.0,0.0,,2.967451500439044,1.093964058935195,0.0,0.0,0.0,18.442307692307693,0.0,25.635,18.442307692307693,18.442307692307693,0.0,18.442307692307693,0.0,0.0,0.0,0.0
27,1985.0,0.0,Polio,All,18.442307692307693,0.0,0.0,,2.967451500439044,1.093964058935195,0.0,0.0,0.0,18.442307692307693,0.0,25.635,18.442307692307693,18.442307692307693,0.0,18.442307692307693,0.0,0.0,0.0,0.0
28,1985.0,0.0,Polio,All,18.442307692307693,0.0,0.0,,2.967451500439044,1.093964058935195,0.0,0.0,0.0,18.442307692307693,0.0,25.635,18.442307692307693,18.442307692307693,0.0,18.442307692307693,0.0,0.0,0.0,0.0
29,1985.0,0.0,Polio,All,18.442307692307693,0.0,0.0,,2.967451500439044,1.093964058935195,0.0,0.0,0.0,18.442307692307693,0.0,25.635,18.442307692307693,18.442307692307693,0.0,18.442307692307693,0.0,0.0,0.0,0.0
30,1985.0,0.0,Polio,All,18.442307692307693,0.0,0.0,,2.967451500439044,1.093964058935195,0.0,0.0,0.0,18.442307692307693,0.0,25.635,18.442307692307693,18.442307692307693,0.0,18.442307692307693,0.0,0.0,0.0,0.0
31,1985.0,0.0,Polio,All,18.442307692307693,0.0,0.0,,2.967451500439044,1.093964058935195,0.0,0.0,0.0,18.442307692307693,0.0,25.635,18.442307692307693,18.442307692307693,0.0,18.442307692307693,0.0,0.0,0.0,0.0
32,1985.0,0.0,Polio,All,18.442307692307693,0.0,0.0,,2.967451500439044,1.093964058935195,0.0,0.0,0.0,18.442307692307693,0.0,25.635,18.442307692307693,18.442307692307693,0.0,18.442307692307693,0.0,0.0,0.0,0.0
33,1985.0,0.0,Polio,All,18.442307692307693,0.0,0.0,,2.967451500439044,1.093964058935195,0.0,0.0,0.0,18.442307692307693,0.0,25.635,18.442307692307693,18.442307692307693,0.0,18.442307692307693,0.0,0.0,0.0,0.0
34,1985.0,0.0,Polio,All,18.442307692307693,0.0,0.0,,2.967451500439044,1.093964058935195,0.0,0.0,0.0,18.442307692307693,0.0,25.635,18.442307692307693,18.442307692307693,0.0,18.442307692307693,0.0,0.0,0.0,0.0
35,1985.0,0.0,Polio,All,18.442307692307693,0.0,0.0,,2.967451500439044,1.093964058935195,0.0,0.0,0.0,18.442307692307693,0.0,25.635,18.442307692307693,18.442307692307693,0.0,18.442307692307693,0.0,0.0,0.0,0.0
36,1985.0,0.0,Polio,All,18.442307692307693,0.0,0.0,,2.967451500439044,1.093964058935195,0.0,0.0,0.0,18.442307692307693,0.0,25.635,18.442307692307693,18.442307692307693,0.0,18.442307692307693,0.0,0.0,0.0,0.0
37,1985.0,0.0,Polio,All,18.442307692307693,0.0,0.0,,2.967451500439044,1.093964058935195,0.0,0.0,0.0,18.442307692307693,0.0,25.635,18.442307692307693,18.442307692307693,0.0,18.442307692307693,0.0,0.0,0.0,0.0
38,1985.0,0.0,Polio,All,18.442307692307693,0.0,0.0,,2.967451500439044,1.093964058935195,0.0,0.0,0.0,18.442307692307693,0.0,25.635,18.442307692307693,18.442307692307693,0.0,18.442307692307693,0.0,0.0,0.0,0.0
39,1985.0,0.0,Polio,All,18.442307692307693,0.0,0.0,,2.967451500439044,1.093964058935195,0.0,0.0,0.0,18.442307692307693,0.0,25.635,18.442307692307693,18.442307692307693,0.0,18.442307692307693,0.0,0.0,0.0,0.0
40,1985.0,0.0,Polio,All,18.442307692307693,0.0,0.0,,2.967451500439044,1.093964058935195,0.0,0.0,0.0,18.442307692307693,0.0,25.635,18.442307692307693,18.442307692307693,0.0,18.442307692307693,0.0,0.0,0.0,0.0
41,1985.0,0.0,Polio,All,18.442307692307693,0.0,0.0,,2.967451500439044,1.093964058935195,0.0,0.0,0.0,18.442307692307693,0.0,25.635,18.442307692307693,18.442307692307693,0.0,18.442307692307693,0.0,0.0,0.0,0.0
42,1985.0,0.0,Polio,All,18.442307692307693,0.0,0.0,,2.967451500439044,1.093964058935195,0.0,0.0,0.0,18.442307692307693,0.0,25.635,18.442307692307693,18.442307692307693,0.0,18.442307692307693,0.0,0.0,0.0,0.0
43,1985.0,0.0,Polio,All,18.442307692307693,0.0,0.0,,2.967451500439044,1.093964058935195,0.0,0.0,0.0,18.442307692307693,0.0,25.635,18.442307692307693,18.442307692307693,0.0,18.442307692307693,0.0,0.0,0.0,0.0
44,1985.0,0.0,Polio,All,18.442307692307693,0.0,0.0,,2.967451500439044,1.093964058935195,0.0,0.0,0.0,18.442307692307693,0.0,25.635,18.442307692307693,18.442307692307693,0.0,18.442307692307693,0.0,0.0,0.0,0.0
45,1985.0,0.0,Polio,All,18.442307692307693,0.0,0.0,,2.967451500439044,1.093964058935195,0.0,0.0,0.0,18.442307692307693,0.0,25.635,18.442307692307693,18.442307692307693,0.0,18.442307692307693,0.0,0.0,0.0,0.0
46,1985.0,0.0,Polio,All,18.442307692307693,0.0,0.0,,2.967451500439044,1.093964058935195,0.0,0.0,0.0,18.442307692307693,0.0,25.635,18.442307692307693,18.442307692307693,0.0,18.442307692307693,0.0,0.0,0.0,0.0
47,1985.0,0.0,Polio,All,18.442307692307693,0.0,0.0,,2.967451500439044,1.093964058935195,0.0,0.0,0.0,18.442307692307693,0.0,25.635,18.442307692307693,18.442307692307693,0.0,18.442307692307693,0.0,0.0,0.0,0.0
48,1985.0,0.0,Polio,All,18.442307692307693,0.0,0.0,,2.967451500439044,1.093964058935195,0.0,0.0,0.0,18.442307692307693,0.0,25.635,18.442307692307693,18.442307692307693,0.0,18.442307692307693,0.0,0.0,0.0,0.0
49,1985.0,0.0,Polio,All,18.442307692307693,0.0,0.0,,2.967451500439044,1.093964058935195,0.0,0.0,0.0,18.442307692307693,0.0,25.635,18.442307692307693,18.442307692307693,0.0,18.442307692307693,0.0,0.0,0.0,0.0
50,1985.0,0.0,Polio,All,18.442307692307693,0.0,0.0,,2.967451500439044,1.093964058935195,0.0,0.0,0.0,18.442307692307693,0.0,25.635,18.442307692307693,18.442307692307693,0.0,18.442307692307693,0.0,0.0,0.0,0.0
51,1985.0,0.0,Polio,All,18.442307692307693,0.0,0.0,,2.967451500439044,1.093964058935195,0.0,0.0,0.0,18.442307692307693,0.0,25.635,18.442307692307693,18.442307692307693,0.0,18.442307692307693,0.0,0.0,0.0,0.0
52,1985.0,0.0,Polio,All,18.442307692307693,0.0,0.0,,2.967451500439044,1.093964058935195,0.0,0.0,0.0,18.442307692307693,0.0,25.635,18.442307692307693,18.442307692307693,0.0,18.442307692307693,0.0,0.0,0.0,0.0
1,1986.0,0.0,Polio,All,8.711538461538462,0.0,0.0,,2.2733147106939326,-0.05490461125976639,0.0,0.0,0.0,8.711538461538462,0.0,26.414,18.442307692307693,18.442307692307693,0.0,16.009615384615383,4.865384615384612,0.0,-0.5276329509906152,0.0
2,1986.0,0.0,Polio,All,8.711538461538462,0.0,0.0,,2.2733147106939326,-0.05490461125976639,0.0,0.0,0.0,8.711538461538462,0.0,26.414,8.711538461538462,13.576923076923077,0.0,13.576923076923077,5.618062234806741,0.0,0.0,0.0
3,1986.0,0.0,Polio,All,8.711538461538462,0.0,0.0,,2.2733147106939326,-0.05490461125976639,0.0,0.0,0.0,8.711538461538462,0.0,26.414,8.711538461538462,8.711538461538462,0.0,11.144230769230768,4.865384615384614,0.0,0.0,0.0
4,1986.0,0.0,Polio,All,8.711538461538462,0.0,0.0,,2.2733147106939326,-0.05490461125976639,0.0,0.0,0.0,8.711538461538462,0.0,26.414,8.711538461538462,8.711538461538462,0.0,8.711538461538462,0.0,0.0,0.0,0.0
5,1986.0,0.0,Polio,All,8.711538461538462,0.0,0.0,,2.2733147106939326,-0.05490461125976639,0.0,0.0,0.0,8.711538461538462,0.0,26.414,8.711538461538462,8.711538461538462,0.0,8.711538461538462,0.0,0.0,0.0,0.0
6,1986.0,0.0,Polio,All,8.711538461538462,0.0,0.0,,2.2733147106939326,-0.05490461125976639,0.0,0.0,0.0,8.711538461538462,0.0,26.414,8.711538461538462,8.711538461538462,0.0,8.711538461538462,0.0,0.0,0.0,0.0
7,1986.0,0.0,Polio,All,8.711538461538462,0.0,0.0,,2.2733147106939326,-0.05490461125976639,0.0,0.0,0.0,8.711538461538462,0.0,26.414,8.711538461538462,8.711538461538462,0.0,8.711538461538462,0.0,0.0,0.0,0.0
8,1986.0,0.0,Polio,All,8.711538461538462,0.0,0.0,,2.2733147106939326,-0.05490461125976639,0.0,0.0,0.0,8.711538461538462,0.0,26.414,8.711538461538462,8.711538461538462,0.0,8.711538461538462,0.0,0.0,0.0,0.0
9,1986.0,0.0,Polio,All,8.711538461538462,0.0,0.0,,2.2733147106939326,-0.05490461125976639,0.0,0.0,0.0,8.711538461538462,0.0,26.414,8.711538461538462,8.711538461538462,0.0,8.711538461538462,0.0,0.0,0.0,0.0
10,1986.0,0.0,Polio,All,8.711538461538462,0.0,0.0,,2.2733147106939326,-0.05490461125976639,0.0,0.0,0.0,8.711538461538462,0.0,26.414,8.711538461538462,8.711538461538462,0.0,8.711538461538462,0.0,0.0,0.0,0.0
11,1986.0,0.0,Polio,All,8.711538461538462,0.0,0.0,,2.2733147106939326,-0.05490461125976639,0.0,0.0,0.0,8.711538461538462,0.0,26.414,8.711538461538462,8.711538461538462,0.0,8.711538461538462,0.0,0.0,0.0,0.0
12,1986.0,0.0,Polio,All,8.711538461538462,0.0,0.0,,2.2733147106939326,-0.05490461125976639,0.0,0.0,0.0,8.711538461538462,0.0,26.414,8.711538461538462,8.711538461538462,0.0,8.711538461538462,0.0,0.0,0.0,0.0
13,1986.0,0.0,Polio,All,8.711538461538462,0.0,0.0,,2.2733147106939326,-0.05490461125976639,0.0,0.0,0.0,8.711538461538462,0.0,26.414,8.711538461538462,8.711538461538462,0.0,8.711538461538462,0.0,0.0,0.0,0.0
14,1986.0,0.0,Polio,All,8.711538461538462,0.0,0.0,,2.2733147106939326,-0.05490461125976639,0.0,0.0,0.0,8.711538461538462,0.0,26.414,8.711538461538462,8.711538461538462,0.0,8.711538461538462,0.0,0.0,0.0,0.0
15,1986.0,0.0,Polio,All,8.711538461538462,0.0,0.0,,2.2733147106939326,-0.05490461125976639,0.0,0.0,0.0,8.711538461538462,0.0,26.414,8.711538461538462,8.711538461538462,0.0,8.711538461538462,0.0,0.0,0.0,0.0
16,1986.0,0.0,Polio,All,8.711538461538462,0.0,0.0,,2.2733147106939326,-0.05490461125976639,0.0,0.0,0.0,8.711538461538462,0.0,26.414,8.711538461538462,8.711538461538462,0.0,8.711538461538462,0.0,0.0,0.0,0.0
17,1986.0,0.0,Polio,All,8.711538461538462,0.0,0.0,,2.2733147106939326,-0.05490461125976639,0.0,0.0,0.0,8.711538461538462,0.0,26.414,8.711538461538462,8.711538461538462,0.0,8.711538461538462,0.0,0.0,0.0,0.0
18,1986.0,0.0,Polio,All,8.711538461538462,0.0,0.0,,2.2733147106939326,-0.05490461125976639,0.0,0.0,0.0,8.711538461538462,0.0,26.414,8.711538461538462,8.711538461538462,0.0,8.711538461538462,0.0,0.0,0.0,0.0
19,1986.0,0.0,Polio,All,8.711538461538462,0.0,0.0,,2.2733147106939326,-0.05490461125976639,0.0,0.0,0.0,8.711538461538462,0.0,26.414,8.711538461538462,8.711538461538462,0.0,8.711538461538462,0.0,0.0,0.0,0.0
20,1986.0,0.0,Polio,All,8.711538461538462,0.0,0.0,,2.2733147106939326,-0.05490461125976639,0.0,0.0,0.0,8.711538461538462,0.0,26.414,8.711538461538462,8.711538461538462,0.0,8.711538461538462,0.0,0.0,0.0,0.0
21,1986.0,0.0,Polio,All,8.711538461538462,0.0,0.0,,2.2733147106939326,-0.05490461125976639,0.0,0.0,0.0,8.711538461538462,0.0,26.414,8.711538461538462,8.711538461538462,0.0,8.711538461538462,0.0,0.0,0.0,0.0
22,1986.0,0.0,Polio,All,8.711538461538462,0.0,0.0,,2.2733147106939326,-0.05490461125976639,0.0,0.0,0.0,8.711538461538462,0.0,26.414,8.711538461538462,8.711538461538462,0.0,8.711538461538462,0.0,0.0,0.0,0.0
23,1986.0,0.0,Polio,All,8.711538461538462,0.0,0.0,,2.2733147106939326,-0.05490461125976639,0.0,0.0,0.0,8.711538461538462,0.0,26.414,8.711538461538462,8.711538461538462,0.0,8.711538461538462,0.0,0.0,0.0,0.0
24,1986.0,0.0,Polio,All,8.711538461538462,0.0,0.0,,2.2733147106939326,-0.05490461125976639,0.0,0.0,0.0,8.711538461538462,0.0,26.414,8.711538461538462,8.711538461538462,0.0,8.711538461538462,0.0,0.0,0.0,0.0
25,1986.0,0.0,Polio,All,8.711538461538462,0.0,0.0,,2.2733147106939326,-0.05490461125976639,0.0,0.0,0.0,8.711538461538462,0.0,26.414,8.711538461538462,8.711538461538462,0.0,8.711538461538462,0.0,0.0,0.0,0.0
26,1986.0,0.0,Polio,All,8.711538461538462,0.0,0.0,,2.2733147106939326,-0.05490461125976639,0.0,0.0,0.0,8.711538461538462,0.0,26.414,8.711538461538462,8.711538461538462,0.0,8.711538461538462,0.0,0.0,0.0,0.0
27,1986.0,0.0,Polio,All,8.711538461538462,0.0,0.0,,2.2733147106939326,-0.05490461125976639,0.0,0.0,0.0,8.711538461538462,0.0,26.414,8.711538461538462,8.711538461538462,0.0,8.711538461538462,0.0,0.0,0.0,0.0
28,1986.0,0.0,Polio,All,8.711538461538462,0.0,0.0,,2.2733147106939326,-0.05490461125976639,0.0,0.0,0.0,8.711538461538462,0.0,26.414,8.711538461538462,8.711538461538462,0.0,8.711538461538462,0.0,0.0,0.0,0.0
29,1986.0,0.0,Polio,All,8.711538461538462,0.0,0.0,,2.2733147106939326,-0.05490461125976639,0.0,0.0,0.0,8.711538461538462,0.0,26.414,8.711538461538462,8.711538461538462,0.0,8.711538461538462,0.0,0.0,0.0,0.0
30,1986.0,0.0,Polio,All,8.711538461538462,0.0,0.0,,2.2733147106939326,-0.05490461125976639,0.0,0.0,0.0,8.711538461538462,0.0,26.414,8.711538461538462,8.711538461538462,0.0,8.711538461538462,0.0,0.0,0.0,0.0
31,1986.0,0.0,Polio,All,8.711538461538462,0.0,0.0,,2.2733147106939326,-0.05490461125976639,0.0,0.0,0.0,8.711538461538462,0.0,26.414,8.711538461538462,8.711538461538462,0.0,8.711538461538462,0.0,0.0,0.0,0.0
32,1986.0,0.0,Polio,All,8.711538461538462,0.0,0.0,,2.2733147106939326,-0.05490461125976639,0.0,0.0,0.0,8.711538461538462,0.0,26.414,8.711538461538462,8.711538461538462,0.0,8.711538461538462,0.0,0.0,0.0,0.0
33,1986.0,0.0,Polio,All,8.711538461538462,0.0,0.0,,2.2733147106939326,-0.05490461125976639,0.0,0.0,0.0,8.711538461538462,0.0,26.414,8.711538461538462,8.711538461538462,0.0,8.711538461538462,0.0,0.0,0.0,0.0
34,1986.0,0.0,Polio,All,8.711538461538462,0.0,0.0,,2.2733147106939326,-0.05490461125976639,0.0,0.0,0.0,8.711538461538462,0.0,26.414,8.711538461538462,8.711538461538462,0.0,8.711538461538462,0.0,0.0,0.0,0.0
35,1986.0,0.0,Polio,All,8.711538461538462,0.0,0.0,,2.2733147106939326,-0.05490461125976639,0.0,0.0,0.0,8.711538461538462,0.0,26.414,8.711538461538462,8.711538461538462,0.0,8.711538461538462,0.0,0.0,0.0,0.0
36,1986.0,0.0,Polio,All,8.711538461538462,0.0,0.0,,2.2733147106939326,-0.05490461125976639,0.0,0.0,0.0,8.711538461538462,0.0,26.414,8.711538461538462,8.711538461538462,0.0,8.711538461538462,0.0,0.0,0.0,0.0
37,1986.0,0.0,Polio,All,8.711538461538462,0.0,0.0,,2.2733147106939326,-0.05490461125976639,0.0,0.0,0.0,8.711538461538462,0.0,26.414,8.711538461538462,8.711538461538462,0.0,8.711538461538462,0.0,0.0,0.0,0.0
38,1986.0,0.0,Polio,All,8.711538461538462,0.0,0.0,,2.2733147106939326,-0.05490461125976639,0.0,0.0,0.0,8.711538461538462,0.0,26.414,8.711538461538462,8.711538461538462,0.0,8.711538461538462,0.0,0.0,0.0,0.0
39,1986.0,0.0,Polio,All,8.711538461538462,0.0,0.0,,2.2733147106939326,-0.05490461125976639,0.0,0.0,0.0,8.711538461538462,0.0,26.414,8.711538461538462,8.711538461538462,0.0,8.711538461538462,0.0,0.0,0.0,0.0
40,1986.0,0.0,Polio,All,8.711538461538462,0.0,0.0,,2.2733147106939326,-0.05490461125976639,0.0,0.0,0.0,8.711538461538462,0.0,26.414,8.711538461538462,8.711538461538462,0.0,8.711538461538462,0.0,0.0,0.0,0.0
41,1986.0,0.0,Polio,All,8.711538461538462,0.0,0.0,,2.2733147106939326,-0.05490461125976639,0.0,0.0,0.0,8.711538461538462,0.0,26.414,8.711538461538462,8.711538461538462,0.0,8.711538461538462,0.0,0.0,0.0,0.0
42,1986.0,0.0,Polio,All,8.711538461538462,0.0,0.0,,2.2733147106939326,-0.05490461125976639,0.0,0.0,0.0,8.711538461538462,0.0,26.414,8.711538461538462,8.711538461538462,0.0,8.711538461538462,0.0,0.0,0.0,0.0
43,1986.0,0.0,Polio,All,8.711538461538462,0.0,0.0,,2.2733147106939326,-0.05490461125976639,0.0,0.0,0.0,8.711538461538462,0.0,26.414,8.711538461538462,8.711538461538462,0.0,8.711538461538462,0.0,0.0,0.0,0.0
44,1986.0,0.0,Polio,All,8.711538461538462,0.0,0.0,,2.2733147106939326,-0.05490461125976639,0.0,0.0,0.0,8.711538461538462,0.0,26.414,8.711538461538462,8.711538461538462,0.0,8.711538461538462,0.0,0.0,0.0,0.0
45,1986.0,0.0,Polio,All,8.711538461538462,0.0,0.0,,2.2733147106939326,-0.05490461125976639,0.0,0.0,0.0,8.711538461538462,0.0,26.414,8.711538461538462,8.711538461538462,0.0,8.711538461538462,0.0,0.0,0.0,0.0
46,1986.0,0.0,Polio,All,8.711538461538462,0.0,0.0,,2.2733147106939326,-0.05490461125976639,0.0,0.0,0.0,8.711538461538462,0.0,26.414,8.711538461538462,8.711538461538462,0.0,8.711538461538462,0.0,0.0,0.0,0.0
47,1986.0,0.0,Polio,All,8.711538461538462,0.0,0.0,,2.2733147106939326,-0.05490461125976639,0.0,0.0,0.0,8.711538461538462,0.0,26.414,8.711538461538462,8.711538461538462,0.0,8.711538461538462,0.0,0.0,0.0,0.0
48,1986.0,0.0,Polio,All,8.711538461538462,0.0,0.0,,2.2733147106939326,-0.05490461125976639,0.0,0.0,0.0,8.711538461538462,0.0,26.414,8.711538461538462,8.711538461538462,0.0,8.711538461538462,0.0,0.0,0.0,0.0
49,1986.0,0.0,Polio,All,8.711538461538462,0.0,0.0,,2.2733147106939326,-0.05490461125976639,0.0,0.0,0.0,8.711538461538462,0.0,26.414,8.711538461538462,8.711538461538462,0.0,8.711538461538462,0.0,0.0,0.0,0.0
50,1986.0,0.0,Polio,All,8.711538461538462,0.0,0.0,,2.2733147106939326,-0.05490461125976639,0.0,0.0,0.0,8.711538461538462,0.0,26.414,8.711538461538462,8.711538461538462,0.0,8.711538461538462,0.0,0.0,0.0,0.0
51,1986.0,0.0,Polio,All,8.711538461538462,0.0,0.0,,2.2733147106939326,-0.05490461125976639,0.0,0.0,0.0,8.711538461538462,0.0,26.414,8.711538461538462,8.711538461538462,0.0,8.711538461538462,0.0,0.0,0.0,0.0
52,1986.0,0.0,Polio,All,8.711538461538462,0.0,0.0,,2.2733147106939326,-0.05490461125976639,0.0,0.0,0.0,8.711538461538462,0.0,26.414,8.711538461538462,8.711538461538462,0.0,8.711538461538462,0.0,0.0,0.0,0.0
1,1987.0,0.0,Polio,All,11.653846153846152,0.0,0.0,,2.5379612127438897,0.2924805795304094,0.0,0.0,0.0,11.653846153846152,0.0,27.209,8.711538461538462,8.711538461538462,0.0,9.447115384615385,1.4711538461538387,0.0,0.33774834437086065,0.0
2,1987.0,0.0,Polio,All,11.653846153846152,0.0,0.0,,2.5379612127438897,0.2924805795304094,0.0,0.0,0.0,11.653846153846152,0.0,27.209,11.653846153846152,10.182692307692307,0.0,10.182692307692307,1.698742138192547,0.0,0.0,0.0
3,1987.0,0.0,Polio,All,11.653846153846152,0.0,0.0,,2.5379612127438897,0.2924805795304094,0.0,0.0,0.0,11.653846153846152,0.0,27.209,11.653846153846152,11.653846153846152,0.0,10.91826923076923,1.4711538461538407,0.0,0.0,0.0
4,1987.0,0.0,Polio,All,11.653846153846152,0.0,0.0,,2.5379612127438897,0.2924805795304094,0.0,0.0,0.0,11.653846153846152,0.0,27.209,11.653846153846152,11.653846153846152,0.0,11.653846153846152,0.0,0.0,0.0,0.0
5,1987.0,0.0,Polio,All,11.653846153846152,0.0,0.0,,2.5379612127438897,0.2924805795304094,0.0,0.0,0.0,11.653846153846152,0.0,27.209,11.653846153846152,11.653846153846152,0.0,11.653846153846152,0.0,0.0,0.0,0.0
6,1987.0,0.0,Polio,All,11.653846153846152,0.0,0.0,,2.5379612127438897,0.2924805795304094,0.0,0.0,0.0,11.653846153846152,0.0,27.209,11.653846153846152,11.653846153846152,0.0,11.653846153846152,0.0,0.0,0.0,0.0
7,1987.0,0.0,Polio,All,11.653846153846152,0.0,0.0,,2.5379612127438897,0.2924805795304094,0.0,0.0,0.0,11.653846153846152,0.0,27.209,11.653846153846152,11.653846153846152,0.0,11.653846153846152,0.0,0.0,0.0,0.0
8,1987.0,0.0,Polio,All,11.653846153846152,0.0,0.0,,2.5379612127438897,0.2924805795304094,0.0,0.0,0.0,11.653846153846152,0.0,27.209,11.653846153846152,11.653846153846152,0.0,11.653846153846152,0.0,0.0,0.0,0.0
9,1987.0,0.0,Polio,All,11.653846153846152,0.0,0.0,,2.5379612127438897,0.2924805795304094,0.0,0.0,0.0,11.653846153846152,0.0,27.209,11.653846153846152,11.653846153846152,0.0,11.653846153846152,0.0,0.0,0.0,0.0
10,1987.0,0.0,Polio,All,11.653846153846152,0.0,0.0,,2.5379612127438897,0.2924805795304094,0.0,0.0,0.0,11.653846153846152,0.0,27.209,11.653846153846152,11.653846153846152,0.0,11.653846153846152,0.0,0.0,0.0,0.0
11,1987.0,0.0,Polio,All,11.653846153846152,0.0,0.0,,2.5379612127438897,0.2924805795304094,0.0,0.0,0.0,11.653846153846152,0.0,27.209,11.653846153846152,11.653846153846152,0.0,11.653846153846152,0.0,0.0,0.0,0.0
12,1987.0,0.0,Polio,All,11.653846153846152,0.0,0.0,,2.5379612127438897,0.2924805795304094,0.0,0.0,0.0,11.653846153846152,0.0,27.209,11.653846153846152,11.653846153846152,0.0,11.653846153846152,0.0,0.0,0.0,0.0
13,1987.0,0.0,Polio,All,11.653846153846152,0.0,0.0,,2.5379612127438897,0.2924805795304094,0.0,0.0,0.0,11.653846153846152,0.0,27.209,11.653846153846152,11.653846153846152,0.0,11.653846153846152,0.0,0.0,0.0,0.0
14,1987.0,0.0,Polio,All,11.653846153846152,0.0,0.0,,2.5379612127438897,0.2924805795304094,0.0,0.0,0.0,11.653846153846152,0.0,27.209,11.653846153846152,11.653846153846152,0.0,11.653846153846152,0.0,0.0,0.0,0.0
15,1987.0,0.0,Polio,All,11.653846153846152,0.0,0.0,,2.5379612127438897,0.2924805795304094,0.0,0.0,0.0,11.653846153846152,0.0,27.209,11.653846153846152,11.653846153846152,0.0,11.653846153846152,0.0,0.0,0.0,0.0
16,1987.0,0.0,Polio,All,11.653846153846152,0.0,0.0,,2.5379612127438897,0.2924805795304094,0.0,0.0,0.0,11.653846153846152,0.0,27.209,11.653846153846152,11.653846153846152,0.0,11.653846153846152,0.0,0.0,0.0,0.0
17,1987.0,0.0,Polio,All,11.653846153846152,0.0,0.0,,2.5379612127438897,0.2924805795304094,0.0,0.0,0.0,11.653846153846152,0.0,27.209,11.653846153846152,11.653846153846152,0.0,11.653846153846152,0.0,0.0,0.0,0.0
18,1987.0,0.0,Polio,All,11.653846153846152,0.0,0.0,,2.5379612127438897,0.2924805795304094,0.0,0.0,0.0,11.653846153846152,0.0,27.209,11.653846153846152,11.653846153846152,0.0,11.653846153846152,0.0,0.0,0.0,0.0
19,1987.0,0.0,Polio,All,11.653846153846152,0.0,0.0,,2.5379612127438897,0.2924805795304094,0.0,0.0,0.0,11.653846153846152,0.0,27.209,11.653846153846152,11.653846153846152,0.0,11.653846153846152,0.0,0.0,0.0,0.0
20,1987.0,0.0,Polio,All,11.653846153846152,0.0,0.0,,2.5379612127438897,0.2924805795304094,0.0,0.0,0.0,11.653846153846152,0.0,27.209,11.653846153846152,11.653846153846152,0.0,11.653846153846152,0.0,0.0,0.0,0.0
21,1987.0,0.0,Polio,All,11.653846153846152,0.0,0.0,,2.5379612127438897,0.2924805795304094,0.0,0.0,0.0,11.653846153846152,0.0,27.209,11.653846153846152,11.653846153846152,0.0,11.653846153846152,0.0,0.0,0.0,0.0
22,1987.0,0.0,Polio,All,11.653846153846152,0.0,0.0,,2.5379612127438897,0.2924805795304094,0.0,0.0,0.0,11.653846153846152,0.0,27.209,11.653846153846152,11.653846153846152,0.0,11.653846153846152,0.0,0.0,0.0,0.0
23,1987.0,0.0,Polio,All,11.653846153846152,0.0,0.0,,2.5379612127438897,0.2924805795304094,0.0,0.0,0.0,11.653846153846152,0.0,27.209,11.653846153846152,11.653846153846152,0.0,11.653846153846152,0.0,0.0,0.0,0.0
24,1987.0,0.0,Polio,All,11.653846153846152,0.0,0.0,,2.5379612127438897,0.2924805795304094,0.0,0.0,0.0,11.653846153846152,0.0,27.209,11.653846153846152,11.653846153846152,0.0,11.653846153846152,0.0,0.0,0.0,0.0
25,1987.0,0.0,Polio,All,11.653846153846152,0.0,0.0,,2.5379612127438897,0.2924805795304094,0.0,0.0,0.0,11.653846153846152,0.0,27.209,11.653846153846152,11.653846153846152,0.0,11.653846153846152,0.0,0.0,0.0,0.0
26,1987.0,0.0,Polio,All,11.653846153846152,0.0,0.0,,2.5379612127438897,0.2924805795304094,0.0,0.0,0.0,11.653846153846152,0.0,27.209,11.653846153846152,11.653846153846152,0.0,11.653846153846152,0.0,0.0,0.0,0.0
27,1987.0,0.0,Polio,All,11.653846153846152,0.0,0.0,,2.5379612127438897,0.2924805795304094,0.0,0.0,0.0,11.653846153846152,0.0,27.209,11.653846153846152,11.653846153846152,0.0,11.653846153846152,0.0,0.0,0.0,0.0
28,1987.0,0.0,Polio,All,11.653846153846152,0.0,0.0,,2.5379612127438897,0.2924805795304094,0.0,0.0,0.0,11.653846153846152,0.0,27.209,11.653846153846152,11.653846153846152,0.0,11.653846153846152,0.0,0.0,0.0,0.0
29,1987.0,0.0,Polio,All,11.653846153846152,0.0,0.0,,2.5379612127438897,0.2924805795304094,0.0,0.0,0.0,11.653846153846152,0.0,27.209,11.653846153846152,11.653846153846152,0.0,11.653846153846152,0.0,0.0,0.0,0.0
30,1987.0,0.0,Polio,All,11.653846153846152,0.0,0.0,,2.5379612127438897,0.2924805795304094,0.0,0.0,0.0,11.653846153846152,0.0,27.209,11.653846153846152,11.653846153846152,0.0,11.653846153846152,0.0,0.0,0.0,0.0
31,1987.0,0.0,Polio,All,11.653846153846152,0.0,0.0,,2.5379612127438897,0.2924805795304094,0.0,0.0,0.0,11.653846153846152,0.0,27.209,11.653846153846152,11.653846153846152,0.0,11.653846153846152,0.0,0.0,0.0,0.0
32,1987.0,0.0,Polio,All,11.653846153846152,0.0,0.0,,2.5379612127438897,0.2924805795304094,0.0,0.0,0.0,11.653846153846152,0.0,27.209,11.653846153846152,11.653846153846152,0.0,11.653846153846152,0.0,0.0,0.0,0.0
33,1987.0,0.0,Polio,All,11.653846153846152,0.0,0.0,,2.5379612127438897,0.2924805795304094,0.0,0.0,0.0,11.653846153846152,0.0,27.209,11.653846153846152,11.653846153846152,0.0,11.653846153846152,0.0,0.0,0.0,0.0
34,1987.0,0.0,Polio,All,11.653846153846152,0.0,0.0,,2.5379612127438897,0.2924805795304094,0.0,0.0,0.0,11.653846153846152,0.0,27.209,11.653846153846152,11.653846153846152,0.0,11.653846153846152,0.0,0.0,0.0,0.0
35,1987.0,0.0,Polio,All,11.653846153846152,0.0,0.0,,2.5379612127438897,0.2924805795304094,0.0,0.0,0.0,11.653846153846152,0.0,27.209,11.653846153846152,11.653846153846152,0.0,11.653846153846152,0.0,0.0,0.0,0.0
36,1987.0,0.0,Polio,All,11.653846153846152,0.0,0.0,,2.5379612127438897,0.2924805795304094,0.0,0.0,0.0,11.653846153846152,0.0,27.209,11.653846153846152,11.653846153846152,0.0,11.653846153846152,0.0,0.0,0.0,0.0
37,1987.0,0.0,Polio,All,11.653846153846152,0.0,0.0,,2.5379612127438897,0.2924805795304094,0.0,0.0,0.0,11.653846153846152,0.0,27.209,11.653846153846152,11.653846153846152,0.0,11.653846153846152,0.0,0.0,0.0,0.0
38,1987.0,0.0,Polio,All,11.653846153846152,0.0,0.0,,2.5379612127438897,0.2924805795304094,0.0,0.0,0.0,11.653846153846152,0.0,27.209,11.653846153846152,11.653846153846152,0.0,11.653846153846152,0.0,0.0,0.0,0.0
39,1987.0,0.0,Polio,All,11.653846153846152,0.0,0.0,,2.5379612127438897,0.2924805795304094,0.0,0.0,0.0,11.653846153846152,0.0,27.209,11.653846153846152,11.653846153846152,0.0,11.653846153846152,0.0,0.0,0.0,0.0
40,1987.0,0.0,Polio,All,11.653846153846152,0.0,0.0,,2.5379612127438897,0.2924805795304094,0.0,0.0,0.0,11.653846153846152,0.0,27.209,11.653846153846152,11.653846153846152,0.0,11.653846153846152,0.0,0.0,0.0,0.0
41,1987.0,0.0,Polio,All,11.653846153846152,0.0,0.0,,2.5379612127438897,0.2924805795304094,0.0,0.0,0.0,11.653846153846152,0.0,27.209,11.653846153846152,11.653846153846152,0.0,11.653846153846152,0.0,0.0,0.0,0.0
42,1987.0,0.0,Polio,All,11.653846153846152,0.0,0.0,,2.5379612127438897,0.2924805795304094,0.0,0.0,0.0,11.653846153846152,0.0,27.209,11.653846153846152,11.653846153846152,0.0,11.653846153846152,0.0,0.0,0.0,0.0
43,1987.0,0.0,Polio,All,11.653846153846152,0.0,0.0,,2.5379612127438897,0.2924805795304094,0.0,0.0,0.0,11.653846153846152,0.0,27.209,11.653846153846152,11.653846153846152,0.0,11.653846153846152,0.0,0.0,0.0,0.0
44,1987.0,0.0,Polio,All,11.653846153846152,0.0,0.0,,2.5379612127438897,0.2924805795304094,0.0,0.0,0.0,11.653846153846152,0.0,27.209,11.653846153846152,11.653846153846152,0.0,11.653846153846152,0.0,0.0,0.0,0.0
45,1987.0,0.0,Polio,All,11.653846153846152,0.0,0.0,,2.5379612127438897,0.2924805795304094,0.0,0.0,0.0,11.653846153846152,0.0,27.209,11.653846153846152,11.653846153846152,0.0,11.653846153846152,0.0,0.0,0.0,0.0
46,1987.0,0.0,Polio,All,11.653846153846152,0.0,0.0,,2.5379612127438897,0.2924805795304094,0.0,0.0,0.0,11.653846153846152,0.0,27.209,11.653846153846152,11.653846153846152,0.0,11.653846153846152,0.0,0.0,0.0,0.0
47,1987.0,0.0,Polio,All,11.653846153846152,0.0,0.0,,2.5379612127438897,0.2924805795304094,0.0,0.0,0.0,11.653846153846152,0.0,27.209,11.653846153846152,11.653846153846152,0.0,11.653846153846152,0.0,0.0,0.0,0.0
48,1987.0,0.0,Polio,All,11.653846153846152,0.0,0.0,,2.5379612127438897,0.2924805795304094,0.0,0.0,0.0,11.653846153846152,0.0,27.209,11.653846153846152,11.653846153846152,0.0,11.653846153846152,0.0,0.0,0.0,0.0
49,1987.0,0.0,Polio,All,11.653846153846152,0.0,0.0,,2.5379612127438897,0.2924805795304094,0.0,0.0,0.0,11.653846153846152,0.0,27.209,11.653846153846152,11.653846153846152,0.0,11.653846153846152,0.0,0.0,0.0,0.0
50,1987.0,0.0,Polio,All,11.653846153846152,0.0,0.0,,2.5379612127438897,0.2924805795304094,0.0,0.0,0.0,11.653846153846152,0.0,27.209,11.653846153846152,11.653846153846152,0.0,11.653846153846152,0.0,0.0,0.0,0.0
51,1987.0,0.0,Polio,All,11.653846153846152,0.0,0.0,,2.5379612127438897,0.2924805795304094,0.0,0.0,0.0,11.653846153846152,0.0,27.209,11.653846153846152,11.653846153846152,0.0,11.653846153846152,0.0,0.0,0.0,0.0
52,1987.0,0.0,Polio,All,11.653846153846152,0.0,0.0,,2.5379612127438897,0.2924805795304094,0.0,0.0,0.0,11.653846153846152,0.0,27.209,11.653846153846152,11.653846153846152,0.0,11.653846153846152,0.0,0.0,0.0,0.0
1,1988.0,0.0,Polio,All,28.07692307692308,0.0,0.0,,3.3699448381580512,2.2314802719147915,0.0,0.0,0.0,28.07692307692308,0.0,28.019,11.653846153846152,11.653846153846152,0.0,15.759615384615383,8.211538461538463,0.0,1.4092409240924098,0.0
2,1988.0,0.0,Polio,All,28.07692307692308,0.0,0.0,,3.3699448381580512,2.2314802719147915,0.0,0.0,0.0,28.07692307692308,0.0,28.019,28.07692307692308,19.865384615384617,0.0,19.865384615384617,9.481867882460396,0.0,0.0,0.0
3,1988.0,0.0,Polio,All,28.07692307692308,0.0,0.0,,3.3699448381580512,2.2314802719147915,0.0,0.0,0.0,28.07692307692308,0.0,28.019,28.07692307692308,28.07692307692308,0.0,23.97115384615385,8.211538461538463,0.0,0.0,0.0
4,1988.0,0.0,Polio,All,28.07692307692308,0.0,0.0,,3.3699448381580512,2.2314802719147915,0.0,0.0,0.0,28.07692307692308,0.0,28.019,28.07692307692308,28.07692307692308,0.0,28.07692307692308,0.0,0.0,0.0,0.0
5,1988.0,0.0,Polio,All,28.07692307692308,0.0,0.0,,3.3699448381580512,2.2314802719147915,0.0,0.0,0.0,28.07692307692308,0.0,28.019,28.07692307692308,28.07692307692308,0.0,28.07692307692308,0.0,0.0,0.0,0.0
6,1988.0,0.0,Polio,All,28.07692307692308,0.0,0.0,,3.3699448381580512,2.2314802719147915,0.0,0.0,0.0,28.07692307692308,0.0,28.019,28.07692307692308,28.07692307692308,0.0,28.07692307692308,0.0,0.0,0.0,0.0
7,1988.0,0.0,Polio,All,28.07692307692308,0.0,0.0,,3.3699448381580512,2.2314802719147915,0.0,0.0,0.0,28.07692307692308,0.0,28.019,28.07692307692308,28.07692307692308,0.0,28.07692307692308,0.0,0.0,0.0,0.0
8,1988.0,0.0,Polio,All,28.07692307692308,0.0,0.0,,3.3699448381580512,2.2314802719147915,0.0,0.0,0.0,28.07692307692308,0.0,28.019,28.07692307692308,28.07692307692308,0.0,28.07692307692308,0.0,0.0,0.0,0.0
9,1988.0,0.0,Polio,All,28.07692307692308,0.0,0.0,,3.3699448381580512,2.2314802719147915,0.0,0.0,0.0,28.07692307692308,0.0,28.019,28.07692307692308,28.07692307692308,0.0,28.07692307692308,0.0,0.0,0.0,0.0
10,1988.0,0.0,Polio,All,28.07692307692308,0.0,0.0,,3.3699448381580512,2.2314802719147915,0.0,0.0,0.0,28.07692307692308,0.0,28.019,28.07692307692308,28.07692307692308,0.0,28.07692307692308,0.0,0.0,0.0,0.0
11,1988.0,0.0,Polio,All,28.07692307692308,0.0,0.0,,3.3699448381580512,2.2314802719147915,0.0,0.0,0.0,28.07692307692308,0.0,28.019,28.07692307692308,28.07692307692308,0.0,28.07692307692308,0.0,0.0,0.0,0.0
12,1988.0,0.0,Polio,All,28.07692307692308,0.0,0.0,,3.3699448381580512,2.2314802719147915,0.0,0.0,0.0,28.07692307692308,0.0,28.019,28.07692307692308,28.07692307692308,0.0,28.07692307692308,0.0,0.0,0.0,0.0
13,1988.0,0.0,Polio,All,28.07692307692308,0.0,0.0,,3.3699448381580512,2.2314802719147915,0.0,0.0,0.0,28.07692307692308,0.0,28.019,28.07692307692308,28.07692307692308,0.0,28.07692307692308,0.0,0.0,0.0,0.0
14,1988.0,0.0,Polio,All,28.07692307692308,0.0,0.0,,3.3699448381580512,2.2314802719147915,0.0,0.0,0.0,28.07692307692308,0.0,28.019,28.07692307692308,28.07692307692308,0.0,28.07692307692308,0.0,0.0,0.0,0.0
15,1988.0,0.0,Polio,All,28.07692307692308,0.0,0.0,,3.3699448381580512,2.2314802719147915,0.0,0.0,0.0,28.07692307692308,0.0,28.019,28.07692307692308,28.07692307692308,0.0,28.07692307692308,0.0,0.0,0.0,0.0
16,1988.0,0.0,Polio,All,28.07692307692308,0.0,0.0,,3.3699448381580512,2.2314802719147915,0.0,0.0,0.0,28.07692307692308,0.0,28.019,28.07692307692308,28.07692307692308,0.0,28.07692307692308,0.0,0.0,0.0,0.0
17,1988.0,0.0,Polio,All,28.07692307692308,0.0,0.0,,3.3699448381580512,2.2314802719147915,0.0,0.0,0.0,28.07692307692308,0.0,28.019,28.07692307692308,28.07692307692308,0.0,28.07692307692308,0.0,0.0,0.0,0.0
18,1988.0,0.0,Polio,All,28.07692307692308,0.0,0.0,,3.3699448381580512,2.2314802719147915,0.0,0.0,0.0,28.07692307692308,0.0,28.019,28.07692307692308,28.07692307692308,0.0,28.07692307692308,0.0,0.0,0.0,0.0
19,1988.0,0.0,Polio,All,28.07692307692308,0.0,0.0,,3.3699448381580512,2.2314802719147915,0.0,0.0,0.0,28.07692307692308,0.0,28.019,28.07692307692308,28.07692307692308,0.0,28.07692307692308,0.0,0.0,0.0,0.0
20,1988.0,0.0,Polio,All,28.07692307692308,0.0,0.0,,3.3699448381580512,2.2314802719147915,0.0,0.0,0.0,28.07692307692308,0.0,28.019,28.07692307692308,28.07692307692308,0.0,28.07692307692308,0.0,0.0,0.0,0.0
21,1988.0,0.0,Polio,All,28.07692307692308,0.0,0.0,,3.3699448381580512,2.2314802719147915,0.0,0.0,0.0,28.07692307692308,0.0,28.019,28.07692307692308,28.07692307692308,0.0,28.07692307692308,0.0,0.0,0.0,0.0
22,1988.0,0.0,Polio,All,28.07692307692308,0.0,0.0,,3.3699448381580512,2.2314802719147915,0.0,0.0,0.0,28.07692307692308,0.0,28.019,28.07692307692308,28.07692307692308,0.0,28.07692307692308,0.0,0.0,0.0,0.0
23,1988.0,0.0,Polio,All,28.07692307692308,0.0,0.0,,3.3699448381580512,2.2314802719147915,0.0,0.0,0.0,28.07692307692308,0.0,28.019,28.07692307692308,28.07692307692308,0.0,28.07692307692308,0.0,0.0,0.0,0.0
24,1988.0,0.0,Polio,All,28.07692307692308,0.0,0.0,,3.3699448381580512,2.2314802719147915,0.0,0.0,0.0,28.07692307692308,0.0,28.019,28.07692307692308,28.07692307692308,0.0,28.07692307692308,0.0,0.0,0.0,0.0
25,1988.0,0.0,Polio,All,28.07692307692308,0.0,0.0,,3.3699448381580512,2.2314802719147915,0.0,0.0,0.0,28.07692307692308,0.0,28.019,28.07692307692308,28.07692307692308,0.0,28.07692307692308,0.0,0.0,0.0,0.0
26,1988.0,0.0,Polio,All,28.07692307692308,0.0,0.0,,3.3699448381580512,2.2314802719147915,0.0,0.0,0.0,28.07692307692308,0.0,28.019,28.07692307692308,28.07692307692308,0.0,28.07692307692308,0.0,0.0,0.0,0.0
27,1988.0,0.0,Polio,All,28.07692307692308,0.0,0.0,,3.3699448381580512,2.2314802719147915,0.0,0.0,0.0,28.07692307692308,0.0,28.019,28.07692307692308,28.07692307692308,0.0,28.07692307692308,0.0,0.0,0.0,0.0
28,1988.0,0.0,Polio,All,28.07692307692308,0.0,0.0,,3.3699448381580512,2.2314802719147915,0.0,0.0,0.0,28.07692307692308,0.0,28.019,28.07692307692308,28.07692307692308,0.0,28.07692307692308,0.0,0.0,0.0,0.0
29,1988.0,0.0,Polio,All,28.07692307692308,0.0,0.0,,3.3699448381580512,2.2314802719147915,0.0,0.0,0.0,28.07692307692308,0.0,28.019,28.07692307692308,28.07692307692308,0.0,28.07692307692308,0.0,0.0,0.0,0.0
30,1988.0,0.0,Polio,All,28.07692307692308,0.0,0.0,,3.3699448381580512,2.2314802719147915,0.0,0.0,0.0,28.07692307692308,0.0,28.019,28.07692307692308,28.07692307692308,0.0,28.07692307692308,0.0,0.0,0.0,0.0
31,1988.0,0.0,Polio,All,28.07692307692308,0.0,0.0,,3.3699448381580512,2.2314802719147915,0.0,0.0,0.0,28.07692307692308,0.0,28.019,28.07692307692308,28.07692307692308,0.0,28.07692307692308,0.0,0.0,0.0,0.0
32,1988.0,0.0,Polio,All,28.07692307692308,0.0,0.0,,3.3699448381580512,2.2314802719147915,0.0,0.0,0.0,28.07692307692308,0.0,28.019,28.07692307692308,28.07692307692308,0.0,28.07692307692308,0.0,0.0,0.0,0.0
33,1988.0,0.0,Polio,All,28.07692307692308,0.0,0.0,,3.3699448381580512,2.2314802719147915,0.0,0.0,0.0,28.07692307692308,0.0,28.019,28.07692307692308,28.07692307692308,0.0,28.07692307692308,0.0,0.0,0.0,0.0
34,1988.0,0.0,Polio,All,28.07692307692308,0.0,0.0,,3.3699448381580512,2.2314802719147915,0.0,0.0,0.0,28.07692307692308,0.0,28.019,28.07692307692308,28.07692307692308,0.0,28.07692307692308,0.0,0.0,0.0,0.0
35,1988.0,0.0,Polio,All,28.07692307692308,0.0,0.0,,3.3699448381580512,2.2314802719147915,0.0,0.0,0.0,28.07692307692308,0.0,28.019,28.07692307692308,28.07692307692308,0.0,28.07692307692308,0.0,0.0,0.0,0.0
36,1988.0,0.0,Polio,All,28.07692307692308,0.0,0.0,,3.3699448381580512,2.2314802719147915,0.0,0.0,0.0,28.07692307692308,0.0,28.019,28.07692307692308,28.07692307692308,0.0,28.07692307692308,0.0,0.0,0.0,0.0
37,1988.0,0.0,Polio,All,28.07692307692308,0.0,0.0,,3.3699448381580512,2.2314802719147915,0.0,0.0,0.0,28.07692307692308,0.0,28.019,28.07692307692308,28.07692307692308,0.0,28.07692307692308,0.0,0.0,0.0,0.0
38,1988.0,0.0,Polio,All,28.07692307692308,0.0,0.0,,3.3699448381580512,2.2314802719147915,0.0,0.0,0.0,28.07692307692308,0.0,28.019,28.07692307692308,28.07692307692308,0.0,28.07692307692308,0.0,0.0,0.0,0.0
39,1988.0,0.0,Polio,All,28.07692307692308,0.0,0.0,,3.3699448381580512,2.2314802719147915,0.0,0.0,0.0,28.07692307692308,0.0,28.019,28.07692307692308,28.07692307692308,0.0,28.07692307692308,0.0,0.0,0.0,0.0
40,1988.0,0.0,Polio,All,28.07692307692308,0.0,0.0,,3.3699448381580512,2.2314802719147915,0.0,0.0,0.0,28.07692307692308,0.0,28.019,28.07692307692308,28.07692307692308,0.0,28.07692307692308,0.0,0.0,0.0,0.0
41,1988.0,0.0,Polio,All,28.07692307692308,0.0,0.0,,3.3699448381580512,2.2314802719147915,0.0,0.0,0.0,28.07692307692308,0.0,28.019,28.07692307692308,28.07692307692308,0.0,28.07692307692308,0.0,0.0,0.0,0.0
42,1988.0,0.0,Polio,All,28.07692307692308,0.0,0.0,,3.3699448381580512,2.2314802719147915,0.0,0.0,0.0,28.07692307692308,0.0,28.019,28.07692307692308,28.07692307692308,0.0,28.07692307692308,0.0,0.0,0.0,0.0
43,1988.0,0.0,Polio,All,28.07692307692308,0.0,0.0,,3.3699448381580512,2.2314802719147915,0.0,0.0,0.0,28.07692307692308,0.0,28.019,28.07692307692308,28.07692307692308,0.0,28.07692307692308,0.0,0.0,0.0,0.0
44,1988.0,0.0,Polio,All,28.07692307692308,0.0,0.0,,3.3699448381580512,2.2314802719147915,0.0,0.0,0.0,28.07692307692308,0.0,28.019,28.07692307692308,28.07692307692308,0.0,28.07692307692308,0.0,0.0,0.0,0.0
45,1988.0,0.0,Polio,All,28.07692307692308,0.0,0.0,,3.3699448381580512,2.2314802719147915,0.0,0.0,0.0,28.07692307692308,0.0,28.019,28.07692307692308,28.07692307692308,0.0,28.07692307692308,0.0,0.0,0.0,0.0
46,1988.0,0.0,Polio,All,28.07692307692308,0.0,0.0,,3.3699448381580512,2.2314802719147915,0.0,0.0,0.0,28.07692307692308,0.0,28.019,28.07692307692308,28.07692307692308,0.0,28.07692307692308,0.0,0.0,0.0,0.0
47,1988.0,0.0,Polio,All,28.07692307692308,0.0,0.0,,3.3699448381580512,2.2314802719147915,0.0,0.0,0.0,28.07692307692308,0.0,28.019,28.07692307692308,28.07692307692308,0.0,28.07692307692308,0.0,0.0,0.0,0.0
48,1988.0,0.0,Polio,All,28.07692307692308,0.0,0.0,,3.3699448381580512,2.2314802719147915,0.0,0.0,0.0,28.07692307692308,0.0,28.019,28.07692307692308,28.07692307692308,0.0,28.07692307692308,0.0,0.0,0.0,0.0
49,1988.0,0.0,Polio,All,28.07692307692308,0.0,0.0,,3.3699448381580512,2.2314802719147915,0.0,0.0,0.0,28.07692307692308,0.0,28.019,28.07692307692308,28.07692307692308,0.0,28.07692307692308,0.0,0.0,0.0,0.0
50,1988.0,0.0,Polio,All,28.07692307692308,0.0,0.0,,3.3699448381580512,2.2314802719147915,0.0,0.0,0.0,28.07692307692308,0.0,28.019,28.07692307692308,28.07692307692308,0.0,28.07692307692308,0.0,0.0,0.0,0.0
51,1988.0,0.0,Polio,All,28.07692307692308,0.0,0.0,,3.3699448381580512,2.2314802719147915,0.0,0.0,0.0,28.07692307692308,0.0,28.019,28.07692307692308,28.07692307692308,0.0,28.07692307692308,0.0,0.0,0.0,0.0
52,1988.0,0.0,Polio,All,28.07692307692308,0.0,0.0,,3.3699448381580512,2.2314802719147915,0.0,0.0,0.0,28.07692307692308,0.0,28.019,28.07692307692308,28.07692307692308,0.0,28.07692307692308,0.0,0.0,0.0,0.0
1,1989.0,0.0,Polio,All,8.75,0.0,0.0,,2.277267285009756,-0.050363628373620316,0.0,0.0,0.0,8.75,0.0,28.842,28.07692307692308,28.07692307692308,0.0,23.24519230769231,9.663461538461538,0.0,-0.6883561643835617,0.0
2,1989.0,0.0,Polio,All,8.75,0.0,0.0,,2.277267285009756,-0.050363628373620316,0.0,0.0,0.0,8.75,0.0,28.842,8.75,18.41346153846154,0.0,18.41346153846154,11.158404241068732,0.0,0.0,0.0
3,1989.0,0.0,Polio,All,8.75,0.0,0.0,,2.277267285009756,-0.050363628373620316,0.0,0.0,0.0,8.75,0.0,28.842,8.75,8.75,0.0,13.58173076923077,9.663461538461544,0.0,0.0,0.0
4,1989.0,0.0,Polio,All,8.75,0.0,0.0,,2.277267285009756,-0.050363628373620316,0.0,0.0,0.0,8.75,0.0,28.842,8.75,8.75,0.0,8.75,0.0,0.0,0.0,0.0
5,1989.0,0.0,Polio,All,8.75,0.0,0.0,,2.277267285009756,-0.050363628373620316,0.0,0.0,0.0,8.75,0.0,28.842,8.75,8.75,0.0,8.75,0.0,0.0,0.0,0.0
6,1989.0,0.0,Polio,All,8.75,0.0,0.0,,2.277267285009756,-0.050363628373620316,0.0,0.0,0.0,8.75,0.0,28.842,8.75,8.75,0.0,8.75,0.0,0.0,0.0,0.0
7,1989.0,0.0,Polio,All,8.75,0.0,0.0,,2.277267285009756,-0.050363628373620316,0.0,0.0,0.0,8.75,0.0,28.842,8.75,8.75,0.0,8.75,0.0,0.0,0.0,0.0
8,1989.0,0.0,Polio,All,8.75,0.0,0.0,,2.277267285009756,-0.050363628373620316,0.0,0.0,0.0,8.75,0.0,28.842,8.75,8.75,0.0,8.75,0.0,0.0,0.0,0.0
9,1989.0,0.0,Polio,All,8.75,0.0,0.0,,2.277267285009756,-0.050363628373620316,0.0,0.0,0.0,8.75,0.0,28.842,8.75,8.75,0.0,8.75,0.0,0.0,0.0,0.0
10,1989.0,0.0,Polio,All,8.75,0.0,0.0,,2.277267285009756,-0.050363628373620316,0.0,0.0,0.0,8.75,0.0,28.842,8.75,8.75,0.0,8.75,0.0,0.0,0.0,0.0
11,1989.0,0.0,Polio,All,8.75,0.0,0.0,,2.277267285009756,-0.050363628373620316,0.0,0.0,0.0,8.75,0.0,28.842,8.75,8.75,0.0,8.75,0.0,0.0,0.0,0.0
12,1989.0,0.0,Polio,All,8.75,0.0,0.0,,2.277267285009756,-0.050363628373620316,0.0,0.0,0.0,8.75,0.0,28.842,8.75,8.75,0.0,8.75,0.0,0.0,0.0,0.0
13,1989.0,0.0,Polio,All,8.75,0.0,0.0,,2.277267285009756,-0.050363628373620316,0.0,0.0,0.0,8.75,0.0,28.842,8.75,8.75,0.0,8.75,0.0,0.0,0.0,0.0
14,1989.0,0.0,Polio,All,8.75,0.0,0.0,,2.277267285009756,-0.050363628373620316,0.0,0.0,0.0,8.75,0.0,28.842,8.75,8.75,0.0,8.75,0.0,0.0,0.0,0.0
15,1989.0,0.0,Polio,All,8.75,0.0,0.0,,2.277267285009756,-0.050363628373620316,0.0,0.0,0.0,8.75,0.0,28.842,8.75,8.75,0.0,8.75,0.0,0.0,0.0,0.0
16,1989.0,0.0,Polio,All,8.75,0.0,0.0,,2.277267285009756,-0.050363628373620316,0.0,0.0,0.0,8.75,0.0,28.842,8.75,8.75,0.0,8.75,0.0,0.0,0.0,0.0
17,1989.0,0.0,Polio,All,8.75,0.0,0.0,,2.277267285009756,-0.050363628373620316,0.0,0.0,0.0,8.75,0.0,28.842,8.75,8.75,0.0,8.75,0.0,0.0,0.0,0.0
18,1989.0,0.0,Polio,All,8.75,0.0,0.0,,2.277267285009756,-0.050363628373620316,0.0,0.0,0.0,8.75,0.0,28.842,8.75,8.75,0.0,8.75,0.0,0.0,0.0,0.0
19,1989.0,0.0,Polio,All,8.75,0.0,0.0,,2.277267285009756,-0.050363628373620316,0.0,0.0,0.0,8.75,0.0,28.842,8.75,8.75,0.0,8.75,0.0,0.0,0.0,0.0
20,1989.0,0.0,Polio,All,8.75,0.0,0.0,,2.277267285009756,-0.050363628373620316,0.0,0.0,0.0,8.75,0.0,28.842,8.75,8.75,0.0,8.75,0.0,0.0,0.0,0.0
21,1989.0,0.0,Polio,All,8.75,0.0,0.0,,2.277267285009756,-0.050363628373620316,0.0,0.0,0.0,8.75,0.0,28.842,8.75,8.75,0.0,8.75,0.0,0.0,0.0,0.0
22,1989.0,0.0,Polio,All,8.75,0.0,0.0,,2.277267285009756,-0.050363628373620316,0.0,0.0,0.0,8.75,0.0,28.842,8.75,8.75,0.0,8.75,0.0,0.0,0.0,0.0
23,1989.0,0.0,Polio,All,8.75,0.0,0.0,,2.277267285009756,-0.050363628373620316,0.0,0.0,0.0,8.75,0.0,28.842,8.75,8.75,0.0,8.75,0.0,0.0,0.0,0.0
24,1989.0,0.0,Polio,All,8.75,0.0,0.0,,2.277267285009756,-0.050363628373620316,0.0,0.0,0.0,8.75,0.0,28.842,8.75,8.75,0.0,8.75,0.0,0.0,0.0,0.0
25,1989.0,0.0,Polio,All,8.75,0.0,0.0,,2.277267285009756,-0.050363628373620316,0.0,0.0,0.0,8.75,0.0,28.842,8.75,8.75,0.0,8.75,0.0,0.0,0.0,0.0
26,1989.0,0.0,Polio,All,8.75,0.0,0.0,,2.277267285009756,-0.050363628373620316,0.0,0.0,0.0,8.75,0.0,28.842,8.75,8.75,0.0,8.75,0.0,0.0,0.0,0.0
27,1989.0,0.0,Polio,All,8.75,0.0,0.0,,2.277267285009756,-0.050363628373620316,0.0,0.0,0.0,8.75,0.0,28.842,8.75,8.75,0.0,8.75,0.0,0.0,0.0,0.0
28,1989.0,0.0,Polio,All,8.75,0.0,0.0,,2.277267285009756,-0.050363628373620316,0.0,0.0,0.0,8.75,0.0,28.842,8.75,8.75,0.0,8.75,0.0,0.0,0.0,0.0
29,1989.0,0.0,Polio,All,8.75,0.0,0.0,,2.277267285009756,-0.050363628373620316,0.0,0.0,0.0,8.75,0.0,28.842,8.75,8.75,0.0,8.75,0.0,0.0,0.0,0.0
30,1989.0,0.0,Polio,All,8.75,0.0,0.0,,2.277267285009756,-0.050363628373620316,0.0,0.0,0.0,8.75,0.0,28.842,8.75,8.75,0.0,8.75,0.0,0.0,0.0,0.0
31,1989.0,0.0,Polio,All,8.75,0.0,0.0,,2.277267285009756,-0.050363628373620316,0.0,0.0,0.0,8.75,0.0,28.842,8.75,8.75,0.0,8.75,0.0,0.0,0.0,0.0
32,1989.0,0.0,Polio,All,8.75,0.0,0.0,,2.277267285009756,-0.050363628373620316,0.0,0.0,0.0,8.75,0.0,28.842,8.75,8.75,0.0,8.75,0.0,0.0,0.0,0.0
33,1989.0,0.0,Polio,All,8.75,0.0,0.0,,2.277267285009756,-0.050363628373620316,0.0,0.0,0.0,8.75,0.0,28.842,8.75,8.75,0.0,8.75,0.0,0.0,0.0,0.0
34,1989.0,0.0,Polio,All,8.75,0.0,0.0,,2.277267285009756,-0.050363628373620316,0.0,0.0,0.0,8.75,0.0,28.842,8.75,8.75,0.0,8.75,0.0,0.0,0.0,0.0
35,1989.0,0.0,Polio,All,8.75,0.0,0.0,,2.277267285009756,-0.050363628373620316,0.0,0.0,0.0,8.75,0.0,28.842,8.75,8.75,0.0,8.75,0.0,0.0,0.0,0.0
36,1989.0,0.0,Polio,All,8.75,0.0,0.0,,2.277267285009756,-0.050363628373620316,0.0,0.0,0.0,8.75,0.0,28.842,8.75,8.75,0.0,8.75,0.0,0.0,0.0,0.0
37,1989.0,0.0,Polio,All,8.75,0.0,0.0,,2.277267285009756,-0.050363628373620316,0.0,0.0,0.0,8.75,0.0,28.842,8.75,8.75,0.0,8.75,0.0,0.0,0.0,0.0
38,1989.0,0.0,Polio,All,8.75,0.0,0.0,,2.277267285009756,-0.050363628373620316,0.0,0.0,0.0,8.75,0.0,28.842,8.75,8.75,0.0,8.75,0.0,0.0,0.0,0.0
39,1989.0,0.0,Polio,All,8.75,0.0,0.0,,2.277267285009756,-0.050363628373620316,0.0,0.0,0.0,8.75,0.0,28.842,8.75,8.75,0.0,8.75,0.0,0.0,0.0,0.0
40,1989.0,0.0,Polio,All,8.75,0.0,0.0,,2.277267285009756,-0.050363628373620316,0.0,0.0,0.0,8.75,0.0,28.842,8.75,8.75,0.0,8.75,0.0,0.0,0.0,0.0
41,1989.0,0.0,Polio,All,8.75,0.0,0.0,,2.277267285009756,-0.050363628373620316,0.0,0.0,0.0,8.75,0.0,28.842,8.75,8.75,0.0,8.75,0.0,0.0,0.0,0.0
42,1989.0,0.0,Polio,All,8.75,0.0,0.0,,2.277267285009756,-0.050363628373620316,0.0,0.0,0.0,8.75,0.0,28.842,8.75,8.75,0.0,8.75,0.0,0.0,0.0,0.0
43,1989.0,0.0,Polio,All,8.75,0.0,0.0,,2.277267285009756,-0.050363628373620316,0.0,0.0,0.0,8.75,0.0,28.842,8.75,8.75,0.0,8.75,0.0,0.0,0.0,0.0
44,1989.0,0.0,Polio,All,8.75,0.0,0.0,,2.277267285009756,-0.050363628373620316,0.0,0.0,0.0,8.75,0.0,28.842,8.75,8.75,0.0,8.75,0.0,0.0,0.0,0.0
45,1989.0,0.0,Polio,All,8.75,0.0,0.0,,2.277267285009756,-0.050363628373620316,0.0,0.0,0.0,8.75,0.0,28.842,8.75,8.75,0.0,8.75,0.0,0.0,0.0,0.0
46,1989.0,0.0,Polio,All,8.75,0.0,0.0,,2.277267285009756,-0.050363628373620316,0.0,0.0,0.0,8.75,0.0,28.842,8.75,8.75,0.0,8.75,0.0,0.0,0.0,0.0
47,1989.0,0.0,Polio,All,8.75,0.0,0.0,,2.277267285009756,-0.050363628373620316,0.0,0.0,0.0,8.75,0.0,28.842,8.75,8.75,0.0,8.75,0.0,0.0,0.0,0.0
48,1989.0,0.0,Polio,All,8.75,0.0,0.0,,2.277267285009756,-0.050363628373620316,0.0,0.0,0.0,8.75,0.0,28.842,8.75,8.75,0.0,8.75,0.0,0.0,0.0,0.0
49,1989.0,0.0,Polio,All,8.75,0.0,0.0,,2.277267285009756,-0.050363628373620316,0.0,0.0,0.0,8.75,0.0,28.842,8.75,8.75,0.0,8.75,0.0,0.0,0.0,0.0
50,1989.0,0.0,Polio,All,8.75,0.0,0.0,,2.277267285009756,-0.050363628373620316,0.0,0.0,0.0,8.75,0.0,28.842,8.75,8.75,0.0,8.75,0.0,0.0,0.0,0.0
51,1989.0,0.0,Polio,All,8.75,0.0,0.0,,2.277267285009756,-0.050363628373620316,0.0,0.0,0.0,8.75,0.0,28.842,8.75,8.75,0.0,8.75,0.0,0.0,0.0,0.0
52,1989.0,0.0,Polio,All,8.75,0.0,0.0,,2.277267285009756,-0.050363628373620316,0.0,0.0,0.0,8.75,0.0,28.842,8.75,8.75,0.0,8.75,0.0,0.0,0.0,0.0
1,1990.0,0.0,Polio,All,36.01923076923077,0.0,0.0,,3.611437528140457,3.169193237903959,0.0,0.0,0.0,36.01923076923077,0.0,29.68,8.75,8.75,0.0,15.567307692307692,13.634615384615383,0.0,3.116483516483516,0.0
2,1990.0,0.0,Polio,All,36.01923076923077,0.0,0.0,,3.611437528140457,3.169193237903959,0.0,0.0,0.0,36.01923076923077,0.0,29.68,36.01923076923077,22.384615384615383,0.0,22.384615384615383,15.743897725209406,0.0,0.0,0.0
3,1990.0,0.0,Polio,All,36.01923076923077,0.0,0.0,,3.611437528140457,3.169193237903959,0.0,0.0,0.0,36.01923076923077,0.0,29.68,36.01923076923077,36.01923076923077,0.0,29.201923076923073,13.634615384615378,0.0,0.0,0.0
4,1990.0,0.0,Polio,All,36.01923076923077,0.0,0.0,,3.611437528140457,3.169193237903959,0.0,0.0,0.0,36.01923076923077,0.0,29.68,36.01923076923077,36.01923076923077,0.0,36.01923076923077,0.0,0.0,0.0,0.0
5,1990.0,0.0,Polio,All,36.01923076923077,0.0,0.0,,3.611437528140457,3.169193237903959,0.0,0.0,0.0,36.01923076923077,0.0,29.68,36.01923076923077,36.01923076923077,0.0,36.01923076923077,0.0,0.0,0.0,0.0
6,1990.0,0.0,Polio,All,36.01923076923077,0.0,0.0,,3.611437528140457,3.169193237903959,0.0,0.0,0.0,36.01923076923077,0.0,29.68,36.01923076923077,36.01923076923077,0.0,36.01923076923077,0.0,0.0,0.0,0.0
7,1990.0,0.0,Polio,All,36.01923076923077,0.0,0.0,,3.611437528140457,3.169193237903959,0.0,0.0,0.0,36.01923076923077,0.0,29.68,36.01923076923077,36.01923076923077,0.0,36.01923076923077,0.0,0.0,0.0,0.0
8,1990.0,0.0,Polio,All,36.01923076923077,0.0,0.0,,3.611437528140457,3.169193237903959,0.0,0.0,0.0,36.01923076923077,0.0,29.68,36.01923076923077,36.01923076923077,0.0,36.01923076923077,0.0,0.0,0.0,0.0
9,1990.0,0.0,Polio,All,36.01923076923077,0.0,0.0,,3.611437528140457,3.169193237903959,0.0,0.0,0.0,36.01923076923077,0.0,29.68,36.01923076923077,36.01923076923077,0.0,36.01923076923077,0.0,0.0,0.0,0.0
10,1990.0,0.0,Polio,All,36.01923076923077,0.0,0.0,,3.611437528140457,3.169193237903959,0.0,0.0,0.0,36.01923076923077,0.0,29.68,36.01923076923077,36.01923076923077,0.0,36.01923076923077,0.0,0.0,0.0,0.0
11,1990.0,0.0,Polio,All,36.01923076923077,0.0,0.0,,3.611437528140457,3.169193237903959,0.0,0.0,0.0,36.01923076923077,0.0,29.68,36.01923076923077,36.01923076923077,0.0,36.01923076923077,0.0,0.0,0.0,0.0
12,1990.0,0.0,Polio,All,36.01923076923077,0.0,0.0,,3.611437528140457,3.169193237903959,0.0,0.0,0.0,36.01923076923077,0.0,29.68,36.01923076923077,36.01923076923077,0.0,36.01923076923077,0.0,0.0,0.0,0.0
13,1990.0,0.0,Polio,All,36.01923076923077,0.0,0.0,,3.611437528140457,3.169193237903959,0.0,0.0,0.0,36.01923076923077,0.0,29.68,36.01923076923077,36.01923076923077,0.0,36.01923076923077,0.0,0.0,0.0,0.0
14,1990.0,0.0,Polio,All,36.01923076923077,0.0,0.0,,3.611437528140457,3.169193237903959,0.0,0.0,0.0,36.01923076923077,0.0,29.68,36.01923076923077,36.01923076923077,0.0,36.01923076923077,0.0,0.0,0.0,0.0
15,1990.0,0.0,Polio,All,36.01923076923077,0.0,0.0,,3.611437528140457,3.169193237903959,0.0,0.0,0.0,36.01923076923077,0.0,29.68,36.01923076923077,36.01923076923077,0.0,36.01923076923077,0.0,0.0,0.0,0.0
16,1990.0,0.0,Polio,All,36.01923076923077,0.0,0.0,,3.611437528140457,3.169193237903959,0.0,0.0,0.0,36.01923076923077,0.0,29.68,36.01923076923077,36.01923076923077,0.0,36.01923076923077,0.0,0.0,0.0,0.0
17,1990.0,0.0,Polio,All,36.01923076923077,0.0,0.0,,3.611437528140457,3.169193237903959,0.0,0.0,0.0,36.01923076923077,0.0,29.68,36.01923076923077,36.01923076923077,0.0,36.01923076923077,0.0,0.0,0.0,0.0
18,1990.0,0.0,Polio,All,36.01923076923077,0.0,0.0,,3.611437528140457,3.169193237903959,0.0,0.0,0.0,36.01923076923077,0.0,29.68,36.01923076923077,36.01923076923077,0.0,36.01923076923077,0.0,0.0,0.0,0.0
19,1990.0,0.0,Polio,All,36.01923076923077,0.0,0.0,,3.611437528140457,3.169193237903959,0.0,0.0,0.0,36.01923076923077,0.0,29.68,36.01923076923077,36.01923076923077,0.0,36.01923076923077,0.0,0.0,0.0,0.0
20,1990.0,0.0,Polio,All,36.01923076923077,0.0,0.0,,3.611437528140457,3.169193237903959,0.0,0.0,0.0,36.01923076923077,0.0,29.68,36.01923076923077,36.01923076923077,0.0,36.01923076923077,0.0,0.0,0.0,0.0
21,1990.0,0.0,Polio,All,36.01923076923077,0.0,0.0,,3.611437528140457,3.169193237903959,0.0,0.0,0.0,36.01923076923077,0.0,29.68,36.01923076923077,36.01923076923077,0.0,36.01923076923077,0.0,0.0,0.0,0.0
22,1990.0,0.0,Polio,All,36.01923076923077,0.0,0.0,,3.611437528140457,3.169193237903959,0.0,0.0,0.0,36.01923076923077,0.0,29.68,36.01923076923077,36.01923076923077,0.0,36.01923076923077,0.0,0.0,0.0,0.0
23,1990.0,0.0,Polio,All,36.01923076923077,0.0,0.0,,3.611437528140457,3.169193237903959,0.0,0.0,0.0,36.01923076923077,0.0,29.68,36.01923076923077,36.01923076923077,0.0,36.01923076923077,0.0,0.0,0.0,0.0
24,1990.0,0.0,Polio,All,36.01923076923077,0.0,0.0,,3.611437528140457,3.169193237903959,0.0,0.0,0.0,36.01923076923077,0.0,29.68,36.01923076923077,36.01923076923077,0.0,36.01923076923077,0.0,0.0,0.0,0.0
25,1990.0,0.0,Polio,All,36.01923076923077,0.0,0.0,,3.611437528140457,3.169193237903959,0.0,0.0,0.0,36.01923076923077,0.0,29.68,36.01923076923077,36.01923076923077,0.0,36.01923076923077,0.0,0.0,0.0,0.0
26,1990.0,0.0,Polio,All,36.01923076923077,0.0,0.0,,3.611437528140457,3.169193237903959,0.0,0.0,0.0,36.01923076923077,0.0,29.68,36.01923076923077,36.01923076923077,0.0,36.01923076923077,0.0,0.0,0.0,0.0
27,1990.0,0.0,Polio,All,36.01923076923077,0.0,0.0,,3.611437528140457,3.169193237903959,0.0,0.0,0.0,36.01923076923077,0.0,29.68,36.01923076923077,36.01923076923077,0.0,36.01923076923077,0.0,0.0,0.0,0.0
28,1990.0,0.0,Polio,All,36.01923076923077,0.0,0.0,,3.611437528140457,3.169193237903959,0.0,0.0,0.0,36.01923076923077,0.0,29.68,36.01923076923077,36.01923076923077,0.0,36.01923076923077,0.0,0.0,0.0,0.0
29,1990.0,0.0,Polio,All,36.01923076923077,0.0,0.0,,3.611437528140457,3.169193237903959,0.0,0.0,0.0,36.01923076923077,0.0,29.68,36.01923076923077,36.01923076923077,0.0,36.01923076923077,0.0,0.0,0.0,0.0
30,1990.0,0.0,Polio,All,36.01923076923077,0.0,0.0,,3.611437528140457,3.169193237903959,0.0,0.0,0.0,36.01923076923077,0.0,29.68,36.01923076923077,36.01923076923077,0.0,36.01923076923077,0.0,0.0,0.0,0.0
31,1990.0,0.0,Polio,All,36.01923076923077,0.0,0.0,,3.611437528140457,3.169193237903959,0.0,0.0,0.0,36.01923076923077,0.0,29.68,36.01923076923077,36.01923076923077,0.0,36.01923076923077,0.0,0.0,0.0,0.0
32,1990.0,0.0,Polio,All,36.01923076923077,0.0,0.0,,3.611437528140457,3.169193237903959,0.0,0.0,0.0,36.01923076923077,0.0,29.68,36.01923076923077,36.01923076923077,0.0,36.01923076923077,0.0,0.0,0.0,0.0
33,1990.0,0.0,Polio,All,36.01923076923077,0.0,0.0,,3.611437528140457,3.169193237903959,0.0,0.0,0.0,36.01923076923077,0.0,29.68,36.01923076923077,36.01923076923077,0.0,36.01923076923077,0.0,0.0,0.0,0.0
34,1990.0,0.0,Polio,All,36.01923076923077,0.0,0.0,,3.611437528140457,3.169193237903959,0.0,0.0,0.0,36.01923076923077,0.0,29.68,36.01923076923077,36.01923076923077,0.0,36.01923076923077,0.0,0.0,0.0,0.0
35,1990.0,0.0,Polio,All,36.01923076923077,0.0,0.0,,3.611437528140457,3.169193237903959,0.0,0.0,0.0,36.01923076923077,0.0,29.68,36.01923076923077,36.01923076923077,0.0,36.01923076923077,0.0,0.0,0.0,0.0
36,1990.0,0.0,Polio,All,36.01923076923077,0.0,0.0,,3.611437528140457,3.169193237903959,0.0,0.0,0.0,36.01923076923077,0.0,29.68,36.01923076923077,36.01923076923077,0.0,36.01923076923077,0.0,0.0,0.0,0.0
37,1990.0,0.0,Polio,All,36.01923076923077,0.0,0.0,,3.611437528140457,3.169193237903959,0.0,0.0,0.0,36.01923076923077,0.0,29.68,36.01923076923077,36.01923076923077,0.0,36.01923076923077,0.0,0.0,0.0,0.0
38,1990.0,0.0,Polio,All,36.01923076923077,0.0,0.0,,3.611437528140457,3.169193237903959,0.0,0.0,0.0,36.01923076923077,0.0,29.68,36.01923076923077,36.01923076923077,0.0,36.01923076923077,0.0,0.0,0.0,0.0
39,1990.0,0.0,Polio,All,36.01923076923077,0.0,0.0,,3.611437528140457,3.169193237903959,0.0,0.0,0.0,36.01923076923077,0.0,29.68,36.01923076923077,36.01923076923077,0.0,36.01923076923077,0.0,0.0,0.0,0.0
40,1990.0,0.0,Polio,All,36.01923076923077,0.0,0.0,,3.611437528140457,3.169193237903959,0.0,0.0,0.0,36.01923076923077,0.0,29.68,36.01923076923077,36.01923076923077,0.0,36.01923076923077,0.0,0.0,0.0,0.0
41,1990.0,0.0,Polio,All,36.01923076923077,0.0,0.0,,3.611437528140457,3.169193237903959,0.0,0.0,0.0,36.01923076923077,0.0,29.68,36.01923076923077,36.01923076923077,0.0,36.01923076923077,0.0,0.0,0.0,0.0
42,1990.0,0.0,Polio,All,36.01923076923077,0.0,0.0,,3.611437528140457,3.169193237903959,0.0,0.0,0.0,36.01923076923077,0.0,29.68,36.01923076923077,36.01923076923077,0.0,36.01923076923077,0.0,0.0,0.0,0.0
43,1990.0,0.0,Polio,All,36.01923076923077,0.0,0.0,,3.611437528140457,3.169193237903959,0.0,0.0,0.0,36.01923076923077,0.0,29.68,36.01923076923077,36.01923076923077,0.0,36.01923076923077,0.0,0.0,0.0,0.0
44,1990.0,0.0,Polio,All,36.01923076923077,0.0,0.0,,3.611437528140457,3.169193237903959,0.0,0.0,0.0,36.01923076923077,0.0,29.68,36.01923076923077,36.01923076923077,0.0,36.01923076923077,0.0,0.0,0.0,0.0
45,1990.0,0.0,Polio,All,36.01923076923077,0.0,0.0,,3.611437528140457,3.169193237903959,0.0,0.0,0.0,36.01923076923077,0.0,29.68,36.01923076923077,36.01923076923077,0.0,36.01923076923077,0.0,0.0,0.0,0.0
46,1990.0,0.0,Polio,All,36.01923076923077,0.0,0.0,,3.611437528140457,3.169193237903959,0.0,0.0,0.0,36.01923076923077,0.0,29.68,36.01923076923077,36.01923076923077,0.0,36.01923076923077,0.0,0.0,0.0,0.0
47,1990.0,0.0,Polio,All,36.01923076923077,0.0,0.0,,3.611437528140457,3.169193237903959,0.0,0.0,0.0,36.01923076923077,0.0,29.68,36.01923076923077,36.01923076923077,0.0,36.01923076923077,0.0,0.0,0.0,0.0
48,1990.0,0.0,Polio,All,36.01923076923077,0.0,0.0,,3.611437528140457,3.169193237903959,0.0,0.0,0.0,36.01923076923077,0.0,29.68,36.01923076923077,36.01923076923077,0.0,36.01923076923077,0.0,0.0,0.0,0.0
49,1990.0,0.0,Polio,All,36.01923076923077,0.0,0.0,,3.611437528140457,3.169193237903959,0.0,0.0,0.0,36.01923076923077,0.0,29.68,36.01923076923077,36.01923076923077,0.0,36.01923076923077,0.0,0.0,0.0,0.0
50,1990.0,0.0,Polio,All,36.01923076923077,0.0,0.0,,3.611437528140457,3.169193237903959,0.0,0.0,0.0,36.01923076923077,0.0,29.68,36.01923076923077,36.01923076923077,0.0,36.01923076923077,0.0,0.0,0.0,0.0
51,1990.0,0.0,Polio,All,36.01923076923077,0.0,0.0,,3.611437528140457,3.169193237903959,0.0,0.0,0.0,36.01923076923077,0.0,29.68,36.01923076923077,36.01923076923077,0.0,36.01923076923077,0.0,0.0,0.0,0.0
52,1990.0,0.0,Polio,All,36.01923076923077,0.0,0.0,,3.611437528140457,3.169193237903959,0.0,0.0,0.0,36.01923076923077,0.0,29.68,36.01923076923077,36.01923076923077,0.0,36.01923076923077,0.0,0.0,0.0,0.0
1,1991.0,0.0,Polio,All,16.192307692307693,0.0,0.0,,2.844462056592087,0.8283165600956488,0.0,0.0,0.0,16.192307692307693,0.0,30.176,36.01923076923077,36.01923076923077,0.0,31.062499999999996,9.91346153846153,0.0,-0.5504538174052321,0.0
2,1991.0,0.0,Polio,All,16.192307692307693,0.0,0.0,,2.844462056592087,0.8283165600956488,0.0,0.0,0.0,16.192307692307693,0.0,30.176,16.192307692307693,26.10576923076923,0.0,26.10576923076923,11.447079375663535,0.0,0.0,0.0
3,1991.0,0.0,Polio,All,16.192307692307693,0.0,0.0,,2.844462056592087,0.8283165600956488,0.0,0.0,0.0,16.192307692307693,0.0,30.176,16.192307692307693,16.192307692307693,0.0,21.149038461538463,9.913461538461533,0.0,0.0,0.0
4,1991.0,0.0,Polio,All,16.192307692307693,0.0,0.0,,2.844462056592087,0.8283165600956488,0.0,0.0,0.0,16.192307692307693,0.0,30.176,16.192307692307693,16.192307692307693,0.0,16.192307692307693,0.0,0.0,0.0,0.0
5,1991.0,0.0,Polio,All,16.192307692307693,0.0,0.0,,2.844462056592087,0.8283165600956488,0.0,0.0,0.0,16.192307692307693,0.0,30.176,16.192307692307693,16.192307692307693,0.0,16.192307692307693,0.0,0.0,0.0,0.0
6,1991.0,0.0,Polio,All,16.192307692307693,0.0,0.0,,2.844462056592087,0.8283165600956488,0.0,0.0,0.0,16.192307692307693,0.0,30.176,16.192307692307693,16.192307692307693,0.0,16.192307692307693,0.0,0.0,0.0,0.0
7,1991.0,0.0,Polio,All,16.192307692307693,0.0,0.0,,2.844462056592087,0.8283165600956488,0.0,0.0,0.0,16.192307692307693,0.0,30.176,16.192307692307693,16.192307692307693,0.0,16.192307692307693,0.0,0.0,0.0,0.0
8,1991.0,0.0,Polio,All,16.192307692307693,0.0,0.0,,2.844462056592087,0.8283165600956488,0.0,0.0,0.0,16.192307692307693,0.0,30.176,16.192307692307693,16.192307692307693,0.0,16.192307692307693,0.0,0.0,0.0,0.0
9,1991.0,0.0,Polio,All,16.192307692307693,0.0,0.0,,2.844462056592087,0.8283165600956488,0.0,0.0,0.0,16.192307692307693,0.0,30.176,16.192307692307693,16.192307692307693,0.0,16.192307692307693,0.0,0.0,0.0,0.0
10,1991.0,0.0,Polio,All,16.192307692307693,0.0,0.0,,2.844462056592087,0.8283165600956488,0.0,0.0,0.0,16.192307692307693,0.0,30.176,16.192307692307693,16.192307692307693,0.0,16.192307692307693,0.0,0.0,0.0,0.0
11,1991.0,0.0,Polio,All,16.192307692307693,0.0,0.0,,2.844462056592087,0.8283165600956488,0.0,0.0,0.0,16.192307692307693,0.0,30.176,16.192307692307693,16.192307692307693,0.0,16.192307692307693,0.0,0.0,0.0,0.0
12,1991.0,0.0,Polio,All,16.192307692307693,0.0,0.0,,2.844462056592087,0.8283165600956488,0.0,0.0,0.0,16.192307692307693,0.0,30.176,16.192307692307693,16.192307692307693,0.0,16.192307692307693,0.0,0.0,0.0,0.0
13,1991.0,0.0,Polio,All,16.192307692307693,0.0,0.0,,2.844462056592087,0.8283165600956488,0.0,0.0,0.0,16.192307692307693,0.0,30.176,16.192307692307693,16.192307692307693,0.0,16.192307692307693,0.0,0.0,0.0,0.0
14,1991.0,0.0,Polio,All,16.192307692307693,0.0,0.0,,2.844462056592087,0.8283165600956488,0.0,0.0,0.0,16.192307692307693,0.0,30.176,16.192307692307693,16.192307692307693,0.0,16.192307692307693,0.0,0.0,0.0,0.0
15,1991.0,0.0,Polio,All,16.192307692307693,0.0,0.0,,2.844462056592087,0.8283165600956488,0.0,0.0,0.0,16.192307692307693,0.0,30.176,16.192307692307693,16.192307692307693,0.0,16.192307692307693,0.0,0.0,0.0,0.0
16,1991.0,0.0,Polio,All,16.192307692307693,0.0,0.0,,2.844462056592087,0.8283165600956488,0.0,0.0,0.0,16.192307692307693,0.0,30.176,16.192307692307693,16.192307692307693,0.0,16.192307692307693,0.0,0.0,0.0,0.0
17,1991.0,0.0,Polio,All,16.192307692307693,0.0,0.0,,2.844462056592087,0.8283165600956488,0.0,0.0,0.0,16.192307692307693,0.0,30.176,16.192307692307693,16.192307692307693,0.0,16.192307692307693,0.0,0.0,0.0,0.0
18,1991.0,0.0,Polio,All,16.192307692307693,0.0,0.0,,2.844462056592087,0.8283165600956488,0.0,0.0,0.0,16.192307692307693,0.0,30.176,16.192307692307693,16.192307692307693,0.0,16.192307692307693,0.0,0.0,0.0,0.0
19,1991.0,0.0,Polio,All,16.192307692307693,0.0,0.0,,2.844462056592087,0.8283165600956488,0.0,0.0,0.0,16.192307692307693,0.0,30.176,16.192307692307693,16.192307692307693,0.0,16.192307692307693,0.0,0.0,0.0,0.0
20,1991.0,0.0,Polio,All,16.192307692307693,0.0,0.0,,2.844462056592087,0.8283165600956488,0.0,0.0,0.0,16.192307692307693,0.0,30.176,16.192307692307693,16.192307692307693,0.0,16.192307692307693,0.0,0.0,0.0,0.0
21,1991.0,0.0,Polio,All,16.192307692307693,0.0,0.0,,2.844462056592087,0.8283165600956488,0.0,0.0,0.0,16.192307692307693,0.0,30.176,16.192307692307693,16.192307692307693,0.0,16.192307692307693,0.0,0.0,0.0,0.0
22,1991.0,0.0,Polio,All,16.192307692307693,0.0,0.0,,2.844462056592087,0.8283165600956488,0.0,0.0,0.0,16.192307692307693,0.0,30.176,16.192307692307693,16.192307692307693,0.0,16.192307692307693,0.0,0.0,0.0,0.0
23,1991.0,0.0,Polio,All,16.192307692307693,0.0,0.0,,2.844462056592087,0.8283165600956488,0.0,0.0,0.0,16.192307692307693,0.0,30.176,16.192307692307693,16.192307692307693,0.0,16.192307692307693,0.0,0.0,0.0,0.0
24,1991.0,0.0,Polio,All,16.192307692307693,0.0,0.0,,2.844462056592087,0.8283165600956488,0.0,0.0,0.0,16.192307692307693,0.0,30.176,16.192307692307693,16.192307692307693,0.0,16.192307692307693,0.0,0.0,0.0,0.0
25,1991.0,0.0,Polio,All,16.192307692307693,0.0,0.0,,2.844462056592087,0.8283165600956488,0.0,0.0,0.0,16.192307692307693,0.0,30.176,16.192307692307693,16.192307692307693,0.0,16.192307692307693,0.0,0.0,0.0,0.0
26,1991.0,0.0,Polio,All,16.192307692307693,0.0,0.0,,2.844462056592087,0.8283165600956488,0.0,0.0,0.0,16.192307692307693,0.0,30.176,16.192307692307693,16.192307692307693,0.0,16.192307692307693,0.0,0.0,0.0,0.0
27,1991.0,0.0,Polio,All,16.192307692307693,0.0,0.0,,2.844462056592087,0.8283165600956488,0.0,0.0,0.0,16.192307692307693,0.0,30.176,16.192307692307693,16.192307692307693,0.0,16.192307692307693,0.0,0.0,0.0,0.0
28,1991.0,0.0,Polio,All,16.192307692307693,0.0,0.0,,2.844462056592087,0.8283165600956488,0.0,0.0,0.0,16.192307692307693,0.0,30.176,16.192307692307693,16.192307692307693,0.0,16.192307692307693,0.0,0.0,0.0,0.0
29,1991.0,0.0,Polio,All,16.192307692307693,0.0,0.0,,2.844462056592087,0.8283165600956488,0.0,0.0,0.0,16.192307692307693,0.0,30.176,16.192307692307693,16.192307692307693,0.0,16.192307692307693,0.0,0.0,0.0,0.0
30,1991.0,0.0,Polio,All,16.192307692307693,0.0,0.0,,2.844462056592087,0.8283165600956488,0.0,0.0,0.0,16.192307692307693,0.0,30.176,16.192307692307693,16.192307692307693,0.0,16.192307692307693,0.0,0.0,0.0,0.0
31,1991.0,0.0,Polio,All,16.192307692307693,0.0,0.0,,2.844462056592087,0.8283165600956488,0.0,0.0,0.0,16.192307692307693,0.0,30.176,16.192307692307693,16.192307692307693,0.0,16.192307692307693,0.0,0.0,0.0,0.0
32,1991.0,0.0,Polio,All,16.192307692307693,0.0,0.0,,2.844462056592087,0.8283165600956488,0.0,0.0,0.0,16.192307692307693,0.0,30.176,16.192307692307693,16.192307692307693,0.0,16.192307692307693,0.0,0.0,0.0,0.0
33,1991.0,0.0,Polio,All,16.192307692307693,0.0,0.0,,2.844462056592087,0.8283165600956488,0.0,0.0,0.0,16.192307692307693,0.0,30.176,16.192307692307693,16.192307692307693,0.0,16.192307692307693,0.0,0.0,0.0,0.0
34,1991.0,0.0,Polio,All,16.192307692307693,0.0,0.0,,2.844462056592087,0.8283165600956488,0.0,0.0,0.0,16.192307692307693,0.0,30.176,16.192307692307693,16.192307692307693,0.0,16.192307692307693,0.0,0.0,0.0,0.0
35,1991.0,0.0,Polio,All,16.192307692307693,0.0,0.0,,2.844462056592087,0.8283165600956488,0.0,0.0,0.0,16.192307692307693,0.0,30.176,16.192307692307693,16.192307692307693,0.0,16.192307692307693,0.0,0.0,0.0,0.0
36,1991.0,0.0,Polio,All,16.192307692307693,0.0,0.0,,2.844462056592087,0.8283165600956488,0.0,0.0,0.0,16.192307692307693,0.0,30.176,16.192307692307693,16.192307692307693,0.0,16.192307692307693,0.0,0.0,0.0,0.0
37,1991.0,0.0,Polio,All,16.192307692307693,0.0,0.0,,2.844462056592087,0.8283165600956488,0.0,0.0,0.0,16.192307692307693,0.0,30.176,16.192307692307693,16.192307692307693,0.0,16.192307692307693,0.0,0.0,0.0,0.0
38,1991.0,0.0,Polio,All,16.192307692307693,0.0,0.0,,2.844462056592087,0.8283165600956488,0.0,0.0,0.0,16.192307692307693,0.0,30.176,16.192307692307693,16.192307692307693,0.0,16.192307692307693,0.0,0.0,0.0,0.0
39,1991.0,0.0,Polio,All,16.192307692307693,0.0,0.0,,2.844462056592087,0.8283165600956488,0.0,0.0,0.0,16.192307692307693,0.0,30.176,16.192307692307693,16.192307692307693,0.0,16.192307692307693,0.0,0.0,0.0,0.0
40,1991.0,0.0,Polio,All,16.192307692307693,0.0,0.0,,2.844462056592087,0.8283165600956488,0.0,0.0,0.0,16.192307692307693,0.0,30.176,16.192307692307693,16.192307692307693,0.0,16.192307692307693,0.0,0.0,0.0,0.0
41,1991.0,0.0,Polio,All,16.192307692307693,0.0,0.0,,2.844462056592087,0.8283165600956488,0.0,0.0,0.0,16.192307692307693,0.0,30.176,16.192307692307693,16.192307692307693,0.0,16.192307692307693,0.0,0.0,0.0,0.0
42,1991.0,0.0,Polio,All,16.192307692307693,0.0,0.0,,2.844462056592087,0.8283165600956488,0.0,0.0,0.0,16.192307692307693,0.0,30.176,16.192307692307693,16.192307692307693,0.0,16.192307692307693,0.0,0.0,0.0,0.0
43,1991.0,0.0,Polio,All,16.192307692307693,0.0,0.0,,2.844462056592087,0.8283165600956488,0.0,0.0,0.0,16.192307692307693,0.0,30.176,16.192307692307693,16.192307692307693,0.0,16.192307692307693,0.0,0.0,0.0,0.0
44,1991.0,0.0,Polio,All,16.192307692307693,0.0,0.0,,2.844462056592087,0.8283165600956488,0.0,0.0,0.0,16.192307692307693,0.0,30.176,16.192307692307693,16.192307692307693,0.0,16.192307692307693,0.0,0.0,0.0,0.0
45,1991.0,0.0,Polio,All,16.192307692307693,0.0,0.0,,2.844462056592087,0.8283165600956488,0.0,0.0,0.0,16.192307692307693,0.0,30.176,16.192307692307693,16.192307692307693,0.0,16.192307692307693,0.0,0.0,0.0,0.0
46,1991.0,0.0,Polio,All,16.192307692307693,0.0,0.0,,2.844462056592087,0.8283165600956488,0.0,0.0,0.0,16.192307692307693,0.0,30.176,16.192307692307693,16.192307692307693,0.0,16.192307692307693,0.0,0.0,0.0,0.0
47,1991.0,0.0,Polio,All,16.192307692307693,0.0,0.0,,2.844462056592087,0.8283165600956488,0.0,0.0,0.0,16.192307692307693,0.0,30.176,16.192307692307693,16.192307692307693,0.0,16.192307692307693,0.0,0.0,0.0,0.0
48,1991.0,0.0,Polio,All,16.192307692307693,0.0,0.0,,2.844462056592087,0.8283165600956488,0.0,0.0,0.0,16.192307692307693,0.0,30.176,16.192307692307693,16.192307692307693,0.0,16.192307692307693,0.0,0.0,0.0,0.0
49,1991.0,0.0,Polio,All,16.192307692307693,0.0,0.0,,2.844462056592087,0.8283165600956488,0.0,0.0,0.0,16.192307692307693,0.0,30.176,16.192307692307693,16.192307692307693,0.0,16.192307692307693,0.0,0.0,0.0,0.0
50,1991.0,0.0,Polio,All,16.192307692307693,0.0,0.0,,2.844462056592087,0.8283165600956488,0.0,0.0,0.0,16.192307692307693,0.0,30.176,16.192307692307693,16.192307692307693,0.0,16.192307692307693,0.0,0.0,0.0,0.0
51,1991.0,0.0,Polio,All,16.192307692307693,0.0,0.0,,2.844462056592087,0.8283165600956488,0.0,0.0,0.0,16.192307692307693,0.0,30.176,16.192307692307693,16.192307692307693,0.0,16.192307692307693,0.0,0.0,0.0,0.0
52,1991.0,0.0,Polio,All,16.192307692307693,0.0,0.0,,2.844462056592087,0.8283165600956488,0.0,0.0,0.0,16.192307692307693,0.0,30.176,16.192307692307693,16.192307692307693,0.0,16.192307692307693,0.0,0.0,0.0,0.0
1,1992.0,0.0,Polio,All,18.403846153846157,0.0,0.0,,2.965471301772182,1.0894230760490493,0.0,0.0,0.0,18.403846153846157,0.0,30.677,16.192307692307693,16.192307692307693,0.0,16.74519230769231,1.1057692307692035,0.0,0.13657957244655594,0.0
2,1992.0,0.0,Polio,All,18.403846153846157,0.0,0.0,,2.965471301772182,1.0894230760490493,0.0,0.0,0.0,18.403846153846157,0.0,30.677,18.403846153846157,17.298076923076927,0.0,17.298076923076927,1.2768323260924166,0.0,0.0,0.0
3,1992.0,0.0,Polio,All,18.403846153846157,0.0,0.0,,2.965471301772182,1.0894230760490493,0.0,0.0,0.0,18.403846153846157,0.0,30.677,18.403846153846157,18.403846153846157,0.0,17.85096153846154,1.1057692307692002,0.0,0.0,0.0
4,1992.0,0.0,Polio,All,18.403846153846157,0.0,0.0,,2.965471301772182,1.0894230760490493,0.0,0.0,0.0,18.403846153846157,0.0,30.677,18.403846153846157,18.403846153846157,0.0,18.403846153846157,0.0,0.0,0.0,0.0
5,1992.0,0.0,Polio,All,18.403846153846157,0.0,0.0,,2.965471301772182,1.0894230760490493,0.0,0.0,0.0,18.403846153846157,0.0,30.677,18.403846153846157,18.403846153846157,0.0,18.403846153846157,0.0,0.0,0.0,0.0
6,1992.0,0.0,Polio,All,18.403846153846157,0.0,0.0,,2.965471301772182,1.0894230760490493,0.0,0.0,0.0,18.403846153846157,0.0,30.677,18.403846153846157,18.403846153846157,0.0,18.403846153846157,0.0,0.0,0.0,0.0
7,1992.0,0.0,Polio,All,18.403846153846157,0.0,0.0,,2.965471301772182,1.0894230760490493,0.0,0.0,0.0,18.403846153846157,0.0,30.677,18.403846153846157,18.403846153846157,0.0,18.403846153846157,0.0,0.0,0.0,0.0
8,1992.0,0.0,Polio,All,18.403846153846157,0.0,0.0,,2.965471301772182,1.0894230760490493,0.0,0.0,0.0,18.403846153846157,0.0,30.677,18.403846153846157,18.403846153846157,0.0,18.403846153846157,0.0,0.0,0.0,0.0
9,1992.0,0.0,Polio,All,18.403846153846157,0.0,0.0,,2.965471301772182,1.0894230760490493,0.0,0.0,0.0,18.403846153846157,0.0,30.677,18.403846153846157,18.403846153846157,0.0,18.403846153846157,0.0,0.0,0.0,0.0
10,1992.0,0.0,Polio,All,18.403846153846157,0.0,0.0,,2.965471301772182,1.0894230760490493,0.0,0.0,0.0,18.403846153846157,0.0,30.677,18.403846153846157,18.403846153846157,0.0,18.403846153846157,0.0,0.0,0.0,0.0
11,1992.0,0.0,Polio,All,18.403846153846157,0.0,0.0,,2.965471301772182,1.0894230760490493,0.0,0.0,0.0,18.403846153846157,0.0,30.677,18.403846153846157,18.403846153846157,0.0,18.403846153846157,0.0,0.0,0.0,0.0
12,1992.0,0.0,Polio,All,18.403846153846157,0.0,0.0,,2.965471301772182,1.0894230760490493,0.0,0.0,0.0,18.403846153846157,0.0,30.677,18.403846153846157,18.403846153846157,0.0,18.403846153846157,0.0,0.0,0.0,0.0
13,1992.0,0.0,Polio,All,18.403846153846157,0.0,0.0,,2.965471301772182,1.0894230760490493,0.0,0.0,0.0,18.403846153846157,0.0,30.677,18.403846153846157,18.403846153846157,0.0,18.403846153846157,0.0,0.0,0.0,0.0
14,1992.0,0.0,Polio,All,18.403846153846157,0.0,0.0,,2.965471301772182,1.0894230760490493,0.0,0.0,0.0,18.403846153846157,0.0,30.677,18.403846153846157,18.403846153846157,0.0,18.403846153846157,0.0,0.0,0.0,0.0
15,1992.0,0.0,Polio,All,18.403846153846157,0.0,0.0,,2.965471301772182,1.0894230760490493,0.0,0.0,0.0,18.403846153846157,0.0,30.677,18.403846153846157,18.403846153846157,0.0,18.403846153846157,0.0,0.0,0.0,0.0
16,1992.0,0.0,Polio,All,18.403846153846157,0.0,0.0,,2.965471301772182,1.0894230760490493,0.0,0.0,0.0,18.403846153846157,0.0,30.677,18.403846153846157,18.403846153846157,0.0,18.403846153846157,0.0,0.0,0.0,0.0
17,1992.0,0.0,Polio,All,18.403846153846157,0.0,0.0,,2.965471301772182,1.0894230760490493,0.0,0.0,0.0,18.403846153846157,0.0,30.677,18.403846153846157,18.403846153846157,0.0,18.403846153846157,0.0,0.0,0.0,0.0
18,1992.0,0.0,Polio,All,18.403846153846157,0.0,0.0,,2.965471301772182,1.0894230760490493,0.0,0.0,0.0,18.403846153846157,0.0,30.677,18.403846153846157,18.403846153846157,0.0,18.403846153846157,0.0,0.0,0.0,0.0
19,1992.0,0.0,Polio,All,18.403846153846157,0.0,0.0,,2.965471301772182,1.0894230760490493,0.0,0.0,0.0,18.403846153846157,0.0,30.677,18.403846153846157,18.403846153846157,0.0,18.403846153846157,0.0,0.0,0.0,0.0
20,1992.0,0.0,Polio,All,18.403846153846157,0.0,0.0,,2.965471301772182,1.0894230760490493,0.0,0.0,0.0,18.403846153846157,0.0,30.677,18.403846153846157,18.403846153846157,0.0,18.403846153846157,0.0,0.0,0.0,0.0
21,1992.0,0.0,Polio,All,18.403846153846157,0.0,0.0,,2.965471301772182,1.0894230760490493,0.0,0.0,0.0,18.403846153846157,0.0,30.677,18.403846153846157,18.403846153846157,0.0,18.403846153846157,0.0,0.0,0.0,0.0
22,1992.0,0.0,Polio,All,18.403846153846157,0.0,0.0,,2.965471301772182,1.0894230760490493,0.0,0.0,0.0,18.403846153846157,0.0,30.677,18.403846153846157,18.403846153846157,0.0,18.403846153846157,0.0,0.0,0.0,0.0
23,1992.0,0.0,Polio,All,18.403846153846157,0.0,0.0,,2.965471301772182,1.0894230760490493,0.0,0.0,0.0,18.403846153846157,0.0,30.677,18.403846153846157,18.403846153846157,0.0,18.403846153846157,0.0,0.0,0.0,0.0
24,1992.0,0.0,Polio,All,18.403846153846157,0.0,0.0,,2.965471301772182,1.0894230760490493,0.0,0.0,0.0,18.403846153846157,0.0,30.677,18.403846153846157,18.403846153846157,0.0,18.403846153846157,0.0,0.0,0.0,0.0
25,1992.0,0.0,Polio,All,18.403846153846157,0.0,0.0,,2.965471301772182,1.0894230760490493,0.0,0.0,0.0,18.403846153846157,0.0,30.677,18.403846153846157,18.403846153846157,0.0,18.403846153846157,0.0,0.0,0.0,0.0
26,1992.0,0.0,Polio,All,18.403846153846157,0.0,0.0,,2.965471301772182,1.0894230760490493,0.0,0.0,0.0,18.403846153846157,0.0,30.677,18.403846153846157,18.403846153846157,0.0,18.403846153846157,0.0,0.0,0.0,0.0
27,1992.0,0.0,Polio,All,18.403846153846157,0.0,0.0,,2.965471301772182,1.0894230760490493,0.0,0.0,0.0,18.403846153846157,0.0,30.677,18.403846153846157,18.403846153846157,0.0,18.403846153846157,0.0,0.0,0.0,0.0
28,1992.0,0.0,Polio,All,18.403846153846157,0.0,0.0,,2.965471301772182,1.0894230760490493,0.0,0.0,0.0,18.403846153846157,0.0,30.677,18.403846153846157,18.403846153846157,0.0,18.403846153846157,0.0,0.0,0.0,0.0
29,1992.0,0.0,Polio,All,18.403846153846157,0.0,0.0,,2.965471301772182,1.0894230760490493,0.0,0.0,0.0,18.403846153846157,0.0,30.677,18.403846153846157,18.403846153846157,0.0,18.403846153846157,0.0,0.0,0.0,0.0
30,1992.0,0.0,Polio,All,18.403846153846157,0.0,0.0,,2.965471301772182,1.0894230760490493,0.0,0.0,0.0,18.403846153846157,0.0,30.677,18.403846153846157,18.403846153846157,0.0,18.403846153846157,0.0,0.0,0.0,0.0
31,1992.0,0.0,Polio,All,18.403846153846157,0.0,0.0,,2.965471301772182,1.0894230760490493,0.0,0.0,0.0,18.403846153846157,0.0,30.677,18.403846153846157,18.403846153846157,0.0,18.403846153846157,0.0,0.0,0.0,0.0
32,1992.0,0.0,Polio,All,18.403846153846157,0.0,0.0,,2.965471301772182,1.0894230760490493,0.0,0.0,0.0,18.403846153846157,0.0,30.677,18.403846153846157,18.403846153846157,0.0,18.403846153846157,0.0,0.0,0.0,0.0
33,1992.0,0.0,Polio,All,18.403846153846157,0.0,0.0,,2.965471301772182,1.0894230760490493,0.0,0.0,0.0,18.403846153846157,0.0,30.677,18.403846153846157,18.403846153846157,0.0,18.403846153846157,0.0,0.0,0.0,0.0
34,1992.0,0.0,Polio,All,18.403846153846157,0.0,0.0,,2.965471301772182,1.0894230760490493,0.0,0.0,0.0,18.403846153846157,0.0,30.677,18.403846153846157,18.403846153846157,0.0,18.403846153846157,0.0,0.0,0.0,0.0
35,1992.0,0.0,Polio,All,18.403846153846157,0.0,0.0,,2.965471301772182,1.0894230760490493,0.0,0.0,0.0,18.403846153846157,0.0,30.677,18.403846153846157,18.403846153846157,0.0,18.403846153846157,0.0,0.0,0.0,0.0
36,1992.0,0.0,Polio,All,18.403846153846157,0.0,0.0,,2.965471301772182,1.0894230760490493,0.0,0.0,0.0,18.403846153846157,0.0,30.677,18.403846153846157,18.403846153846157,0.0,18.403846153846157,0.0,0.0,0.0,0.0
37,1992.0,0.0,Polio,All,18.403846153846157,0.0,0.0,,2.965471301772182,1.0894230760490493,0.0,0.0,0.0,18.403846153846157,0.0,30.677,18.403846153846157,18.403846153846157,0.0,18.403846153846157,0.0,0.0,0.0,0.0
38,1992.0,0.0,Polio,All,18.403846153846157,0.0,0.0,,2.965471301772182,1.0894230760490493,0.0,0.0,0.0,18.403846153846157,0.0,30.677,18.403846153846157,18.403846153846157,0.0,18.403846153846157,0.0,0.0,0.0,0.0
39,1992.0,0.0,Polio,All,18.403846153846157,0.0,0.0,,2.965471301772182,1.0894230760490493,0.0,0.0,0.0,18.403846153846157,0.0,30.677,18.403846153846157,18.403846153846157,0.0,18.403846153846157,0.0,0.0,0.0,0.0
40,1992.0,0.0,Polio,All,18.403846153846157,0.0,0.0,,2.965471301772182,1.0894230760490493,0.0,0.0,0.0,18.403846153846157,0.0,30.677,18.403846153846157,18.403846153846157,0.0,18.403846153846157,0.0,0.0,0.0,0.0
41,1992.0,0.0,Polio,All,18.403846153846157,0.0,0.0,,2.965471301772182,1.0894230760490493,0.0,0.0,0.0,18.403846153846157,0.0,30.677,18.403846153846157,18.403846153846157,0.0,18.403846153846157,0.0,0.0,0.0,0.0
42,1992.0,0.0,Polio,All,18.403846153846157,0.0,0.0,,2.965471301772182,1.0894230760490493,0.0,0.0,0.0,18.403846153846157,0.0,30.677,18.403846153846157,18.403846153846157,0.0,18.403846153846157,0.0,0.0,0.0,0.0
43,1992.0,0.0,Polio,All,18.403846153846157,0.0,0.0,,2.965471301772182,1.0894230760490493,0.0,0.0,0.0,18.403846153846157,0.0,30.677,18.403846153846157,18.403846153846157,0.0,18.403846153846157,0.0,0.0,0.0,0.0
44,1992.0,0.0,Polio,All,18.403846153846157,0.0,0.0,,2.965471301772182,1.0894230760490493,0.0,0.0,0.0,18.403846153846157,0.0,30.677,18.403846153846157,18.403846153846157,0.0,18.403846153846157,0.0,0.0,0.0,0.0
45,1992.0,0.0,Polio,All,18.403846153846157,0.0,0.0,,2.965471301772182,1.0894230760490493,0.0,0.0,0.0,18.403846153846157,0.0,30.677,18.403846153846157,18.403846153846157,0.0,18.403846153846157,0.0,0.0,0.0,0.0
46,1992.0,0.0,Polio,All,18.403846153846157,0.0,0.0,,2.965471301772182,1.0894230760490493,0.0,0.0,0.0,18.403846153846157,0.0,30.677,18.403846153846157,18.403846153846157,0.0,18.403846153846157,0.0,0.0,0.0,0.0
47,1992.0,0.0,Polio,All,18.403846153846157,0.0,0.0,,2.965471301772182,1.0894230760490493,0.0,0.0,0.0,18.403846153846157,0.0,30.677,18.403846153846157,18.403846153846157,0.0,18.403846153846157,0.0,0.0,0.0,0.0
48,1992.0,0.0,Polio,All,18.403846153846157,0.0,0.0,,2.965471301772182,1.0894230760490493,0.0,0.0,0.0,18.403846153846157,0.0,30.677,18.403846153846157,18.403846153846157,0.0,18.403846153846157,0.0,0.0,0.0,0.0
49,1992.0,0.0,Polio,All,18.403846153846157,0.0,0.0,,2.965471301772182,1.0894230760490493,0.0,0.0,0.0,18.403846153846157,0.0,30.677,18.403846153846157,18.403846153846157,0.0,18.403846153846157,0.0,0.0,0.0,0.0
50,1992.0,0.0,Polio,All,18.403846153846157,0.0,0.0,,2.965471301772182,1.0894230760490493,0.0,0.0,0.0,18.403846153846157,0.0,30.677,18.403846153846157,18.403846153846157,0.0,18.403846153846157,0.0,0.0,0.0,0.0
51,1992.0,0.0,Polio,All,18.403846153846157,0.0,0.0,,2.965471301772182,1.0894230760490493,0.0,0.0,0.0,18.403846153846157,0.0,30.677,18.403846153846157,18.403846153846157,0.0,18.403846153846157,0.0,0.0,0.0,0.0
52,1992.0,0.0,Polio,All,18.403846153846157,0.0,0.0,,2.965471301772182,1.0894230760490493,0.0,0.0,0.0,18.403846153846157,0.0,30.677,18.403846153846157,18.403846153846157,0.0,18.403846153846157,0.0,0.0,0.0,0.0
1,1993.0,0.0,Polio,All,20.82692307692308,0.0,0.0,,3.083144211334076,1.3755049978762532,0.0,0.0,0.0,20.82692307692308,0.0,31.182,18.403846153846157,18.403846153846157,0.0,19.009615384615387,1.2115384615384295,0.0,0.13166144200626959,0.0
2,1993.0,0.0,Polio,All,20.82692307692308,0.0,0.0,,3.083144211334076,1.3755049978762532,0.0,0.0,0.0,20.82692307692308,0.0,31.182,20.82692307692308,19.61538461538462,0.0,19.61538461538462,1.3989641138056028,0.0,0.0,0.0
3,1993.0,0.0,Polio,All,20.82692307692308,0.0,0.0,,3.083144211334076,1.3755049978762532,0.0,0.0,0.0,20.82692307692308,0.0,31.182,20.82692307692308,20.82692307692308,0.0,20.221153846153847,1.2115384615384273,0.0,0.0,0.0
4,1993.0,0.0,Polio,All,20.82692307692308,0.0,0.0,,3.083144211334076,1.3755049978762532,0.0,0.0,0.0,20.82692307692308,0.0,31.182,20.82692307692308,20.82692307692308,0.0,20.82692307692308,0.0,0.0,0.0,0.0
5,1993.0,0.0,Polio,All,20.82692307692308,0.0,0.0,,3.083144211334076,1.3755049978762532,0.0,0.0,0.0,20.82692307692308,0.0,31.182,20.82692307692308,20.82692307692308,0.0,20.82692307692308,0.0,0.0,0.0,0.0
6,1993.0,0.0,Polio,All,20.82692307692308,0.0,0.0,,3.083144211334076,1.3755049978762532,0.0,0.0,0.0,20.82692307692308,0.0,31.182,20.82692307692308,20.82692307692308,0.0,20.82692307692308,0.0,0.0,0.0,0.0
7,1993.0,0.0,Polio,All,20.82692307692308,0.0,0.0,,3.083144211334076,1.3755049978762532,0.0,0.0,0.0,20.82692307692308,0.0,31.182,20.82692307692308,20.82692307692308,0.0,20.82692307692308,0.0,0.0,0.0,0.0
8,1993.0,0.0,Polio,All,20.82692307692308,0.0,0.0,,3.083144211334076,1.3755049978762532,0.0,0.0,0.0,20.82692307692308,0.0,31.182,20.82692307692308,20.82692307692308,0.0,20.82692307692308,0.0,0.0,0.0,0.0
9,1993.0,0.0,Polio,All,20.82692307692308,0.0,0.0,,3.083144211334076,1.3755049978762532,0.0,0.0,0.0,20.82692307692308,0.0,31.182,20.82692307692308,20.82692307692308,0.0,20.82692307692308,0.0,0.0,0.0,0.0
10,1993.0,0.0,Polio,All,20.82692307692308,0.0,0.0,,3.083144211334076,1.3755049978762532,0.0,0.0,0.0,20.82692307692308,0.0,31.182,20.82692307692308,20.82692307692308,0.0,20.82692307692308,0.0,0.0,0.0,0.0
11,1993.0,0.0,Polio,All,20.82692307692308,0.0,0.0,,3.083144211334076,1.3755049978762532,0.0,0.0,0.0,20.82692307692308,0.0,31.182,20.82692307692308,20.82692307692308,0.0,20.82692307692308,0.0,0.0,0.0,0.0
12,1993.0,0.0,Polio,All,20.82692307692308,0.0,0.0,,3.083144211334076,1.3755049978762532,0.0,0.0,0.0,20.82692307692308,0.0,31.182,20.82692307692308,20.82692307692308,0.0,20.82692307692308,0.0,0.0,0.0,0.0
13,1993.0,0.0,Polio,All,20.82692307692308,0.0,0.0,,3.083144211334076,1.3755049978762532,0.0,0.0,0.0,20.82692307692308,0.0,31.182,20.82692307692308,20.82692307692308,0.0,20.82692307692308,0.0,0.0,0.0,0.0
14,1993.0,0.0,Polio,All,20.82692307692308,0.0,0.0,,3.083144211334076,1.3755049978762532,0.0,0.0,0.0,20.82692307692308,0.0,31.182,20.82692307692308,20.82692307692308,0.0,20.82692307692308,0.0,0.0,0.0,0.0
15,1993.0,0.0,Polio,All,20.82692307692308,0.0,0.0,,3.083144211334076,1.3755049978762532,0.0,0.0,0.0,20.82692307692308,0.0,31.182,20.82692307692308,20.82692307692308,0.0,20.82692307692308,0.0,0.0,0.0,0.0
16,1993.0,0.0,Polio,All,20.82692307692308,0.0,0.0,,3.083144211334076,1.3755049978762532,0.0,0.0,0.0,20.82692307692308,0.0,31.182,20.82692307692308,20.82692307692308,0.0,20.82692307692308,0.0,0.0,0.0,0.0
17,1993.0,0.0,Polio,All,20.82692307692308,0.0,0.0,,3.083144211334076,1.3755049978762532,0.0,0.0,0.0,20.82692307692308,0.0,31.182,20.82692307692308,20.82692307692308,0.0,20.82692307692308,0.0,0.0,0.0,0.0
18,1993.0,0.0,Polio,All,20.82692307692308,0.0,0.0,,3.083144211334076,1.3755049978762532,0.0,0.0,0.0,20.82692307692308,0.0,31.182,20.82692307692308,20.82692307692308,0.0,20.82692307692308,0.0,0.0,0.0,0.0
19,1993.0,0.0,Polio,All,20.82692307692308,0.0,0.0,,3.083144211334076,1.3755049978762532,0.0,0.0,0.0,20.82692307692308,0.0,31.182,20.82692307692308,20.82692307692308,0.0,20.82692307692308,0.0,0.0,0.0,0.0
20,1993.0,0.0,Polio,All,20.82692307692308,0.0,0.0,,3.083144211334076,1.3755049978762532,0.0,0.0,0.0,20.82692307692308,0.0,31.182,20.82692307692308,20.82692307692308,0.0,20.82692307692308,0.0,0.0,0.0,0.0
21,1993.0,0.0,Polio,All,20.82692307692308,0.0,0.0,,3.083144211334076,1.3755049978762532,0.0,0.0,0.0,20.82692307692308,0.0,31.182,20.82692307692308,20.82692307692308,0.0,20.82692307692308,0.0,0.0,0.0,0.0
22,1993.0,0.0,Polio,All,20.82692307692308,0.0,0.0,,3.083144211334076,1.3755049978762532,0.0,0.0,0.0,20.82692307692308,0.0,31.182,20.82692307692308,20.82692307692308,0.0,20.82692307692308,0.0,0.0,0.0,0.0
23,1993.0,0.0,Polio,All,20.82692307692308,0.0,0.0,,3.083144211334076,1.3755049978762532,0.0,0.0,0.0,20.82692307692308,0.0,31.182,20.82692307692308,20.82692307692308,0.0,20.82692307692308,0.0,0.0,0.0,0.0
24,1993.0,0.0,Polio,All,20.82692307692308,0.0,0.0,,3.083144211334076,1.3755049978762532,0.0,0.0,0.0,20.82692307692308,0.0,31.182,20.82692307692308,20.82692307692308,0.0,20.82692307692308,0.0,0.0,0.0,0.0
25,1993.0,0.0,Polio,All,20.82692307692308,0.0,0.0,,3.083144211334076,1.3755049978762532,0.0,0.0,0.0,20.82692307692308,0.0,31.182,20.82692307692308,20.82692307692308,0.0,20.82692307692308,0.0,0.0,0.0,0.0
26,1993.0,0.0,Polio,All,20.82692307692308,0.0,0.0,,3.083144211334076,1.3755049978762532,0.0,0.0,0.0,20.82692307692308,0.0,31.182,20.82692307692308,20.82692307692308,0.0,20.82692307692308,0.0,0.0,0.0,0.0
27,1993.0,0.0,Polio,All,20.82692307692308,0.0,0.0,,3.083144211334076,1.3755049978762532,0.0,0.0,0.0,20.82692307692308,0.0,31.182,20.82692307692308,20.82692307692308,0.0,20.82692307692308,0.0,0.0,0.0,0.0
28,1993.0,0.0,Polio,All,20.82692307692308,0.0,0.0,,3.083144211334076,1.3755049978762532,0.0,0.0,0.0,20.82692307692308,0.0,31.182,20.82692307692308,20.82692307692308,0.0,20.82692307692308,0.0,0.0,0.0,0.0
29,1993.0,0.0,Polio,All,20.82692307692308,0.0,0.0,,3.083144211334076,1.3755049978762532,0.0,0.0,0.0,20.82692307692308,0.0,31.182,20.82692307692308,20.82692307692308,0.0,20.82692307692308,0.0,0.0,0.0,0.0
30,1993.0,0.0,Polio,All,20.82692307692308,0.0,0.0,,3.083144211334076,1.3755049978762532,0.0,0.0,0.0,20.82692307692308,0.0,31.182,20.82692307692308,20.82692307692308,0.0,20.82692307692308,0.0,0.0,0.0,0.0
31,1993.0,0.0,Polio,All,20.82692307692308,0.0,0.0,,3.083144211334076,1.3755049978762532,0.0,0.0,0.0,20.82692307692308,0.0,31.182,20.82692307692308,20.82692307692308,0.0,20.82692307692308,0.0,0.0,0.0,0.0
32,1993.0,0.0,Polio,All,20.82692307692308,0.0,0.0,,3.083144211334076,1.3755049978762532,0.0,0.0,0.0,20.82692307692308,0.0,31.182,20.82692307692308,20.82692307692308,0.0,20.82692307692308,0.0,0.0,0.0,0.0
33,1993.0,0.0,Polio,All,20.82692307692308,0.0,0.0,,3.083144211334076,1.3755049978762532,0.0,0.0,0.0,20.82692307692308,0.0,31.182,20.82692307692308,20.82692307692308,0.0,20.82692307692308,0.0,0.0,0.0,0.0
34,1993.0,0.0,Polio,All,20.82692307692308,0.0,0.0,,3.083144211334076,1.3755049978762532,0.0,0.0,0.0,20.82692307692308,0.0,31.182,20.82692307692308,20.82692307692308,0.0,20.82692307692308,0.0,0.0,0.0,0.0
35,1993.0,0.0,Polio,All,20.82692307692308,0.0,0.0,,3.083144211334076,1.3755049978762532,0.0,0.0,0.0,20.82692307692308,0.0,31.182,20.82692307692308,20.82692307692308,0.0,20.82692307692308,0.0,0.0,0.0,0.0
36,1993.0,0.0,Polio,All,20.82692307692308,0.0,0.0,,3.083144211334076,1.3755049978762532,0.0,0.0,0.0,20.82692307692308,0.0,31.182,20.82692307692308,20.82692307692308,0.0,20.82692307692308,0.0,0.0,0.0,0.0
37,1993.0,0.0,Polio,All,20.82692307692308,0.0,0.0,,3.083144211334076,1.3755049978762532,0.0,0.0,0.0,20.82692307692308,0.0,31.182,20.82692307692308,20.82692307692308,0.0,20.82692307692308,0.0,0.0,0.0,0.0
38,1993.0,0.0,Polio,All,20.82692307692308,0.0,0.0,,3.083144211334076,1.3755049978762532,0.0,0.0,0.0,20.82692307692308,0.0,31.182,20.82692307692308,20.82692307692308,0.0,20.82692307692308,0.0,0.0,0.0,0.0
39,1993.0,0.0,Polio,All,20.82692307692308,0.0,0.0,,3.083144211334076,1.3755049978762532,0.0,0.0,0.0,20.82692307692308,0.0,31.182,20.82692307692308,20.82692307692308,0.0,20.82692307692308,0.0,0.0,0.0,0.0
40,1993.0,0.0,Polio,All,20.82692307692308,0.0,0.0,,3.083144211334076,1.3755049978762532,0.0,0.0,0.0,20.82692307692308,0.0,31.182,20.82692307692308,20.82692307692308,0.0,20.82692307692308,0.0,0.0,0.0,0.0
41,1993.0,0.0,Polio,All,20.82692307692308,0.0,0.0,,3.083144211334076,1.3755049978762532,0.0,0.0,0.0,20.82692307692308,0.0,31.182,20.82692307692308,20.82692307692308,0.0,20.82692307692308,0.0,0.0,0.0,0.0
42,1993.0,0.0,Polio,All,20.82692307692308,0.0,0.0,,3.083144211334076,1.3755049978762532,0.0,0.0,0.0,20.82692307692308,0.0,31.182,20.82692307692308,20.82692307692308,0.0,20.82692307692308,0.0,0.0,0.0,0.0
43,1993.0,0.0,Polio,All,20.82692307692308,0.0,0.0,,3.083144211334076,1.3755049978762532,0.0,0.0,0.0,20.82692307692308,0.0,31.182,20.82692307692308,20.82692307692308,0.0,20.82692307692308,0.0,0.0,0.0,0.0
44,1993.0,0.0,Polio,All,20.82692307692308,0.0,0.0,,3.083144211334076,1.3755049978762532,0.0,0.0,0.0,20.82692307692308,0.0,31.182,20.82692307692308,20.82692307692308,0.0,20.82692307692308,0.0,0.0,0.0,0.0
45,1993.0,0.0,Polio,All,20.82692307692308,0.0,0.0,,3.083144211334076,1.3755049978762532,0.0,0.0,0.0,20.82692307692308,0.0,31.182,20.82692307692308,20.82692307692308,0.0,20.82692307692308,0.0,0.0,0.0,0.0
46,1993.0,0.0,Polio,All,20.82692307692308,0.0,0.0,,3.083144211334076,1.3755049978762532,0.0,0.0,0.0,20.82692307692308,0.0,31.182,20.82692307692308,20.82692307692308,0.0,20.82692307692308,0.0,0.0,0.0,0.0
47,1993.0,0.0,Polio,All,20.82692307692308,0.0,0.0,,3.083144211334076,1.3755049978762532,0.0,0.0,0.0,20.82692307692308,0.0,31.182,20.82692307692308,20.82692307692308,0.0,20.82692307692308,0.0,0.0,0.0,0.0
48,1993.0,0.0,Polio,All,20.82692307692308,0.0,0.0,,3.083144211334076,1.3755049978762532,0.0,0.0,0.0,20.82692307692308,0.0,31.182,20.82692307692308,20.82692307692308,0.0,20.82692307692308,0.0,0.0,0.0,0.0
49,1993.0,0.0,Polio,All,20.82692307692308,0.0,0.0,,3.083144211334076,1.3755049978762532,0.0,0.0,0.0,20.82692307692308,0.0,31.182,20.82692307692308,20.82692307692308,0.0,20.82692307692308,0.0,0.0,0.0,0.0
50,1993.0,0.0,Polio,All,20.82692307692308,0.0,0.0,,3.083144211334076,1.3755049978762532,0.0,0.0,0.0,20.82692307692308,0.0,31.182,20.82692307692308,20.82692307692308,0.0,20.82692307692308,0.0,0.0,0.0,0.0
51,1993.0,0.0,Polio,All,20.82692307692308,0.0,0.0,,3.083144211334076,1.3755049978762532,0.0,0.0,0.0,20.82692307692308,0.0,31.182,20.82692307692308,20.82692307692308,0.0,20.82692307692308,0.0,0.0,0.0,0.0
52,1993.0,0.0,Polio,All,20.82692307692308,0.0,0.0,,3.083144211334076,1.3755049978762532,0.0,0.0,0.0,20.82692307692308,0.0,31.182,20.82692307692308,20.82692307692308,0.0,20.82692307692308,0.0,0.0,0.0,0.0
1,1994.0,0.0,Polio,All,9.653846153846152,0.0,0.0,,2.3659209681658564,0.05634946945081259,0.0,0.0,0.0,9.653846153846152,0.0,31.691,20.82692307692308,20.82692307692308,0.0,18.033653846153847,5.586538461538456,0.0,-0.5364727608494924,0.0
2,1994.0,0.0,Polio,All,9.653846153846152,0.0,0.0,,2.3659209681658564,0.05634946945081259,0.0,0.0,0.0,9.653846153846152,0.0,31.691,9.653846153846152,15.240384615384617,0.0,15.240384615384617,6.450778969214853,0.0,0.0,0.0
3,1994.0,0.0,Polio,All,9.653846153846152,0.0,0.0,,2.3659209681658564,0.05634946945081259,0.0,0.0,0.0,9.653846153846152,0.0,31.691,9.653846153846152,9.653846153846152,0.0,12.447115384615383,5.5865384615384555,0.0,0.0,0.0
4,1994.0,0.0,Polio,All,9.653846153846152,0.0,0.0,,2.3659209681658564,0.05634946945081259,0.0,0.0,0.0,9.653846153846152,0.0,31.691,9.653846153846152,9.653846153846152,0.0,9.653846153846152,0.0,0.0,0.0,0.0
5,1994.0,0.0,Polio,All,9.653846153846152,0.0,0.0,,2.3659209681658564,0.05634946945081259,0.0,0.0,0.0,9.653846153846152,0.0,31.691,9.653846153846152,9.653846153846152,0.0,9.653846153846152,0.0,0.0,0.0,0.0
6,1994.0,0.0,Polio,All,9.653846153846152,0.0,0.0,,2.3659209681658564,0.05634946945081259,0.0,0.0,0.0,9.653846153846152,0.0,31.691,9.653846153846152,9.653846153846152,0.0,9.653846153846152,0.0,0.0,0.0,0.0
7,1994.0,0.0,Polio,All,9.653846153846152,0.0,0.0,,2.3659209681658564,0.05634946945081259,0.0,0.0,0.0,9.653846153846152,0.0,31.691,9.653846153846152,9.653846153846152,0.0,9.653846153846152,0.0,0.0,0.0,0.0
8,1994.0,0.0,Polio,All,9.653846153846152,0.0,0.0,,2.3659209681658564,0.05634946945081259,0.0,0.0,0.0,9.653846153846152,0.0,31.691,9.653846153846152,9.653846153846152,0.0,9.653846153846152,0.0,0.0,0.0,0.0
9,1994.0,0.0,Polio,All,9.653846153846152,0.0,0.0,,2.3659209681658564,0.05634946945081259,0.0,0.0,0.0,9.653846153846152,0.0,31.691,9.653846153846152,9.653846153846152,0.0,9.653846153846152,0.0,0.0,0.0,0.0
10,1994.0,0.0,Polio,All,9.653846153846152,0.0,0.0,,2.3659209681658564,0.05634946945081259,0.0,0.0,0.0,9.653846153846152,0.0,31.691,9.653846153846152,9.653846153846152,0.0,9.653846153846152,0.0,0.0,0.0,0.0
11,1994.0,0.0,Polio,All,9.653846153846152,0.0,0.0,,2.3659209681658564,0.05634946945081259,0.0,0.0,0.0,9.653846153846152,0.0,31.691,9.653846153846152,9.653846153846152,0.0,9.653846153846152,0.0,0.0,0.0,0.0
12,1994.0,0.0,Polio,All,9.653846153846152,0.0,0.0,,2.3659209681658564,0.05634946945081259,0.0,0.0,0.0,9.653846153846152,0.0,31.691,9.653846153846152,9.653846153846152,0.0,9.653846153846152,0.0,0.0,0.0,0.0
13,1994.0,0.0,Polio,All,9.653846153846152,0.0,0.0,,2.3659209681658564,0.05634946945081259,0.0,0.0,0.0,9.653846153846152,0.0,31.691,9.653846153846152,9.653846153846152,0.0,9.653846153846152,0.0,0.0,0.0,0.0
14,1994.0,0.0,Polio,All,9.653846153846152,0.0,0.0,,2.3659209681658564,0.05634946945081259,0.0,0.0,0.0,9.653846153846152,0.0,31.691,9.653846153846152,9.653846153846152,0.0,9.653846153846152,0.0,0.0,0.0,0.0
15,1994.0,0.0,Polio,All,9.653846153846152,0.0,0.0,,2.3659209681658564,0.05634946945081259,0.0,0.0,0.0,9.653846153846152,0.0,31.691,9.653846153846152,9.653846153846152,0.0,9.653846153846152,0.0,0.0,0.0,0.0
16,1994.0,0.0,Polio,All,9.653846153846152,0.0,0.0,,2.3659209681658564,0.05634946945081259,0.0,0.0,0.0,9.653846153846152,0.0,31.691,9.653846153846152,9.653846153846152,0.0,9.653846153846152,0.0,0.0,0.0,0.0
17,1994.0,0.0,Polio,All,9.653846153846152,0.0,0.0,,2.3659209681658564,0.05634946945081259,0.0,0.0,0.0,9.653846153846152,0.0,31.691,9.653846153846152,9.653846153846152,0.0,9.653846153846152,0.0,0.0,0.0,0.0
18,1994.0,0.0,Polio,All,9.653846153846152,0.0,0.0,,2.3659209681658564,0.05634946945081259,0.0,0.0,0.0,9.653846153846152,0.0,31.691,9.653846153846152,9.653846153846152,0.0,9.653846153846152,0.0,0.0,0.0,0.0
19,1994.0,0.0,Polio,All,9.653846153846152,0.0,0.0,,2.3659209681658564,0.05634946945081259,0.0,0.0,0.0,9.653846153846152,0.0,31.691,9.653846153846152,9.653846153846152,0.0,9.653846153846152,0.0,0.0,0.0,0.0
20,1994.0,0.0,Polio,All,9.653846153846152,0.0,0.0,,2.3659209681658564,0.05634946945081259,0.0,0.0,0.0,9.653846153846152,0.0,31.691,9.653846153846152,9.653846153846152,0.0,9.653846153846152,0.0,0.0,0.0,0.0
21,1994.0,0.0,Polio,All,9.653846153846152,0.0,0.0,,2.3659209681658564,0.05634946945081259,0.0,0.0,0.0,9.653846153846152,0.0,31.691,9.653846153846152,9.653846153846152,0.0,9.653846153846152,0.0,0.0,0.0,0.0
22,1994.0,0.0,Polio,All,9.653846153846152,0.0,0.0,,2.3659209681658564,0.05634946945081259,0.0,0.0,0.0,9.653846153846152,0.0,31.691,9.653846153846152,9.653846153846152,0.0,9.653846153846152,0.0,0.0,0.0,0.0
23,1994.0,0.0,Polio,All,9.653846153846152,0.0,0.0,,2.3659209681658564,0.05634946945081259,0.0,0.0,0.0,9.653846153846152,0.0,31.691,9.653846153846152,9.653846153846152,0.0,9.653846153846152,0.0,0.0,0.0,0.0
24,1994.0,0.0,Polio,All,9.653846153846152,0.0,0.0,,2.3659209681658564,0.05634946945081259,0.0,0.0,0.0,9.653846153846152,0.0,31.691,9.653846153846152,9.653846153846152,0.0,9.653846153846152,0.0,0.0,0.0,0.0
25,1994.0,0.0,Polio,All,9.653846153846152,0.0,0.0,,2.3659209681658564,0.05634946945081259,0.0,0.0,0.0,9.653846153846152,0.0,31.691,9.653846153846152,9.653846153846152,0.0,9.653846153846152,0.0,0.0,0.0,0.0
26,1994.0,0.0,Polio,All,9.653846153846152,0.0,0.0,,2.3659209681658564,0.05634946945081259,0.0,0.0,0.0,9.653846153846152,0.0,31.691,9.653846153846152,9.653846153846152,0.0,9.653846153846152,0.0,0.0,0.0,0.0
27,1994.0,0.0,Polio,All,9.653846153846152,0.0,0.0,,2.3659209681658564,0.05634946945081259,0.0,0.0,0.0,9.653846153846152,0.0,31.691,9.653846153846152,9.653846153846152,0.0,9.653846153846152,0.0,0.0,0.0,0.0
28,1994.0,0.0,Polio,All,9.653846153846152,0.0,0.0,,2.3659209681658564,0.05634946945081259,0.0,0.0,0.0,9.653846153846152,0.0,31.691,9.653846153846152,9.653846153846152,0.0,9.653846153846152,0.0,0.0,0.0,0.0
29,1994.0,0.0,Polio,All,9.653846153846152,0.0,0.0,,2.3659209681658564,0.05634946945081259,0.0,0.0,0.0,9.653846153846152,0.0,31.691,9.653846153846152,9.653846153846152,0.0,9.653846153846152,0.0,0.0,0.0,0.0
30,1994.0,0.0,Polio,All,9.653846153846152,0.0,0.0,,2.3659209681658564,0.05634946945081259,0.0,0.0,0.0,9.653846153846152,0.0,31.691,9.653846153846152,9.653846153846152,0.0,9.653846153846152,0.0,0.0,0.0,0.0
31,1994.0,0.0,Polio,All,9.653846153846152,0.0,0.0,,2.3659209681658564,0.05634946945081259,0.0,0.0,0.0,9.653846153846152,0.0,31.691,9.653846153846152,9.653846153846152,0.0,9.653846153846152,0.0,0.0,0.0,0.0
32,1994.0,0.0,Polio,All,9.653846153846152,0.0,0.0,,2.3659209681658564,0.05634946945081259,0.0,0.0,0.0,9.653846153846152,0.0,31.691,9.653846153846152,9.653846153846152,0.0,9.653846153846152,0.0,0.0,0.0,0.0
33,1994.0,0.0,Polio,All,9.653846153846152,0.0,0.0,,2.3659209681658564,0.05634946945081259,0.0,0.0,0.0,9.653846153846152,0.0,31.691,9.653846153846152,9.653846153846152,0.0,9.653846153846152,0.0,0.0,0.0,0.0
34,1994.0,0.0,Polio,All,9.653846153846152,0.0,0.0,,2.3659209681658564,0.05634946945081259,0.0,0.0,0.0,9.653846153846152,0.0,31.691,9.653846153846152,9.653846153846152,0.0,9.653846153846152,0.0,0.0,0.0,0.0
35,1994.0,0.0,Polio,All,9.653846153846152,0.0,0.0,,2.3659209681658564,0.05634946945081259,0.0,0.0,0.0,9.653846153846152,0.0,31.691,9.653846153846152,9.653846153846152,0.0,9.653846153846152,0.0,0.0,0.0,0.0
36,1994.0,0.0,Polio,All,9.653846153846152,0.0,0.0,,2.3659209681658564,0.05634946945081259,0.0,0.0,0.0,9.653846153846152,0.0,31.691,9.653846153846152,9.653846153846152,0.0,9.653846153846152,0.0,0.0,0.0,0.0
37,1994.0,0.0,Polio,All,9.653846153846152,0.0,0.0,,2.3659209681658564,0.05634946945081259,0.0,0.0,0.0,9.653846153846152,0.0,31.691,9.653846153846152,9.653846153846152,0.0,9.653846153846152,0.0,0.0,0.0,0.0
38,1994.0,0.0,Polio,All,9.653846153846152,0.0,0.0,,2.3659209681658564,0.05634946945081259,0.0,0.0,0.0,9.653846153846152,0.0,31.691,9.653846153846152,9.653846153846152,0.0,9.653846153846152,0.0,0.0,0.0,0.0
39,1994.0,0.0,Polio,All,9.653846153846152,0.0,0.0,,2.3659209681658564,0.05634946945081259,0.0,0.0,0.0,9.653846153846152,0.0,31.691,9.653846153846152,9.653846153846152,0.0,9.653846153846152,0.0,0.0,0.0,0.0
40,1994.0,0.0,Polio,All,9.653846153846152,0.0,0.0,,2.3659209681658564,0.05634946945081259,0.0,0.0,0.0,9.653846153846152,0.0,31.691,9.653846153846152,9.653846153846152,0.0,9.653846153846152,0.0,0.0,0.0,0.0
41,1994.0,0.0,Polio,All,9.653846153846152,0.0,0.0,,2.3659209681658564,0.05634946945081259,0.0,0.0,0.0,9.653846153846152,0.0,31.691,9.653846153846152,9.653846153846152,0.0,9.653846153846152,0.0,0.0,0.0,0.0
42,1994.0,0.0,Polio,All,9.653846153846152,0.0,0.0,,2.3659209681658564,0.05634946945081259,0.0,0.0,0.0,9.653846153846152,0.0,31.691,9.653846153846152,9.653846153846152,0.0,9.653846153846152,0.0,0.0,0.0,0.0
43,1994.0,0.0,Polio,All,9.653846153846152,0.0,0.0,,2.3659209681658564,0.05634946945081259,0.0,0.0,0.0,9.653846153846152,0.0,31.691,9.653846153846152,9.653846153846152,0.0,9.653846153846152,0.0,0.0,0.0,0.0
44,1994.0,0.0,Polio,All,9.653846153846152,0.0,0.0,,2.3659209681658564,0.05634946945081259,0.0,0.0,0.0,9.653846153846152,0.0,31.691,9.653846153846152,9.653846153846152,0.0,9.653846153846152,0.0,0.0,0.0,0.0
45,1994.0,0.0,Polio,All,9.653846153846152,0.0,0.0,,2.3659209681658564,0.05634946945081259,0.0,0.0,0.0,9.653846153846152,0.0,31.691,9.653846153846152,9.653846153846152,0.0,9.653846153846152,0.0,0.0,0.0,0.0
46,1994.0,0.0,Polio,All,9.653846153846152,0.0,0.0,,2.3659209681658564,0.05634946945081259,0.0,0.0,0.0,9.653846153846152,0.0,31.691,9.653846153846152,9.653846153846152,0.0,9.653846153846152,0.0,0.0,0.0,0.0
47,1994.0,0.0,Polio,All,9.653846153846152,0.0,0.0,,2.3659209681658564,0.05634946945081259,0.0,0.0,0.0,9.653846153846152,0.0,31.691,9.653846153846152,9.653846153846152,0.0,9.653846153846152,0.0,0.0,0.0,0.0
48,1994.0,0.0,Polio,All,9.653846153846152,0.0,0.0,,2.3659209681658564,0.05634946945081259,0.0,0.0,0.0,9.653846153846152,0.0,31.691,9.653846153846152,9.653846153846152,0.0,9.653846153846152,0.0,0.0,0.0,0.0
49,1994.0,0.0,Polio,All,9.653846153846152,0.0,0.0,,2.3659209681658564,0.05634946945081259,0.0,0.0,0.0,9.653846153846152,0.0,31.691,9.653846153846152,9.653846153846152,0.0,9.653846153846152,0.0,0.0,0.0,0.0
50,1994.0,0.0,Polio,All,9.653846153846152,0.0,0.0,,2.3659209681658564,0.05634946945081259,0.0,0.0,0.0,9.653846153846152,0.0,31.691,9.653846153846152,9.653846153846152,0.0,9.653846153846152,0.0,0.0,0.0,0.0
51,1994.0,0.0,Polio,All,9.653846153846152,0.0,0.0,,2.3659209681658564,0.05634946945081259,0.0,0.0,0.0,9.653846153846152,0.0,31.691,9.653846153846152,9.653846153846152,0.0,9.653846153846152,0.0,0.0,0.0,0.0
52,1994.0,0.0,Polio,All,9.653846153846152,0.0,0.0,,2.3659209681658564,0.05634946945081259,0.0,0.0,0.0,9.653846153846152,0.0,31.691,9.653846153846152,9.653846153846152,0.0,9.653846153846152,0.0,0.0,0.0,0.0
1,1995.0,0.0,Polio,All,8.442307692307692,0.0,0.0,,2.2452004092130933,-0.08669149146278914,0.0,0.0,0.0,8.442307692307692,0.0,32.205,9.653846153846152,9.653846153846152,0.0,9.350961538461537,0.6057692307691439,0.0,-0.12549800796812735,0.0
2,1995.0,0.0,Polio,All,8.442307692307692,0.0,0.0,,2.2452004092130933,-0.08669149146278914,0.0,0.0,0.0,8.442307692307692,0.0,32.205,8.442307692307692,9.048076923076922,0.0,9.048076923076922,0.6994820569027403,0.0,0.0,0.0
3,1995.0,0.0,Polio,All,8.442307692307692,0.0,0.0,,2.2452004092130933,-0.08669149146278914,0.0,0.0,0.0,8.442307692307692,0.0,32.205,8.442307692307692,8.442307692307692,0.0,8.745192307692307,0.6057692307691439,0.0,0.0,0.0
4,1995.0,0.0,Polio,All,8.442307692307692,0.0,0.0,,2.2452004092130933,-0.08669149146278914,0.0,0.0,0.0,8.442307692307692,0.0,32.205,8.442307692307692,8.442307692307692,0.0,8.442307692307692,0.0,0.0,0.0,0.0
5,1995.0,0.0,Polio,All,8.442307692307692,0.0,0.0,,2.2452004092130933,-0.08669149146278914,0.0,0.0,0.0,8.442307692307692,0.0,32.205,8.442307692307692,8.442307692307692,0.0,8.442307692307692,0.0,0.0,0.0,0.0
6,1995.0,0.0,Polio,All,8.442307692307692,0.0,0.0,,2.2452004092130933,-0.08669149146278914,0.0,0.0,0.0,8.442307692307692,0.0,32.205,8.442307692307692,8.442307692307692,0.0,8.442307692307692,0.0,0.0,0.0,0.0
7,1995.0,0.0,Polio,All,8.442307692307692,0.0,0.0,,2.2452004092130933,-0.08669149146278914,0.0,0.0,0.0,8.442307692307692,0.0,32.205,8.442307692307692,8.442307692307692,0.0,8.442307692307692,0.0,0.0,0.0,0.0
8,1995.0,0.0,Polio,All,8.442307692307692,0.0,0.0,,2.2452004092130933,-0.08669149146278914,0.0,0.0,0.0,8.442307692307692,0.0,32.205,8.442307692307692,8.442307692307692,0.0,8.442307692307692,0.0,0.0,0.0,0.0
9,1995.0,0.0,Polio,All,8.442307692307692,0.0,0.0,,2.2452004092130933,-0.08669149146278914,0.0,0.0,0.0,8.442307692307692,0.0,32.205,8.442307692307692,8.442307692307692,0.0,8.442307692307692,0.0,0.0,0.0,0.0
10,1995.0,0.0,Polio,All,8.442307692307692,0.0,0.0,,2.2452004092130933,-0.08669149146278914,0.0,0.0,0.0,8.442307692307692,0.0,32.205,8.442307692307692,8.442307692307692,0.0,8.442307692307692,0.0,0.0,0.0,0.0
11,1995.0,0.0,Polio,All,8.442307692307692,0.0,0.0,,2.2452004092130933,-0.08669149146278914,0.0,0.0,0.0,8.442307692307692,0.0,32.205,8.442307692307692,8.442307692307692,0.0,8.442307692307692,0.0,0.0,0.0,0.0
12,1995.0,0.0,Polio,All,8.442307692307692,0.0,0.0,,2.2452004092130933,-0.08669149146278914,0.0,0.0,0.0,8.442307692307692,0.0,32.205,8.442307692307692,8.442307692307692,0.0,8.442307692307692,0.0,0.0,0.0,0.0
13,1995.0,0.0,Polio,All,8.442307692307692,0.0,0.0,,2.2452004092130933,-0.08669149146278914,0.0,0.0,0.0,8.442307692307692,0.0,32.205,8.442307692307692,8.442307692307692,0.0,8.442307692307692,0.0,0.0,0.0,0.0
14,1995.0,0.0,Polio,All,8.442307692307692,0.0,0.0,,2.2452004092130933,-0.08669149146278914,0.0,0.0,0.0,8.442307692307692,0.0,32.205,8.442307692307692,8.442307692307692,0.0,8.442307692307692,0.0,0.0,0.0,0.0
15,1995.0,0.0,Polio,All,8.442307692307692,0.0,0.0,,2.2452004092130933,-0.08669149146278914,0.0,0.0,0.0,8.442307692307692,0.0,32.205,8.442307692307692,8.442307692307692,0.0,8.442307692307692,0.0,0.0,0.0,0.0
16,1995.0,0.0,Polio,All,8.442307692307692,0.0,0.0,,2.2452004092130933,-0.08669149146278914,0.0,0.0,0.0,8.442307692307692,0.0,32.205,8.442307692307692,8.442307692307692,0.0,8.442307692307692,0.0,0.0,0.0,0.0
17,1995.0,0.0,Polio,All,8.442307692307692,0.0,0.0,,2.2452004092130933,-0.08669149146278914,0.0,0.0,0.0,8.442307692307692,0.0,32.205,8.442307692307692,8.442307692307692,0.0,8.442307692307692,0.0,0.0,0.0,0.0
18,1995.0,0.0,Polio,All,8.442307692307692,0.0,0.0,,2.2452004092130933,-0.08669149146278914,0.0,0.0,0.0,8.442307692307692,0.0,32.205,8.442307692307692,8.442307692307692,0.0,8.442307692307692,0.0,0.0,0.0,0.0
19,1995.0,0.0,Polio,All,8.442307692307692,0.0,0.0,,2.2452004092130933,-0.08669149146278914,0.0,0.0,0.0,8.442307692307692,0.0,32.205,8.442307692307692,8.442307692307692,0.0,8.442307692307692,0.0,0.0,0.0,0.0
20,1995.0,0.0,Polio,All,8.442307692307692,0.0,0.0,,2.2452004092130933,-0.08669149146278914,0.0,0.0,0.0,8.442307692307692,0.0,32.205,8.442307692307692,8.442307692307692,0.0,8.442307692307692,0.0,0.0,0.0,0.0
21,1995.0,0.0,Polio,All,8.442307692307692,0.0,0.0,,2.2452004092130933,-0.08669149146278914,0.0,0.0,0.0,8.442307692307692,0.0,32.205,8.442307692307692,8.442307692307692,0.0,8.442307692307692,0.0,0.0,0.0,0.0
22,1995.0,0.0,Polio,All,8.442307692307692,0.0,0.0,,2.2452004092130933,-0.08669149146278914,0.0,0.0,0.0,8.442307692307692,0.0,32.205,8.442307692307692,8.442307692307692,0.0,8.442307692307692,0.0,0.0,0.0,0.0
23,1995.0,0.0,Polio,All,8.442307692307692,0.0,0.0,,2.2452004092130933,-0.08669149146278914,0.0,0.0,0.0,8.442307692307692,0.0,32.205,8.442307692307692,8.442307692307692,0.0,8.442307692307692,0.0,0.0,0.0,0.0
24,1995.0,0.0,Polio,All,8.442307692307692,0.0,0.0,,2.2452004092130933,-0.08669149146278914,0.0,0.0,0.0,8.442307692307692,0.0,32.205,8.442307692307692,8.442307692307692,0.0,8.442307692307692,0.0,0.0,0.0,0.0
25,1995.0,0.0,Polio,All,8.442307692307692,0.0,0.0,,2.2452004092130933,-0.08669149146278914,0.0,0.0,0.0,8.442307692307692,0.0,32.205,8.442307692307692,8.442307692307692,0.0,8.442307692307692,0.0,0.0,0.0,0.0
26,1995.0,0.0,Polio,All,8.442307692307692,0.0,0.0,,2.2452004092130933,-0.08669149146278914,0.0,0.0,0.0,8.442307692307692,0.0,32.205,8.442307692307692,8.442307692307692,0.0,8.442307692307692,0.0,0.0,0.0,0.0
27,1995.0,0.0,Polio,All,8.442307692307692,0.0,0.0,,2.2452004092130933,-0.08669149146278914,0.0,0.0,0.0,8.442307692307692,0.0,32.205,8.442307692307692,8.442307692307692,0.0,8.442307692307692,0.0,0.0,0.0,0.0
28,1995.0,0.0,Polio,All,8.442307692307692,0.0,0.0,,2.2452004092130933,-0.08669149146278914,0.0,0.0,0.0,8.442307692307692,0.0,32.205,8.442307692307692,8.442307692307692,0.0,8.442307692307692,0.0,0.0,0.0,0.0
29,1995.0,0.0,Polio,All,8.442307692307692,0.0,0.0,,2.2452004092130933,-0.08669149146278914,0.0,0.0,0.0,8.442307692307692,0.0,32.205,8.442307692307692,8.442307692307692,0.0,8.442307692307692,0.0,0.0,0.0,0.0
30,1995.0,0.0,Polio,All,8.442307692307692,0.0,0.0,,2.2452004092130933,-0.08669149146278914,0.0,0.0,0.0,8.442307692307692,0.0,32.205,8.442307692307692,8.442307692307692,0.0,8.442307692307692,0.0,0.0,0.0,0.0
31,1995.0,0.0,Polio,All,8.442307692307692,0.0,0.0,,2.2452004092130933,-0.08669149146278914,0.0,0.0,0.0,8.442307692307692,0.0,32.205,8.442307692307692,8.442307692307692,0.0,8.442307692307692,0.0,0.0,0.0,0.0
32,1995.0,0.0,Polio,All,8.442307692307692,0.0,0.0,,2.2452004092130933,-0.08669149146278914,0.0,0.0,0.0,8.442307692307692,0.0,32.205,8.442307692307692,8.442307692307692,0.0,8.442307692307692,0.0,0.0,0.0,0.0
33,1995.0,0.0,Polio,All,8.442307692307692,0.0,0.0,,2.2452004092130933,-0.08669149146278914,0.0,0.0,0.0,8.442307692307692,0.0,32.205,8.442307692307692,8.442307692307692,0.0,8.442307692307692,0.0,0.0,0.0,0.0
34,1995.0,0.0,Polio,All,8.442307692307692,0.0,0.0,,2.2452004092130933,-0.08669149146278914,0.0,0.0,0.0,8.442307692307692,0.0,32.205,8.442307692307692,8.442307692307692,0.0,8.442307692307692,0.0,0.0,0.0,0.0
35,1995.0,0.0,Polio,All,8.442307692307692,0.0,0.0,,2.2452004092130933,-0.08669149146278914,0.0,0.0,0.0,8.442307692307692,0.0,32.205,8.442307692307692,8.442307692307692,0.0,8.442307692307692,0.0,0.0,0.0,0.0
36,1995.0,0.0,Polio,All,8.442307692307692,0.0,0.0,,2.2452004092130933,-0.08669149146278914,0.0,0.0,0.0,8.442307692307692,0.0,32.205,8.442307692307692,8.442307692307692,0.0,8.442307692307692,0.0,0.0,0.0,0.0
37,1995.0,0.0,Polio,All,8.442307692307692,0.0,0.0,,2.2452004092130933,-0.08669149146278914,0.0,0.0,0.0,8.442307692307692,0.0,32.205,8.442307692307692,8.442307692307692,0.0,8.442307692307692,0.0,0.0,0.0,0.0
38,1995.0,0.0,Polio,All,8.442307692307692,0.0,0.0,,2.2452004092130933,-0.08669149146278914,0.0,0.0,0.0,8.442307692307692,0.0,32.205,8.442307692307692,8.442307692307692,0.0,8.442307692307692,0.0,0.0,0.0,0.0
39,1995.0,0.0,Polio,All,8.442307692307692,0.0,0.0,,2.2452004092130933,-0.08669149146278914,0.0,0.0,0.0,8.442307692307692,0.0,32.205,8.442307692307692,8.442307692307692,0.0,8.442307692307692,0.0,0.0,0.0,0.0
40,1995.0,0.0,Polio,All,8.442307692307692,0.0,0.0,,2.2452004092130933,-0.08669149146278914,0.0,0.0,0.0,8.442307692307692,0.0,32.205,8.442307692307692,8.442307692307692,0.0,8.442307692307692,0.0,0.0,0.0,0.0
41,1995.0,0.0,Polio,All,8.442307692307692,0.0,0.0,,2.2452004092130933,-0.08669149146278914,0.0,0.0,0.0,8.442307692307692,0.0,32.205,8.442307692307692,8.442307692307692,0.0,8.442307692307692,0.0,0.0,0.0,0.0
42,1995.0,0.0,Polio,All,8.442307692307692,0.0,0.0,,2.2452004092130933,-0.08669149146278914,0.0,0.0,0.0,8.442307692307692,0.0,32.205,8.442307692307692,8.442307692307692,0.0,8.442307692307692,0.0,0.0,0.0,0.0
43,1995.0,0.0,Polio,All,8.442307692307692,0.0,0.0,,2.2452004092130933,-0.08669149146278914,0.0,0.0,0.0,8.442307692307692,0.0,32.205,8.442307692307692,8.442307692307692,0.0,8.442307692307692,0.0,0.0,0.0,0.0
44,1995.0,0.0,Polio,All,8.442307692307692,0.0,0.0,,2.2452004092130933,-0.08669149146278914,0.0,0.0,0.0,8.442307692307692,0.0,32.205,8.442307692307692,8.442307692307692,0.0,8.442307692307692,0.0,0.0,0.0,0.0
45,1995.0,0.0,Polio,All,8.442307692307692,0.0,0.0,,2.2452004092130933,-0.08669149146278914,0.0,0.0,0.0,8.442307692307692,0.0,32.205,8.442307692307692,8.442307692307692,0.0,8.442307692307692,0.0,0.0,0.0,0.0
46,1995.0,0.0,Polio,All,8.442307692307692,0.0,0.0,,2.2452004092130933,-0.08669149146278914,0.0,0.0,0.0,8.442307692307692,0.0,32.205,8.442307692307692,8.442307692307692,0.0,8.442307692307692,0.0,0.0,0.0,0.0
47,1995.0,0.0,Polio,All,8.442307692307692,0.0,0.0,,2.2452004092130933,-0.08669149146278914,0.0,0.0,0.0,8.442307692307692,0.0,32.205,8.442307692307692,8.442307692307692,0.0,8.442307692307692,0.0,0.0,0.0,0.0
48,1995.0,0.0,Polio,All,8.442307692307692,0.0,0.0,,2.2452004092130933,-0.08669149146278914,0.0,0.0,0.0,8.442307692307692,0.0,32.205,8.442307692307692,8.442307692307692,0.0,8.442307692307692,0.0,0.0,0.0,0.0
49,1995.0,0.0,Polio,All,8.442307692307692,0.0,0.0,,2.2452004092130933,-0.08669149146278914,0.0,0.0,0.0,8.442307692307692,0.0,32.205,8.442307692307692,8.442307692307692,0.0,8.442307692307692,0.0,0.0,0.0,0.0
50,1995.0,0.0,Polio,All,8.442307692307692,0.0,0.0,,2.2452004092130933,-0.08669149146278914,0.0,0.0,0.0,8.442307692307692,0.0,32.205,8.442307692307692,8.442307692307692,0.0,8.442307692307692,0.0,0.0,0.0,0.0
51,1995.0,0.0,Polio,All,8.442307692307692,0.0,0.0,,2.2452004092130933,-0.08669149146278914,0.0,0.0,0.0,8.442307692307692,0.0,32.205,8.442307692307692,8.442307692307692,0.0,8.442307692307692,0.0,0.0,0.0,0.0
52,1995.0,0.0,Polio,All,8.442307692307692,0.0,0.0,,2.2452004092130933,-0.08669149146278914,0.0,0.0,0.0,8.442307692307692,0.0,32.205,8.442307692307692,8.442307692307692,0.0,8.442307692307692,0.0,0.0,0.0,0.0
1,1996.0,0.0,Polio,All,18.115384615384617,0.0,0.0,,2.9504934880751468,1.0553657044029534,0.0,0.0,0.0,18.115384615384617,0.0,32.725,8.442307692307692,8.442307692307692,0.0,10.860576923076923,4.836538461538452,0.0,1.1457858769931666,0.0
2,1996.0,0.0,Polio,All,18.115384615384617,0.0,0.0,,2.9504934880751468,1.0553657044029534,0.0,0.0,0.0,18.115384615384617,0.0,32.725,18.115384615384617,13.278846153846153,0.0,13.278846153846153,5.584753565430409,0.0,0.0,0.0
3,1996.0,0.0,Polio,All,18.115384615384617,0.0,0.0,,2.9504934880751468,1.0553657044029534,0.0,0.0,0.0,18.115384615384617,0.0,32.725,18.115384615384617,18.115384615384617,0.0,15.697115384615387,4.83653846153845,0.0,0.0,0.0
4,1996.0,0.0,Polio,All,18.115384615384617,0.0,0.0,,2.9504934880751468,1.0553657044029534,0.0,0.0,0.0,18.115384615384617,0.0,32.725,18.115384615384617,18.115384615384617,0.0,18.115384615384617,0.0,0.0,0.0,0.0
5,1996.0,0.0,Polio,All,18.115384615384617,0.0,0.0,,2.9504934880751468,1.0553657044029534,0.0,0.0,0.0,18.115384615384617,0.0,32.725,18.115384615384617,18.115384615384617,0.0,18.115384615384617,0.0,0.0,0.0,0.0
6,1996.0,0.0,Polio,All,18.115384615384617,0.0,0.0,,2.9504934880751468,1.0553657044029534,0.0,0.0,0.0,18.115384615384617,0.0,32.725,18.115384615384617,18.115384615384617,0.0,18.115384615384617,0.0,0.0,0.0,0.0
7,1996.0,0.0,Polio,All,18.115384615384617,0.0,0.0,,2.9504934880751468,1.0553657044029534,0.0,0.0,0.0,18.115384615384617,0.0,32.725,18.115384615384617,18.115384615384617,0.0,18.115384615384617,0.0,0.0,0.0,0.0
8,1996.0,0.0,Polio,All,18.115384615384617,0.0,0.0,,2.9504934880751468,1.0553657044029534,0.0,0.0,0.0,18.115384615384617,0.0,32.725,18.115384615384617,18.115384615384617,0.0,18.115384615384617,0.0,0.0,0.0,0.0
9,1996.0,0.0,Polio,All,18.115384615384617,0.0,0.0,,2.9504934880751468,1.0553657044029534,0.0,0.0,0.0,18.115384615384617,0.0,32.725,18.115384615384617,18.115384615384617,0.0,18.115384615384617,0.0,0.0,0.0,0.0
10,1996.0,0.0,Polio,All,18.115384615384617,0.0,0.0,,2.9504934880751468,1.0553657044029534,0.0,0.0,0.0,18.115384615384617,0.0,32.725,18.115384615384617,18.115384615384617,0.0,18.115384615384617,0.0,0.0,0.0,0.0
11,1996.0,0.0,Polio,All,18.115384615384617,0.0,0.0,,2.9504934880751468,1.0553657044029534,0.0,0.0,0.0,18.115384615384617,0.0,32.725,18.115384615384617,18.115384615384617,0.0,18.115384615384617,0.0,0.0,0.0,0.0
12,1996.0,0.0,Polio,All,18.115384615384617,0.0,0.0,,2.9504934880751468,1.0553657044029534,0.0,0.0,0.0,18.115384615384617,0.0,32.725,18.115384615384617,18.115384615384617,0.0,18.115384615384617,0.0,0.0,0.0,0.0
13,1996.0,0.0,Polio,All,18.115384615384617,0.0,0.0,,2.9504934880751468,1.0553657044029534,0.0,0.0,0.0,18.115384615384617,0.0,32.725,18.115384615384617,18.115384615384617,0.0,18.115384615384617,0.0,0.0,0.0,0.0
14,1996.0,0.0,Polio,All,18.115384615384617,0.0,0.0,,2.9504934880751468,1.0553657044029534,0.0,0.0,0.0,18.115384615384617,0.0,32.725,18.115384615384617,18.115384615384617,0.0,18.115384615384617,0.0,0.0,0.0,0.0
15,1996.0,0.0,Polio,All,18.115384615384617,0.0,0.0,,2.9504934880751468,1.0553657044029534,0.0,0.0,0.0,18.115384615384617,0.0,32.725,18.115384615384617,18.115384615384617,0.0,18.115384615384617,0.0,0.0,0.0,0.0
16,1996.0,0.0,Polio,All,18.115384615384617,0.0,0.0,,2.9504934880751468,1.0553657044029534,0.0,0.0,0.0,18.115384615384617,0.0,32.725,18.115384615384617,18.115384615384617,0.0,18.115384615384617,0.0,0.0,0.0,0.0
17,1996.0,0.0,Polio,All,18.115384615384617,0.0,0.0,,2.9504934880751468,1.0553657044029534,0.0,0.0,0.0,18.115384615384617,0.0,32.725,18.115384615384617,18.115384615384617,0.0,18.115384615384617,0.0,0.0,0.0,0.0
18,1996.0,0.0,Polio,All,18.115384615384617,0.0,0.0,,2.9504934880751468,1.0553657044029534,0.0,0.0,0.0,18.115384615384617,0.0,32.725,18.115384615384617,18.115384615384617,0.0,18.115384615384617,0.0,0.0,0.0,0.0
19,1996.0,0.0,Polio,All,18.115384615384617,0.0,0.0,,2.9504934880751468,1.0553657044029534,0.0,0.0,0.0,18.115384615384617,0.0,32.725,18.115384615384617,18.115384615384617,0.0,18.115384615384617,0.0,0.0,0.0,0.0
20,1996.0,0.0,Polio,All,18.115384615384617,0.0,0.0,,2.9504934880751468,1.0553657044029534,0.0,0.0,0.0,18.115384615384617,0.0,32.725,18.115384615384617,18.115384615384617,0.0,18.115384615384617,0.0,0.0,0.0,0.0
21,1996.0,0.0,Polio,All,18.115384615384617,0.0,0.0,,2.9504934880751468,1.0553657044029534,0.0,0.0,0.0,18.115384615384617,0.0,32.725,18.115384615384617,18.115384615384617,0.0,18.115384615384617,0.0,0.0,0.0,0.0
22,1996.0,0.0,Polio,All,18.115384615384617,0.0,0.0,,2.9504934880751468,1.0553657044029534,0.0,0.0,0.0,18.115384615384617,0.0,32.725,18.115384615384617,18.115384615384617,0.0,18.115384615384617,0.0,0.0,0.0,0.0
23,1996.0,0.0,Polio,All,18.115384615384617,0.0,0.0,,2.9504934880751468,1.0553657044029534,0.0,0.0,0.0,18.115384615384617,0.0,32.725,18.115384615384617,18.115384615384617,0.0,18.115384615384617,0.0,0.0,0.0,0.0
24,1996.0,0.0,Polio,All,18.115384615384617,0.0,0.0,,2.9504934880751468,1.0553657044029534,0.0,0.0,0.0,18.115384615384617,0.0,32.725,18.115384615384617,18.115384615384617,0.0,18.115384615384617,0.0,0.0,0.0,0.0
25,1996.0,0.0,Polio,All,18.115384615384617,0.0,0.0,,2.9504934880751468,1.0553657044029534,0.0,0.0,0.0,18.115384615384617,0.0,32.725,18.115384615384617,18.115384615384617,0.0,18.115384615384617,0.0,0.0,0.0,0.0
26,1996.0,0.0,Polio,All,18.115384615384617,0.0,0.0,,2.9504934880751468,1.0553657044029534,0.0,0.0,0.0,18.115384615384617,0.0,32.725,18.115384615384617,18.115384615384617,0.0,18.115384615384617,0.0,0.0,0.0,0.0
27,1996.0,0.0,Polio,All,18.115384615384617,0.0,0.0,,2.9504934880751468,1.0553657044029534,0.0,0.0,0.0,18.115384615384617,0.0,32.725,18.115384615384617,18.115384615384617,0.0,18.115384615384617,0.0,0.0,0.0,0.0
28,1996.0,0.0,Polio,All,18.115384615384617,0.0,0.0,,2.9504934880751468,1.0553657044029534,0.0,0.0,0.0,18.115384615384617,0.0,32.725,18.115384615384617,18.115384615384617,0.0,18.115384615384617,0.0,0.0,0.0,0.0
29,1996.0,0.0,Polio,All,18.115384615384617,0.0,0.0,,2.9504934880751468,1.0553657044029534,0.0,0.0,0.0,18.115384615384617,0.0,32.725,18.115384615384617,18.115384615384617,0.0,18.115384615384617,0.0,0.0,0.0,0.0
30,1996.0,0.0,Polio,All,18.115384615384617,0.0,0.0,,2.9504934880751468,1.0553657044029534,0.0,0.0,0.0,18.115384615384617,0.0,32.725,18.115384615384617,18.115384615384617,0.0,18.115384615384617,0.0,0.0,0.0,0.0
31,1996.0,0.0,Polio,All,18.115384615384617,0.0,0.0,,2.9504934880751468,1.0553657044029534,0.0,0.0,0.0,18.115384615384617,0.0,32.725,18.115384615384617,18.115384615384617,0.0,18.115384615384617,0.0,0.0,0.0,0.0
32,1996.0,0.0,Polio,All,18.115384615384617,0.0,0.0,,2.9504934880751468,1.0553657044029534,0.0,0.0,0.0,18.115384615384617,0.0,32.725,18.115384615384617,18.115384615384617,0.0,18.115384615384617,0.0,0.0,0.0,0.0
33,1996.0,0.0,Polio,All,18.115384615384617,0.0,0.0,,2.9504934880751468,1.0553657044029534,0.0,0.0,0.0,18.115384615384617,0.0,32.725,18.115384615384617,18.115384615384617,0.0,18.115384615384617,0.0,0.0,0.0,0.0
34,1996.0,0.0,Polio,All,18.115384615384617,0.0,0.0,,2.9504934880751468,1.0553657044029534,0.0,0.0,0.0,18.115384615384617,0.0,32.725,18.115384615384617,18.115384615384617,0.0,18.115384615384617,0.0,0.0,0.0,0.0
35,1996.0,0.0,Polio,All,18.115384615384617,0.0,0.0,,2.9504934880751468,1.0553657044029534,0.0,0.0,0.0,18.115384615384617,0.0,32.725,18.115384615384617,18.115384615384617,0.0,18.115384615384617,0.0,0.0,0.0,0.0
36,1996.0,0.0,Polio,All,18.115384615384617,0.0,0.0,,2.9504934880751468,1.0553657044029534,0.0,0.0,0.0,18.115384615384617,0.0,32.725,18.115384615384617,18.115384615384617,0.0,18.115384615384617,0.0,0.0,0.0,0.0
37,1996.0,0.0,Polio,All,18.115384615384617,0.0,0.0,,2.9504934880751468,1.0553657044029534,0.0,0.0,0.0,18.115384615384617,0.0,32.725,18.115384615384617,18.115384615384617,0.0,18.115384615384617,0.0,0.0,0.0,0.0
38,1996.0,0.0,Polio,All,18.115384615384617,0.0,0.0,,2.9504934880751468,1.0553657044029534,0.0,0.0,0.0,18.115384615384617,0.0,32.725,18.115384615384617,18.115384615384617,0.0,18.115384615384617,0.0,0.0,0.0,0.0
39,1996.0,0.0,Polio,All,18.115384615384617,0.0,0.0,,2.9504934880751468,1.0553657044029534,0.0,0.0,0.0,18.115384615384617,0.0,32.725,18.115384615384617,18.115384615384617,0.0,18.115384615384617,0.0,0.0,0.0,0.0
40,1996.0,0.0,Polio,All,18.115384615384617,0.0,0.0,,2.9504934880751468,1.0553657044029534,0.0,0.0,0.0,18.115384615384617,0.0,32.725,18.115384615384617,18.115384615384617,0.0,18.115384615384617,0.0,0.0,0.0,0.0
41,1996.0,0.0,Polio,All,18.115384615384617,0.0,0.0,,2.9504934880751468,1.0553657044029534,0.0,0.0,0.0,18.115384615384617,0.0,32.725,18.115384615384617,18.115384615384617,0.0,18.115384615384617,0.0,0.0,0.0,0.0
42,1996.0,0.0,Polio,All,18.115384615384617,0.0,0.0,,2.9504934880751468,1.0553657044029534,0.0,0.0,0.0,18.115384615384617,0.0,32.725,18.115384615384617,18.115384615384617,0.0,18.115384615384617,0.0,0.0,0.0,0.0
43,1996.0,0.0,Polio,All,18.115384615384617,0.0,0.0,,2.9504934880751468,1.0553657044029534,0.0,0.0,0.0,18.115384615384617,0.0,32.725,18.115384615384617,18.115384615384617,0.0,18.115384615384617,0.0,0.0,0.0,0.0
44,1996.0,0.0,Polio,All,18.115384615384617,0.0,0.0,,2.9504934880751468,1.0553657044029534,0.0,0.0,0.0,18.115384615384617,0.0,32.725,18.115384615384617,18.115384615384617,0.0,18.115384615384617,0.0,0.0,0.0,0.0
45,1996.0,0.0,Polio,All,18.115384615384617,0.0,0.0,,2.9504934880751468,1.0553657044029534,0.0,0.0,0.0,18.115384615384617,0.0,32.725,18.115384615384617,18.115384615384617,0.0,18.115384615384617,0.0,0.0,0.0,0.0
46,1996.0,0.0,Polio,All,18.115384615384617,0.0,0.0,,2.9504934880751468,1.0553657044029534,0.0,0.0,0.0,18.115384615384617,0.0,32.725,18.115384615384617,18.115384615384617,0.0,18.115384615384617,0.0,0.0,0.0,0.0
47,1996.0,0.0,Polio,All,18.115384615384617,0.0,0.0,,2.9504934880751468,1.0553657044029534,0.0,0.0,0.0,18.115384615384617,0.0,32.725,18.115384615384617,18.115384615384617,0.0,18.115384615384617,0.0,0.0,0.0,0.0
48,1996.0,0.0,Polio,All,18.115384615384617,0.0,0.0,,2.9504934880751468,1.0553657044029534,0.0,0.0,0.0,18.115384615384617,0.0,32.725,18.115384615384617,18.115384615384617,0.0,18.115384615384617,0.0,0.0,0.0,0.0
49,1996.0,0.0,Polio,All,18.115384615384617,0.0,0.0,,2.9504934880751468,1.0553657044029534,0.0,0.0,0.0,18.115384615384617,0.0,32.725,18.115384615384617,18.115384615384617,0.0,18.115384615384617,0.0,0.0,0.0,0.0
50,1996.0,0.0,Polio,All,18.115384615384617,0.0,0.0,,2.9504934880751468,1.0553657044029534,0.0,0.0,0.0,18.115384615384617,0.0,32.725,18.115384615384617,18.115384615384617,0.0,18.115384615384617,0.0,0.0,0.0,0.0
51,1996.0,0.0,Polio,All,18.115384615384617,0.0,0.0,,2.9504934880751468,1.0553657044029534,0.0,0.0,0.0,18.115384615384617,0.0,32.725,18.115384615384617,18.115384615384617,0.0,18.115384615384617,0.0,0.0,0.0,0.0
52,1996.0,0.0,Polio,All,18.115384615384617,0.0,0.0,,2.9504934880751468,1.0553657044029534,0.0,0.0,0.0,18.115384615384617,0.0,32.725,18.115384615384617,18.115384615384617,0.0,18.115384615384617,0.0,0.0,0.0,0.0
1,1997.0,0.0,Polio,All,7.365384615384615,0.0,0.0,,2.1241023125072567,-0.2138390122748797,0.0,0.0,0.0,7.365384615384615,0.0,33.247,18.115384615384617,18.115384615384617,0.0,15.427884615384617,5.37499999999999,0.0,-0.5934182590233547,0.0
2,1997.0,0.0,Polio,All,7.365384615384615,0.0,0.0,,2.1241023125072567,-0.2138390122748797,0.0,0.0,0.0,7.365384615384615,0.0,33.247,7.365384615384615,12.740384615384617,0.0,12.740384615384617,6.206515393788471,0.0,0.0,0.0
3,1997.0,0.0,Polio,All,7.365384615384615,0.0,0.0,,2.1241023125072567,-0.2138390122748797,0.0,0.0,0.0,7.365384615384615,0.0,33.247,7.365384615384615,7.365384615384615,0.0,10.052884615384617,5.374999999999995,0.0,0.0,0.0
4,1997.0,0.0,Polio,All,7.365384615384615,0.0,0.0,,2.1241023125072567,-0.2138390122748797,0.0,0.0,0.0,7.365384615384615,0.0,33.247,7.365384615384615,7.365384615384615,0.0,7.365384615384615,0.0,0.0,0.0,0.0
5,1997.0,0.0,Polio,All,7.365384615384615,0.0,0.0,,2.1241023125072567,-0.2138390122748797,0.0,0.0,0.0,7.365384615384615,0.0,33.247,7.365384615384615,7.365384615384615,0.0,7.365384615384615,0.0,0.0,0.0,0.0
6,1997.0,0.0,Polio,All,7.365384615384615,0.0,0.0,,2.1241023125072567,-0.2138390122748797,0.0,0.0,0.0,7.365384615384615,0.0,33.247,7.365384615384615,7.365384615384615,0.0,7.365384615384615,0.0,0.0,0.0,0.0
7,1997.0,0.0,Polio,All,7.365384615384615,0.0,0.0,,2.1241023125072567,-0.2138390122748797,0.0,0.0,0.0,7.365384615384615,0.0,33.247,7.365384615384615,7.365384615384615,0.0,7.365384615384615,0.0,0.0,0.0,0.0
8,1997.0,0.0,Polio,All,7.365384615384615,0.0,0.0,,2.1241023125072567,-0.2138390122748797,0.0,0.0,0.0,7.365384615384615,0.0,33.247,7.365384615384615,7.365384615384615,0.0,7.365384615384615,0.0,0.0,0.0,0.0
9,1997.0,0.0,Polio,All,7.365384615384615,0.0,0.0,,2.1241023125072567,-0.2138390122748797,0.0,0.0,0.0,7.365384615384615,0.0,33.247,7.365384615384615,7.365384615384615,0.0,7.365384615384615,0.0,0.0,0.0,0.0
10,1997.0,0.0,Polio,All,7.365384615384615,0.0,0.0,,2.1241023125072567,-0.2138390122748797,0.0,0.0,0.0,7.365384615384615,0.0,33.247,7.365384615384615,7.365384615384615,0.0,7.365384615384615,0.0,0.0,0.0,0.0
11,1997.0,0.0,Polio,All,7.365384615384615,0.0,0.0,,2.1241023125072567,-0.2138390122748797,0.0,0.0,0.0,7.365384615384615,0.0,33.247,7.365384615384615,7.365384615384615,0.0,7.365384615384615,0.0,0.0,0.0,0.0
12,1997.0,0.0,Polio,All,7.365384615384615,0.0,0.0,,2.1241023125072567,-0.2138390122748797,0.0,0.0,0.0,7.365384615384615,0.0,33.247,7.365384615384615,7.365384615384615,0.0,7.365384615384615,0.0,0.0,0.0,0.0
13,1997.0,0.0,Polio,All,7.365384615384615,0.0,0.0,,2.1241023125072567,-0.2138390122748797,0.0,0.0,0.0,7.365384615384615,0.0,33.247,7.365384615384615,7.365384615384615,0.0,7.365384615384615,0.0,0.0,0.0,0.0
14,1997.0,0.0,Polio,All,7.365384615384615,0.0,0.0,,2.1241023125072567,-0.2138390122748797,0.0,0.0,0.0,7.365384615384615,0.0,33.247,7.365384615384615,7.365384615384615,0.0,7.365384615384615,0.0,0.0,0.0,0.0
15,1997.0,0.0,Polio,All,7.365384615384615,0.0,0.0,,2.1241023125072567,-0.2138390122748797,0.0,0.0,0.0,7.365384615384615,0.0,33.247,7.365384615384615,7.365384615384615,0.0,7.365384615384615,0.0,0.0,0.0,0.0
16,1997.0,0.0,Polio,All,7.365384615384615,0.0,0.0,,2.1241023125072567,-0.2138390122748797,0.0,0.0,0.0,7.365384615384615,0.0,33.247,7.365384615384615,7.365384615384615,0.0,7.365384615384615,0.0,0.0,0.0,0.0
17,1997.0,0.0,Polio,All,7.365384615384615,0.0,0.0,,2.1241023125072567,-0.2138390122748797,0.0,0.0,0.0,7.365384615384615,0.0,33.247,7.365384615384615,7.365384615384615,0.0,7.365384615384615,0.0,0.0,0.0,0.0
18,1997.0,0.0,Polio,All,7.365384615384615,0.0,0.0,,2.1241023125072567,-0.2138390122748797,0.0,0.0,0.0,7.365384615384615,0.0,33.247,7.365384615384615,7.365384615384615,0.0,7.365384615384615,0.0,0.0,0.0,0.0
19,1997.0,0.0,Polio,All,7.365384615384615,0.0,0.0,,2.1241023125072567,-0.2138390122748797,0.0,0.0,0.0,7.365384615384615,0.0,33.247,7.365384615384615,7.365384615384615,0.0,7.365384615384615,0.0,0.0,0.0,0.0
20,1997.0,0.0,Polio,All,7.365384615384615,0.0,0.0,,2.1241023125072567,-0.2138390122748797,0.0,0.0,0.0,7.365384615384615,0.0,33.247,7.365384615384615,7.365384615384615,0.0,7.365384615384615,0.0,0.0,0.0,0.0
21,1997.0,0.0,Polio,All,7.365384615384615,0.0,0.0,,2.1241023125072567,-0.2138390122748797,0.0,0.0,0.0,7.365384615384615,0.0,33.247,7.365384615384615,7.365384615384615,0.0,7.365384615384615,0.0,0.0,0.0,0.0
22,1997.0,0.0,Polio,All,7.365384615384615,0.0,0.0,,2.1241023125072567,-0.2138390122748797,0.0,0.0,0.0,7.365384615384615,0.0,33.247,7.365384615384615,7.365384615384615,0.0,7.365384615384615,0.0,0.0,0.0,0.0
23,1997.0,0.0,Polio,All,7.365384615384615,0.0,0.0,,2.1241023125072567,-0.2138390122748797,0.0,0.0,0.0,7.365384615384615,0.0,33.247,7.365384615384615,7.365384615384615,0.0,7.365384615384615,0.0,0.0,0.0,0.0
24,1997.0,0.0,Polio,All,7.365384615384615,0.0,0.0,,2.1241023125072567,-0.2138390122748797,0.0,0.0,0.0,7.365384615384615,0.0,33.247,7.365384615384615,7.365384615384615,0.0,7.365384615384615,0.0,0.0,0.0,0.0
25,1997.0,0.0,Polio,All,7.365384615384615,0.0,0.0,,2.1241023125072567,-0.2138390122748797,0.0,0.0,0.0,7.365384615384615,0.0,33.247,7.365384615384615,7.365384615384615,0.0,7.365384615384615,0.0,0.0,0.0,0.0
26,1997.0,0.0,Polio,All,7.365384615384615,0.0,0.0,,2.1241023125072567,-0.2138390122748797,0.0,0.0,0.0,7.365384615384615,0.0,33.247,7.365384615384615,7.365384615384615,0.0,7.365384615384615,0.0,0.0,0.0,0.0
27,1997.0,0.0,Polio,All,7.365384615384615,0.0,0.0,,2.1241023125072567,-0.2138390122748797,0.0,0.0,0.0,7.365384615384615,0.0,33.247,7.365384615384615,7.365384615384615,0.0,7.365384615384615,0.0,0.0,0.0,0.0
28,1997.0,0.0,Polio,All,7.365384615384615,0.0,0.0,,2.1241023125072567,-0.2138390122748797,0.0,0.0,0.0,7.365384615384615,0.0,33.247,7.365384615384615,7.365384615384615,0.0,7.365384615384615,0.0,0.0,0.0,0.0
29,1997.0,0.0,Polio,All,7.365384615384615,0.0,0.0,,2.1241023125072567,-0.2138390122748797,0.0,0.0,0.0,7.365384615384615,0.0,33.247,7.365384615384615,7.365384615384615,0.0,7.365384615384615,0.0,0.0,0.0,0.0
30,1997.0,0.0,Polio,All,7.365384615384615,0.0,0.0,,2.1241023125072567,-0.2138390122748797,0.0,0.0,0.0,7.365384615384615,0.0,33.247,7.365384615384615,7.365384615384615,0.0,7.365384615384615,0.0,0.0,0.0,0.0
31,1997.0,0.0,Polio,All,7.365384615384615,0.0,0.0,,2.1241023125072567,-0.2138390122748797,0.0,0.0,0.0,7.365384615384615,0.0,33.247,7.365384615384615,7.365384615384615,0.0,7.365384615384615,0.0,0.0,0.0,0.0
32,1997.0,0.0,Polio,All,7.365384615384615,0.0,0.0,,2.1241023125072567,-0.2138390122748797,0.0,0.0,0.0,7.365384615384615,0.0,33.247,7.365384615384615,7.365384615384615,0.0,7.365384615384615,0.0,0.0,0.0,0.0
33,1997.0,0.0,Polio,All,7.365384615384615,0.0,0.0,,2.1241023125072567,-0.2138390122748797,0.0,0.0,0.0,7.365384615384615,0.0,33.247,7.365384615384615,7.365384615384615,0.0,7.365384615384615,0.0,0.0,0.0,0.0
34,1997.0,0.0,Polio,All,7.365384615384615,0.0,0.0,,2.1241023125072567,-0.2138390122748797,0.0,0.0,0.0,7.365384615384615,0.0,33.247,7.365384615384615,7.365384615384615,0.0,7.365384615384615,0.0,0.0,0.0,0.0
35,1997.0,0.0,Polio,All,7.365384615384615,0.0,0.0,,2.1241023125072567,-0.2138390122748797,0.0,0.0,0.0,7.365384615384615,0.0,33.247,7.365384615384615,7.365384615384615,0.0,7.365384615384615,0.0,0.0,0.0,0.0
36,1997.0,0.0,Polio,All,7.365384615384615,0.0,0.0,,2.1241023125072567,-0.2138390122748797,0.0,0.0,0.0,7.365384615384615,0.0,33.247,7.365384615384615,7.365384615384615,0.0,7.365384615384615,0.0,0.0,0.0,0.0
37,1997.0,0.0,Polio,All,7.365384615384615,0.0,0.0,,2.1241023125072567,-0.2138390122748797,0.0,0.0,0.0,7.365384615384615,0.0,33.247,7.365384615384615,7.365384615384615,0.0,7.365384615384615,0.0,0.0,0.0,0.0
38,1997.0,0.0,Polio,All,7.365384615384615,0.0,0.0,,2.1241023125072567,-0.2138390122748797,0.0,0.0,0.0,7.365384615384615,0.0,33.247,7.365384615384615,7.365384615384615,0.0,7.365384615384615,0.0,0.0,0.0,0.0
39,1997.0,0.0,Polio,All,7.365384615384615,0.0,0.0,,2.1241023125072567,-0.2138390122748797,0.0,0.0,0.0,7.365384615384615,0.0,33.247,7.365384615384615,7.365384615384615,0.0,7.365384615384615,0.0,0.0,0.0,0.0
40,1997.0,0.0,Polio,All,7.365384615384615,0.0,0.0,,2.1241023125072567,-0.2138390122748797,0.0,0.0,0.0,7.365384615384615,0.0,33.247,7.365384615384615,7.365384615384615,0.0,7.365384615384615,0.0,0.0,0.0,0.0
41,1997.0,0.0,Polio,All,7.365384615384615,0.0,0.0,,2.1241023125072567,-0.2138390122748797,0.0,0.0,0.0,7.365384615384615,0.0,33.247,7.365384615384615,7.365384615384615,0.0,7.365384615384615,0.0,0.0,0.0,0.0
42,1997.0,0.0,Polio,All,7.365384615384615,0.0,0.0,,2.1241023125072567,-0.2138390122748797,0.0,0.0,0.0,7.365384615384615,0.0,33.247,7.365384615384615,7.365384615384615,0.0,7.365384615384615,0.0,0.0,0.0,0.0
43,1997.0,0.0,Polio,All,7.365384615384615,0.0,0.0,,2.1241023125072567,-0.2138390122748797,0.0,0.0,0.0,7.365384615384615,0.0,33.247,7.365384615384615,7.365384615384615,0.0,7.365384615384615,0.0,0.0,0.0,0.0
44,1997.0,0.0,Polio,All,7.365384615384615,0.0,0.0,,2.1241023125072567,-0.2138390122748797,0.0,0.0,0.0,7.365384615384615,0.0,33.247,7.365384615384615,7.365384615384615,0.0,7.365384615384615,0.0,0.0,0.0,0.0
45,1997.0,0.0,Polio,All,7.365384615384615,0.0,0.0,,2.1241023125072567,-0.2138390122748797,0.0,0.0,0.0,7.365384615384615,0.0,33.247,7.365384615384615,7.365384615384615,0.0,7.365384615384615,0.0,0.0,0.0,0.0
46,1997.0,0.0,Polio,All,7.365384615384615,0.0,0.0,,2.1241023125072567,-0.2138390122748797,0.0,0.0,0.0,7.365384615384615,0.0,33.247,7.365384615384615,7.365384615384615,0.0,7.365384615384615,0.0,0.0,0.0,0.0
47,1997.0,0.0,Polio,All,7.365384615384615,0.0,0.0,,2.1241023125072567,-0.2138390122748797,0.0,0.0,0.0,7.365384615384615,0.0,33.247,7.365384615384615,7.365384615384615,0.0,7.365384615384615,0.0,0.0,0.0,0.0
48,1997.0,0.0,Polio,All,7.365384615384615,0.0,0.0,,2.1241023125072567,-0.2138390122748797,0.0,0.0,0.0,7.365384615384615,0.0,33.247,7.365384615384615,7.365384615384615,0.0,7.365384615384615,0.0,0.0,0.0,0.0
49,1997.0,0.0,Polio,All,7.365384615384615,0.0,0.0,,2.1241023125072567,-0.2138390122748797,0.0,0.0,0.0,7.365384615384615,0.0,33.247,7.365384615384615,7.365384615384615,0.0,7.365384615384615,0.0,0.0,0.0,0.0
50,1997.0,0.0,Polio,All,7.365384615384615,0.0,0.0,,2.1241023125072567,-0.2138390122748797,0.0,0.0,0.0,7.365384615384615,0.0,33.247,7.365384615384615,7.365384615384615,0.0,7.365384615384615,0.0,0.0,0.0,0.0
51,1997.0,0.0,Polio,All,7.365384615384615,0.0,0.0,,2.1241023125072567,-0.2138390122748797,0.0,0.0,0.0,7.365384615384615,0.0,33.247,7.365384615384615,7.365384615384615,0.0,7.365384615384615,0.0,0.0,0.0,0.0
52,1997.0,0.0,Polio,All,7.365384615384615,0.0,0.0,,2.1241023125072567,-0.2138390122748797,0.0,0.0,0.0,7.365384615384615,0.0,33.247,7.365384615384615,7.365384615384615,0.0,7.365384615384615,0.0,0.0,0.0,0.0
1,1998.0,0.0,Polio,All,6.0,0.0,0.0,,1.9459101490553132,-0.3750439047330659,0.0,0.0,0.0,6.0,0.0,33.773,7.365384615384615,7.365384615384615,0.0,7.024038461538462,0.682692307692271,0.0,-0.18537859007832894,0.0
2,1998.0,0.0,Polio,All,6.0,0.0,0.0,,1.9459101490553132,-0.3750439047330659,0.0,0.0,0.0,6.0,0.0,33.773,6.0,6.6826923076923075,0.0,6.6826923076923075,0.7883051752396509,0.0,0.0,0.0
3,1998.0,0.0,Polio,All,6.0,0.0,0.0,,1.9459101490553132,-0.3750439047330659,0.0,0.0,0.0,6.0,0.0,33.773,6.0,6.0,0.0,6.341346153846153,0.6826923076922745,0.0,0.0,0.0
4,1998.0,0.0,Polio,All,6.0,0.0,0.0,,1.9459101490553132,-0.3750439047330659,0.0,0.0,0.0,6.0,0.0,33.773,6.0,6.0,0.0,6.0,0.0,0.0,0.0,0.0
5,1998.0,0.0,Polio,All,6.0,0.0,0.0,,1.9459101490553132,-0.3750439047330659,0.0,0.0,0.0,6.0,0.0,33.773,6.0,6.0,0.0,6.0,0.0,0.0,0.0,0.0
6,1998.0,0.0,Polio,All,6.0,0.0,0.0,,1.9459101490553132,-0.3750439047330659,0.0,0.0,0.0,6.0,0.0,33.773,6.0,6.0,0.0,6.0,0.0,0.0,0.0,0.0
7,1998.0,0.0,Polio,All,6.0,0.0,0.0,,1.9459101490553132,-0.3750439047330659,0.0,0.0,0.0,6.0,0.0,33.773,6.0,6.0,0.0,6.0,0.0,0.0,0.0,0.0
8,1998.0,0.0,Polio,All,6.0,0.0,0.0,,1.9459101490553132,-0.3750439047330659,0.0,0.0,0.0,6.0,0.0,33.773,6.0,6.0,0.0,6.0,0.0,0.0,0.0,0.0
9,1998.0,0.0,Polio,All,6.0,0.0,0.0,,1.9459101490553132,-0.3750439047330659,0.0,0.0,0.0,6.0,0.0,33.773,6.0,6.0,0.0,6.0,0.0,0.0,0.0,0.0
10,1998.0,0.0,Polio,All,6.0,0.0,0.0,,1.9459101490553132,-0.3750439047330659,0.0,0.0,0.0,6.0,0.0,33.773,6.0,6.0,0.0,6.0,0.0,0.0,0.0,0.0
11,1998.0,0.0,Polio,All,6.0,0.0,0.0,,1.9459101490553132,-0.3750439047330659,0.0,0.0,0.0,6.0,0.0,33.773,6.0,6.0,0.0,6.0,0.0,0.0,0.0,0.0
12,1998.0,0.0,Polio,All,6.0,0.0,0.0,,1.9459101490553132,-0.3750439047330659,0.0,0.0,0.0,6.0,0.0,33.773,6.0,6.0,0.0,6.0,0.0,0.0,0.0,0.0
13,1998.0,0.0,Polio,All,6.0,0.0,0.0,,1.9459101490553132,-0.3750439047330659,0.0,0.0,0.0,6.0,0.0,33.773,6.0,6.0,0.0,6.0,0.0,0.0,0.0,0.0
14,1998.0,0.0,Polio,All,6.0,0.0,0.0,,1.9459101490553132,-0.3750439047330659,0.0,0.0,0.0,6.0,0.0,33.773,6.0,6.0,0.0,6.0,0.0,0.0,0.0,0.0
15,1998.0,0.0,Polio,All,6.0,0.0,0.0,,1.9459101490553132,-0.3750439047330659,0.0,0.0,0.0,6.0,0.0,33.773,6.0,6.0,0.0,6.0,0.0,0.0,0.0,0.0
16,1998.0,0.0,Polio,All,6.0,0.0,0.0,,1.9459101490553132,-0.3750439047330659,0.0,0.0,0.0,6.0,0.0,33.773,6.0,6.0,0.0,6.0,0.0,0.0,0.0,0.0
17,1998.0,0.0,Polio,All,6.0,0.0,0.0,,1.9459101490553132,-0.3750439047330659,0.0,0.0,0.0,6.0,0.0,33.773,6.0,6.0,0.0,6.0,0.0,0.0,0.0,0.0
18,1998.0,0.0,Polio,All,6.0,0.0,0.0,,1.9459101490553132,-0.3750439047330659,0.0,0.0,0.0,6.0,0.0,33.773,6.0,6.0,0.0,6.0,0.0,0.0,0.0,0.0
19,1998.0,0.0,Polio,All,6.0,0.0,0.0,,1.9459101490553132,-0.3750439047330659,0.0,0.0,0.0,6.0,0.0,33.773,6.0,6.0,0.0,6.0,0.0,0.0,0.0,0.0
20,1998.0,0.0,Polio,All,6.0,0.0,0.0,,1.9459101490553132,-0.3750439047330659,0.0,0.0,0.0,6.0,0.0,33.773,6.0,6.0,0.0,6.0,0.0,0.0,0.0,0.0
21,1998.0,0.0,Polio,All,6.0,0.0,0.0,,1.9459101490553132,-0.3750439047330659,0.0,0.0,0.0,6.0,0.0,33.773,6.0,6.0,0.0,6.0,0.0,0.0,0.0,0.0
22,1998.0,0.0,Polio,All,6.0,0.0,0.0,,1.9459101490553132,-0.3750439047330659,0.0,0.0,0.0,6.0,0.0,33.773,6.0,6.0,0.0,6.0,0.0,0.0,0.0,0.0
23,1998.0,0.0,Polio,All,6.0,0.0,0.0,,1.9459101490553132,-0.3750439047330659,0.0,0.0,0.0,6.0,0.0,33.773,6.0,6.0,0.0,6.0,0.0,0.0,0.0,0.0
24,1998.0,0.0,Polio,All,6.0,0.0,0.0,,1.9459101490553132,-0.3750439047330659,0.0,0.0,0.0,6.0,0.0,33.773,6.0,6.0,0.0,6.0,0.0,0.0,0.0,0.0
25,1998.0,0.0,Polio,All,6.0,0.0,0.0,,1.9459101490553132,-0.3750439047330659,0.0,0.0,0.0,6.0,0.0,33.773,6.0,6.0,0.0,6.0,0.0,0.0,0.0,0.0
26,1998.0,0.0,Polio,All,6.0,0.0,0.0,,1.9459101490553132,-0.3750439047330659,0.0,0.0,0.0,6.0,0.0,33.773,6.0,6.0,0.0,6.0,0.0,0.0,0.0,0.0
27,1998.0,0.0,Polio,All,6.0,0.0,0.0,,1.9459101490553132,-0.3750439047330659,0.0,0.0,0.0,6.0,0.0,33.773,6.0,6.0,0.0,6.0,0.0,0.0,0.0,0.0
28,1998.0,0.0,Polio,All,6.0,0.0,0.0,,1.9459101490553132,-0.3750439047330659,0.0,0.0,0.0,6.0,0.0,33.773,6.0,6.0,0.0,6.0,0.0,0.0,0.0,0.0
29,1998.0,0.0,Polio,All,6.0,0.0,0.0,,1.9459101490553132,-0.3750439047330659,0.0,0.0,0.0,6.0,0.0,33.773,6.0,6.0,0.0,6.0,0.0,0.0,0.0,0.0
30,1998.0,0.0,Polio,All,6.0,0.0,0.0,,1.9459101490553132,-0.3750439047330659,0.0,0.0,0.0,6.0,0.0,33.773,6.0,6.0,0.0,6.0,0.0,0.0,0.0,0.0
31,1998.0,0.0,Polio,All,6.0,0.0,0.0,,1.9459101490553132,-0.3750439047330659,0.0,0.0,0.0,6.0,0.0,33.773,6.0,6.0,0.0,6.0,0.0,0.0,0.0,0.0
32,1998.0,0.0,Polio,All,6.0,0.0,0.0,,1.9459101490553132,-0.3750439047330659,0.0,0.0,0.0,6.0,0.0,33.773,6.0,6.0,0.0,6.0,0.0,0.0,0.0,0.0
33,1998.0,0.0,Polio,All,6.0,0.0,0.0,,1.9459101490553132,-0.3750439047330659,0.0,0.0,0.0,6.0,0.0,33.773,6.0,6.0,0.0,6.0,0.0,0.0,0.0,0.0
34,1998.0,0.0,Polio,All,6.0,0.0,0.0,,1.9459101490553132,-0.3750439047330659,0.0,0.0,0.0,6.0,0.0,33.773,6.0,6.0,0.0,6.0,0.0,0.0,0.0,0.0
35,1998.0,0.0,Polio,All,6.0,0.0,0.0,,1.9459101490553132,-0.3750439047330659,0.0,0.0,0.0,6.0,0.0,33.773,6.0,6.0,0.0,6.0,0.0,0.0,0.0,0.0
36,1998.0,0.0,Polio,All,6.0,0.0,0.0,,1.9459101490553132,-0.3750439047330659,0.0,0.0,0.0,6.0,0.0,33.773,6.0,6.0,0.0,6.0,0.0,0.0,0.0,0.0
37,1998.0,0.0,Polio,All,6.0,0.0,0.0,,1.9459101490553132,-0.3750439047330659,0.0,0.0,0.0,6.0,0.0,33.773,6.0,6.0,0.0,6.0,0.0,0.0,0.0,0.0
38,1998.0,0.0,Polio,All,6.0,0.0,0.0,,1.9459101490553132,-0.3750439047330659,0.0,0.0,0.0,6.0,0.0,33.773,6.0,6.0,0.0,6.0,0.0,0.0,0.0,0.0
39,1998.0,0.0,Polio,All,6.0,0.0,0.0,,1.9459101490553132,-0.3750439047330659,0.0,0.0,0.0,6.0,0.0,33.773,6.0,6.0,0.0,6.0,0.0,0.0,0.0,0.0
40,1998.0,0.0,Polio,All,6.0,0.0,0.0,,1.9459101490553132,-0.3750439047330659,0.0,0.0,0.0,6.0,0.0,33.773,6.0,6.0,0.0,6.0,0.0,0.0,0.0,0.0
41,1998.0,0.0,Polio,All,6.0,0.0,0.0,,1.9459101490553132,-0.3750439047330659,0.0,0.0,0.0,6.0,0.0,33.773,6.0,6.0,0.0,6.0,0.0,0.0,0.0,0.0
42,1998.0,0.0,Polio,All,6.0,0.0,0.0,,1.9459101490553132,-0.3750439047330659,0.0,0.0,0.0,6.0,0.0,33.773,6.0,6.0,0.0,6.0,0.0,0.0,0.0,0.0
43,1998.0,0.0,Polio,All,6.0,0.0,0.0,,1.9459101490553132,-0.3750439047330659,0.0,0.0,0.0,6.0,0.0,33.773,6.0,6.0,0.0,6.0,0.0,0.0,0.0,0.0
44,1998.0,0.0,Polio,All,6.0,0.0,0.0,,1.9459101490553132,-0.3750439047330659,0.0,0.0,0.0,6.0,0.0,33.773,6.0,6.0,0.0,6.0,0.0,0.0,0.0,0.0
45,1998.0,0.0,Polio,All,6.0,0.0,0.0,,1.9459101490553132,-0.3750439047330659,0.0,0.0,0.0,6.0,0.0,33.773,6.0,6.0,0.0,6.0,0.0,0.0,0.0,0.0
46,1998.0,0.0,Polio,All,6.0,0.0,0.0,,1.9459101490553132,-0.3750439047330659,0.0,0.0,0.0,6.0,0.0,33.773,6.0,6.0,0.0,6.0,0.0,0.0,0.0,0.0
47,1998.0,0.0,Polio,All,6.0,0.0,0.0,,1.9459101490553132,-0.3750439047330659,0.0,0.0,0.0,6.0,0.0,33.773,6.0,6.0,0.0,6.0,0.0,0.0,0.0,0.0
48,1998.0,0.0,Polio,All,6.0,0.0,0.0,,1.9459101490553132,-0.3750439047330659,0.0,0.0,0.0,6.0,0.0,33.773,6.0,6.0,0.0,6.0,0.0,0.0,0.0,0.0
49,1998.0,0.0,Polio,All,6.0,0.0,0.0,,1.9459101490553132,-0.3750439047330659,0.0,0.0,0.0,6.0,0.0,33.773,6.0,6.0,0.0,6.0,0.0,0.0,0.0,0.0
50,1998.0,0.0,Polio,All,6.0,0.0,0.0,,1.9459101490553132,-0.3750439047330659,0.0,0.0,0.0,6.0,0.0,33.773,6.0,6.0,0.0,6.0,0.0,0.0,0.0,0.0
51,1998.0,0.0,Polio,All,6.0,0.0,0.0,,1.9459101490553132,-0.3750439047330659,0.0,0.0,0.0,6.0,0.0,33.773,6.0,6.0,0.0,6.0,0.0,0.0,0.0,0.0
52,1998.0,0.0,Polio,All,6.0,0.0,0.0,,1.9459101490553132,-0.3750439047330659,0.0,0.0,0.0,6.0,0.0,33.773,6.0,6.0,0.0,6.0,0.0,0.0,0.0,0.0
1,1999.0,0.0,Polio,All,18.865384615384617,0.0,0.0,,2.988978750538211,1.1439148706828022,0.0,0.0,0.0,18.865384615384617,0.0,34.304,6.0,6.0,0.0,9.216346153846153,6.432692307692303,0.0,2.1442307692307696,0.0
2,1999.0,0.0,Polio,All,18.865384615384617,0.0,0.0,,2.988978750538211,1.1439148706828022,0.0,0.0,0.0,18.865384615384617,0.0,34.304,18.865384615384617,12.432692307692308,0.0,12.432692307692308,7.427833270920373,0.0,0.0,0.0
3,1999.0,0.0,Polio,All,18.865384615384617,0.0,0.0,,2.988978750538211,1.1439148706828022,0.0,0.0,0.0,18.865384615384617,0.0,34.304,18.865384615384617,18.865384615384617,0.0,15.649038461538463,6.4326923076923,0.0,0.0,0.0
4,1999.0,0.0,Polio,All,18.865384615384617,0.0,0.0,,2.988978750538211,1.1439148706828022,0.0,0.0,0.0,18.865384615384617,0.0,34.304,18.865384615384617,18.865384615384617,0.0,18.865384615384617,0.0,0.0,0.0,0.0
5,1999.0,0.0,Polio,All,18.865384615384617,0.0,0.0,,2.988978750538211,1.1439148706828022,0.0,0.0,0.0,18.865384615384617,0.0,34.304,18.865384615384617,18.865384615384617,0.0,18.865384615384617,0.0,0.0,0.0,0.0
6,1999.0,0.0,Polio,All,18.865384615384617,0.0,0.0,,2.988978750538211,1.1439148706828022,0.0,0.0,0.0,18.865384615384617,0.0,34.304,18.865384615384617,18.865384615384617,0.0,18.865384615384617,0.0,0.0,0.0,0.0
7,1999.0,0.0,Polio,All,18.865384615384617,0.0,0.0,,2.988978750538211,1.1439148706828022,0.0,0.0,0.0,18.865384615384617,0.0,34.304,18.865384615384617,18.865384615384617,0.0,18.865384615384617,0.0,0.0,0.0,0.0
8,1999.0,0.0,Polio,All,18.865384615384617,0.0,0.0,,2.988978750538211,1.1439148706828022,0.0,0.0,0.0,18.865384615384617,0.0,34.304,18.865384615384617,18.865384615384617,0.0,18.865384615384617,0.0,0.0,0.0,0.0
9,1999.0,0.0,Polio,All,18.865384615384617,0.0,0.0,,2.988978750538211,1.1439148706828022,0.0,0.0,0.0,18.865384615384617,0.0,34.304,18.865384615384617,18.865384615384617,0.0,18.865384615384617,0.0,0.0,0.0,0.0
10,1999.0,0.0,Polio,All,18.865384615384617,0.0,0.0,,2.988978750538211,1.1439148706828022,0.0,0.0,0.0,18.865384615384617,0.0,34.304,18.865384615384617,18.865384615384617,0.0,18.865384615384617,0.0,0.0,0.0,0.0
11,1999.0,0.0,Polio,All,18.865384615384617,0.0,0.0,,2.988978750538211,1.1439148706828022,0.0,0.0,0.0,18.865384615384617,0.0,34.304,18.865384615384617,18.865384615384617,0.0,18.865384615384617,0.0,0.0,0.0,0.0
12,1999.0,0.0,Polio,All,18.865384615384617,0.0,0.0,,2.988978750538211,1.1439148706828022,0.0,0.0,0.0,18.865384615384617,0.0,34.304,18.865384615384617,18.865384615384617,0.0,18.865384615384617,0.0,0.0,0.0,0.0
13,1999.0,0.0,Polio,All,18.865384615384617,0.0,0.0,,2.988978750538211,1.1439148706828022,0.0,0.0,0.0,18.865384615384617,0.0,34.304,18.865384615384617,18.865384615384617,0.0,18.865384615384617,0.0,0.0,0.0,0.0
14,1999.0,0.0,Polio,All,18.865384615384617,0.0,0.0,,2.988978750538211,1.1439148706828022,0.0,0.0,0.0,18.865384615384617,0.0,34.304,18.865384615384617,18.865384615384617,0.0,18.865384615384617,0.0,0.0,0.0,0.0
15,1999.0,0.0,Polio,All,18.865384615384617,0.0,0.0,,2.988978750538211,1.1439148706828022,0.0,0.0,0.0,18.865384615384617,0.0,34.304,18.865384615384617,18.865384615384617,0.0,18.865384615384617,0.0,0.0,0.0,0.0
16,1999.0,0.0,Polio,All,18.865384615384617,0.0,0.0,,2.988978750538211,1.1439148706828022,0.0,0.0,0.0,18.865384615384617,0.0,34.304,18.865384615384617,18.865384615384617,0.0,18.865384615384617,0.0,0.0,0.0,0.0
17,1999.0,0.0,Polio,All,18.865384615384617,0.0,0.0,,2.988978750538211,1.1439148706828022,0.0,0.0,0.0,18.865384615384617,0.0,34.304,18.865384615384617,18.865384615384617,0.0,18.865384615384617,0.0,0.0,0.0,0.0
18,1999.0,0.0,Polio,All,18.865384615384617,0.0,0.0,,2.988978750538211,1.1439148706828022,0.0,0.0,0.0,18.865384615384617,0.0,34.304,18.865384615384617,18.865384615384617,0.0,18.865384615384617,0.0,0.0,0.0,0.0
19,1999.0,0.0,Polio,All,18.865384615384617,0.0,0.0,,2.988978750538211,1.1439148706828022,0.0,0.0,0.0,18.865384615384617,0.0,34.304,18.865384615384617,18.865384615384617,0.0,18.865384615384617,0.0,0.0,0.0,0.0
20,1999.0,0.0,Polio,All,18.865384615384617,0.0,0.0,,2.988978750538211,1.1439148706828022,0.0,0.0,0.0,18.865384615384617,0.0,34.304,18.865384615384617,18.865384615384617,0.0,18.865384615384617,0.0,0.0,0.0,0.0
21,1999.0,0.0,Polio,All,18.865384615384617,0.0,0.0,,2.988978750538211,1.1439148706828022,0.0,0.0,0.0,18.865384615384617,0.0,34.304,18.865384615384617,18.865384615384617,0.0,18.865384615384617,0.0,0.0,0.0,0.0
22,1999.0,0.0,Polio,All,18.865384615384617,0.0,0.0,,2.988978750538211,1.1439148706828022,0.0,0.0,0.0,18.865384615384617,0.0,34.304,18.865384615384617,18.865384615384617,0.0,18.865384615384617,0.0,0.0,0.0,0.0
23,1999.0,0.0,Polio,All,18.865384615384617,0.0,0.0,,2.988978750538211,1.1439148706828022,0.0,0.0,0.0,18.865384615384617,0.0,34.304,18.865384615384617,18.865384615384617,0.0,18.865384615384617,0.0,0.0,0.0,0.0
24,1999.0,0.0,Polio,All,18.865384615384617,0.0,0.0,,2.988978750538211,1.1439148706828022,0.0,0.0,0.0,18.865384615384617,0.0,34.304,18.865384615384617,18.865384615384617,0.0,18.865384615384617,0.0,0.0,0.0,0.0
25,1999.0,0.0,Polio,All,18.865384615384617,0.0,0.0,,2.988978750538211,1.1439148706828022,0.0,0.0,0.0,18.865384615384617,0.0,34.304,18.865384615384617,18.865384615384617,0.0,18.865384615384617,0.0,0.0,0.0,0.0
26,1999.0,0.0,Polio,All,18.865384615384617,0.0,0.0,,2.988978750538211,1.1439148706828022,0.0,0.0,0.0,18.865384615384617,0.0,34.304,18.865384615384617,18.865384615384617,0.0,18.865384615384617,0.0,0.0,0.0,0.0
27,1999.0,0.0,Polio,All,18.865384615384617,0.0,0.0,,2.988978750538211,1.1439148706828022,0.0,0.0,0.0,18.865384615384617,0.0,34.304,18.865384615384617,18.865384615384617,0.0,18.865384615384617,0.0,0.0,0.0,0.0
28,1999.0,0.0,Polio,All,18.865384615384617,0.0,0.0,,2.988978750538211,1.1439148706828022,0.0,0.0,0.0,18.865384615384617,0.0,34.304,18.865384615384617,18.865384615384617,0.0,18.865384615384617,0.0,0.0,0.0,0.0
29,1999.0,0.0,Polio,All,18.865384615384617,0.0,0.0,,2.988978750538211,1.1439148706828022,0.0,0.0,0.0,18.865384615384617,0.0,34.304,18.865384615384617,18.865384615384617,0.0,18.865384615384617,0.0,0.0,0.0,0.0
30,1999.0,0.0,Polio,All,18.865384615384617,0.0,0.0,,2.988978750538211,1.1439148706828022,0.0,0.0,0.0,18.865384615384617,0.0,34.304,18.865384615384617,18.865384615384617,0.0,18.865384615384617,0.0,0.0,0.0,0.0
31,1999.0,0.0,Polio,All,18.865384615384617,0.0,0.0,,2.988978750538211,1.1439148706828022,0.0,0.0,0.0,18.865384615384617,0.0,34.304,18.865384615384617,18.865384615384617,0.0,18.865384615384617,0.0,0.0,0.0,0.0
32,1999.0,0.0,Polio,All,18.865384615384617,0.0,0.0,,2.988978750538211,1.1439148706828022,0.0,0.0,0.0,18.865384615384617,0.0,34.304,18.865384615384617,18.865384615384617,0.0,18.865384615384617,0.0,0.0,0.0,0.0
33,1999.0,0.0,Polio,All,18.865384615384617,0.0,0.0,,2.988978750538211,1.1439148706828022,0.0,0.0,0.0,18.865384615384617,0.0,34.304,18.865384615384617,18.865384615384617,0.0,18.865384615384617,0.0,0.0,0.0,0.0
34,1999.0,0.0,Polio,All,18.865384615384617,0.0,0.0,,2.988978750538211,1.1439148706828022,0.0,0.0,0.0,18.865384615384617,0.0,34.304,18.865384615384617,18.865384615384617,0.0,18.865384615384617,0.0,0.0,0.0,0.0
35,1999.0,0.0,Polio,All,18.865384615384617,0.0,0.0,,2.988978750538211,1.1439148706828022,0.0,0.0,0.0,18.865384615384617,0.0,34.304,18.865384615384617,18.865384615384617,0.0,18.865384615384617,0.0,0.0,0.0,0.0
36,1999.0,0.0,Polio,All,18.865384615384617,0.0,0.0,,2.988978750538211,1.1439148706828022,0.0,0.0,0.0,18.865384615384617,0.0,34.304,18.865384615384617,18.865384615384617,0.0,18.865384615384617,0.0,0.0,0.0,0.0
37,1999.0,0.0,Polio,All,18.865384615384617,0.0,0.0,,2.988978750538211,1.1439148706828022,0.0,0.0,0.0,18.865384615384617,0.0,34.304,18.865384615384617,18.865384615384617,0.0,18.865384615384617,0.0,0.0,0.0,0.0
38,1999.0,0.0,Polio,All,18.865384615384617,0.0,0.0,,2.988978750538211,1.1439148706828022,0.0,0.0,0.0,18.865384615384617,0.0,34.304,18.865384615384617,18.865384615384617,0.0,18.865384615384617,0.0,0.0,0.0,0.0
39,1999.0,0.0,Polio,All,18.865384615384617,0.0,0.0,,2.988978750538211,1.1439148706828022,0.0,0.0,0.0,18.865384615384617,0.0,34.304,18.865384615384617,18.865384615384617,0.0,18.865384615384617,0.0,0.0,0.0,0.0
40,1999.0,0.0,Polio,All,18.865384615384617,0.0,0.0,,2.988978750538211,1.1439148706828022,0.0,0.0,0.0,18.865384615384617,0.0,34.304,18.865384615384617,18.865384615384617,0.0,18.865384615384617,0.0,0.0,0.0,0.0
41,1999.0,0.0,Polio,All,18.865384615384617,0.0,0.0,,2.988978750538211,1.1439148706828022,0.0,0.0,0.0,18.865384615384617,0.0,34.304,18.865384615384617,18.865384615384617,0.0,18.865384615384617,0.0,0.0,0.0,0.0
42,1999.0,0.0,Polio,All,18.865384615384617,0.0,0.0,,2.988978750538211,1.1439148706828022,0.0,0.0,0.0,18.865384615384617,0.0,34.304,18.865384615384617,18.865384615384617,0.0,18.865384615384617,0.0,0.0,0.0,0.0
43,1999.0,0.0,Polio,All,18.865384615384617,0.0,0.0,,2.988978750538211,1.1439148706828022,0.0,0.0,0.0,18.865384615384617,0.0,34.304,18.865384615384617,18.865384615384617,0.0,18.865384615384617,0.0,0.0,0.0,0.0
44,1999.0,0.0,Polio,All,18.865384615384617,0.0,0.0,,2.988978750538211,1.1439148706828022,0.0,0.0,0.0,18.865384615384617,0.0,34.304,18.865384615384617,18.865384615384617,0.0,18.865384615384617,0.0,0.0,0.0,0.0
45,1999.0,0.0,Polio,All,18.865384615384617,0.0,0.0,,2.988978750538211,1.1439148706828022,0.0,0.0,0.0,18.865384615384617,0.0,34.304,18.865384615384617,18.865384615384617,0.0,18.865384615384617,0.0,0.0,0.0,0.0
46,1999.0,0.0,Polio,All,18.865384615384617,0.0,0.0,,2.988978750538211,1.1439148706828022,0.0,0.0,0.0,18.865384615384617,0.0,34.304,18.865384615384617,18.865384615384617,0.0,18.865384615384617,0.0,0.0,0.0,0.0
47,1999.0,0.0,Polio,All,18.865384615384617,0.0,0.0,,2.988978750538211,1.1439148706828022,0.0,0.0,0.0,18.865384615384617,0.0,34.304,18.865384615384617,18.865384615384617,0.0,18.865384615384617,0.0,0.0,0.0,0.0
48,1999.0,0.0,Polio,All,18.865384615384617,0.0,0.0,,2.988978750538211,1.1439148706828022,0.0,0.0,0.0,18.865384615384617,0.0,34.304,18.865384615384617,18.865384615384617,0.0,18.865384615384617,0.0,0.0,0.0,0.0
49,1999.0,0.0,Polio,All,18.865384615384617,0.0,0.0,,2.988978750538211,1.1439148706828022,0.0,0.0,0.0,18.865384615384617,0.0,34.304,18.865384615384617,18.865384615384617,0.0,18.865384615384617,0.0,0.0,0.0,0.0
50,1999.0,0.0,Polio,All,18.865384615384617,0.0,0.0,,2.988978750538211,1.1439148706828022,0.0,0.0,0.0,18.865384615384617,0.0,34.304,18.865384615384617,18.865384615384617,0.0,18.865384615384617,0.0,0.0,0.0,0.0
51,1999.0,0.0,Polio,All,18.865384615384617,0.0,0.0,,2.988978750538211,1.1439148706828022,0.0,0.0,0.0,18.865384615384617,0.0,34.304,18.865384615384617,18.865384615384617,0.0,18.865384615384617,0.0,0.0,0.0,0.0
52,1999.0,0.0,Polio,All,18.865384615384617,0.0,0.0,,2.988978750538211,1.1439148706828022,0.0,0.0,0.0,18.865384615384617,0.0,34.304,18.865384615384617,18.865384615384617,0.0,18.865384615384617,0.0,0.0,0.0,0.0
1,2000.0,0.0,Polio,All,12.26923076923077,0.0,0.0,,2.5854478790098776,0.3651363057087473,0.0,0.0,0.0,12.26923076923077,0.0,34.84,18.865384615384617,18.865384615384617,0.0,17.216346153846157,3.2980769230769065,0.0,-0.34964322120285424,0.0
2,2000.0,0.0,Polio,All,12.26923076923077,0.0,0.0,,2.5854478790098776,0.3651363057087473,0.0,0.0,0.0,12.26923076923077,0.0,34.84,12.26923076923077,15.567307692307693,0.0,15.567307692307693,3.8082911986930927,0.0,0.0,0.0
3,2000.0,0.0,Polio,All,12.26923076923077,0.0,0.0,,2.5854478790098776,0.3651363057087473,0.0,0.0,0.0,12.26923076923077,0.0,34.84,12.26923076923077,12.26923076923077,0.0,13.918269230769234,3.298076923076902,0.0,0.0,0.0
4,2000.0,0.0,Polio,All,12.26923076923077,0.0,0.0,,2.5854478790098776,0.3651363057087473,0.0,0.0,0.0,12.26923076923077,0.0,34.84,12.26923076923077,12.26923076923077,0.0,12.26923076923077,0.0,0.0,0.0,0.0
5,2000.0,0.0,Polio,All,12.26923076923077,0.0,0.0,,2.5854478790098776,0.3651363057087473,0.0,0.0,0.0,12.26923076923077,0.0,34.84,12.26923076923077,12.26923076923077,0.0,12.26923076923077,0.0,0.0,0.0,0.0
6,2000.0,0.0,Polio,All,12.26923076923077,0.0,0.0,,2.5854478790098776,0.3651363057087473,0.0,0.0,0.0,12.26923076923077,0.0,34.84,12.26923076923077,12.26923076923077,0.0,12.26923076923077,0.0,0.0,0.0,0.0
7,2000.0,0.0,Polio,All,12.26923076923077,0.0,0.0,,2.5854478790098776,0.3651363057087473,0.0,0.0,0.0,12.26923076923077,0.0,34.84,12.26923076923077,12.26923076923077,0.0,12.26923076923077,0.0,0.0,0.0,0.0
8,2000.0,0.0,Polio,All,12.26923076923077,0.0,0.0,,2.5854478790098776,0.3651363057087473,0.0,0.0,0.0,12.26923076923077,0.0,34.84,12.26923076923077,12.26923076923077,0.0,12.26923076923077,0.0,0.0,0.0,0.0
9,2000.0,0.0,Polio,All,12.26923076923077,0.0,0.0,,2.5854478790098776,0.3651363057087473,0.0,0.0,0.0,12.26923076923077,0.0,34.84,12.26923076923077,12.26923076923077,0.0,12.26923076923077,0.0,0.0,0.0,0.0
10,2000.0,0.0,Polio,All,12.26923076923077,0.0,0.0,,2.5854478790098776,0.3651363057087473,0.0,0.0,0.0,12.26923076923077,0.0,34.84,12.26923076923077,12.26923076923077,0.0,12.26923076923077,0.0,0.0,0.0,0.0
11,2000.0,0.0,Polio,All,12.26923076923077,0.0,0.0,,2.5854478790098776,0.3651363057087473,0.0,0.0,0.0,12.26923076923077,0.0,34.84,12.26923076923077,12.26923076923077,0.0,12.26923076923077,0.0,0.0,0.0,0.0
12,2000.0,0.0,Polio,All,12.26923076923077,0.0,0.0,,2.5854478790098776,0.3651363057087473,0.0,0.0,0.0,12.26923076923077,0.0,34.84,12.26923076923077,12.26923076923077,0.0,12.26923076923077,0.0,0.0,0.0,0.0
13,2000.0,0.0,Polio,All,12.26923076923077,0.0,0.0,,2.5854478790098776,0.3651363057087473,0.0,0.0,0.0,12.26923076923077,0.0,34.84,12.26923076923077,12.26923076923077,0.0,12.26923076923077,0.0,0.0,0.0,0.0
14,2000.0,0.0,Polio,All,12.26923076923077,0.0,0.0,,2.5854478790098776,0.3651363057087473,0.0,0.0,0.0,12.26923076923077,0.0,34.84,12.26923076923077,12.26923076923077,0.0,12.26923076923077,0.0,0.0,0.0,0.0
15,2000.0,0.0,Polio,All,12.26923076923077,0.0,0.0,,2.5854478790098776,0.3651363057087473,0.0,0.0,0.0,12.26923076923077,0.0,34.84,12.26923076923077,12.26923076923077,0.0,12.26923076923077,0.0,0.0,0.0,0.0
16,2000.0,0.0,Polio,All,12.26923076923077,0.0,0.0,,2.5854478790098776,0.3651363057087473,0.0,0.0,0.0,12.26923076923077,0.0,34.84,12.26923076923077,12.26923076923077,0.0,12.26923076923077,0.0,0.0,0.0,0.0
17,2000.0,0.0,Polio,All,12.26923076923077,0.0,0.0,,2.5854478790098776,0.3651363057087473,0.0,0.0,0.0,12.26923076923077,0.0,34.84,12.26923076923077,12.26923076923077,0.0,12.26923076923077,0.0,0.0,0.0,0.0
18,2000.0,0.0,Polio,All,12.26923076923077,0.0,0.0,,2.5854478790098776,0.3651363057087473,0.0,0.0,0.0,12.26923076923077,0.0,34.84,12.26923076923077,12.26923076923077,0.0,12.26923076923077,0.0,0.0,0.0,0.0
19,2000.0,0.0,Polio,All,12.26923076923077,0.0,0.0,,2.5854478790098776,0.3651363057087473,0.0,0.0,0.0,12.26923076923077,0.0,34.84,12.26923076923077,12.26923076923077,0.0,12.26923076923077,0.0,0.0,0.0,0.0
20,2000.0,0.0,Polio,All,12.26923076923077,0.0,0.0,,2.5854478790098776,0.3651363057087473,0.0,0.0,0.0,12.26923076923077,0.0,34.84,12.26923076923077,12.26923076923077,0.0,12.26923076923077,0.0,0.0,0.0,0.0
21,2000.0,0.0,Polio,All,12.26923076923077,0.0,0.0,,2.5854478790098776,0.3651363057087473,0.0,0.0,0.0,12.26923076923077,0.0,34.84,12.26923076923077,12.26923076923077,0.0,12.26923076923077,0.0,0.0,0.0,0.0
22,2000.0,0.0,Polio,All,12.26923076923077,0.0,0.0,,2.5854478790098776,0.3651363057087473,0.0,0.0,0.0,12.26923076923077,0.0,34.84,12.26923076923077,12.26923076923077,0.0,12.26923076923077,0.0,0.0,0.0,0.0
23,2000.0,0.0,Polio,All,12.26923076923077,0.0,0.0,,2.5854478790098776,0.3651363057087473,0.0,0.0,0.0,12.26923076923077,0.0,34.84,12.26923076923077,12.26923076923077,0.0,12.26923076923077,0.0,0.0,0.0,0.0
24,2000.0,0.0,Polio,All,12.26923076923077,0.0,0.0,,2.5854478790098776,0.3651363057087473,0.0,0.0,0.0,12.26923076923077,0.0,34.84,12.26923076923077,12.26923076923077,0.0,12.26923076923077,0.0,0.0,0.0,0.0
25,2000.0,0.0,Polio,All,12.26923076923077,0.0,0.0,,2.5854478790098776,0.3651363057087473,0.0,0.0,0.0,12.26923076923077,0.0,34.84,12.26923076923077,12.26923076923077,0.0,12.26923076923077,0.0,0.0,0.0,0.0
26,2000.0,0.0,Polio,All,12.26923076923077,0.0,0.0,,2.5854478790098776,0.3651363057087473,0.0,0.0,0.0,12.26923076923077,0.0,34.84,12.26923076923077,12.26923076923077,0.0,12.26923076923077,0.0,0.0,0.0,0.0
27,2000.0,0.0,Polio,All,12.26923076923077,0.0,0.0,,2.5854478790098776,0.3651363057087473,0.0,0.0,0.0,12.26923076923077,0.0,34.84,12.26923076923077,12.26923076923077,0.0,12.26923076923077,0.0,0.0,0.0,0.0
28,2000.0,0.0,Polio,All,12.26923076923077,0.0,0.0,,2.5854478790098776,0.3651363057087473,0.0,0.0,0.0,12.26923076923077,0.0,34.84,12.26923076923077,12.26923076923077,0.0,12.26923076923077,0.0,0.0,0.0,0.0
29,2000.0,0.0,Polio,All,12.26923076923077,0.0,0.0,,2.5854478790098776,0.3651363057087473,0.0,0.0,0.0,12.26923076923077,0.0,34.84,12.26923076923077,12.26923076923077,0.0,12.26923076923077,0.0,0.0,0.0,0.0
30,2000.0,0.0,Polio,All,12.26923076923077,0.0,0.0,,2.5854478790098776,0.3651363057087473,0.0,0.0,0.0,12.26923076923077,0.0,34.84,12.26923076923077,12.26923076923077,0.0,12.26923076923077,0.0,0.0,0.0,0.0
31,2000.0,0.0,Polio,All,12.26923076923077,0.0,0.0,,2.5854478790098776,0.3651363057087473,0.0,0.0,0.0,12.26923076923077,0.0,34.84,12.26923076923077,12.26923076923077,0.0,12.26923076923077,0.0,0.0,0.0,0.0
32,2000.0,0.0,Polio,All,12.26923076923077,0.0,0.0,,2.5854478790098776,0.3651363057087473,0.0,0.0,0.0,12.26923076923077,0.0,34.84,12.26923076923077,12.26923076923077,0.0,12.26923076923077,0.0,0.0,0.0,0.0
33,2000.0,0.0,Polio,All,12.26923076923077,0.0,0.0,,2.5854478790098776,0.3651363057087473,0.0,0.0,0.0,12.26923076923077,0.0,34.84,12.26923076923077,12.26923076923077,0.0,12.26923076923077,0.0,0.0,0.0,0.0
34,2000.0,0.0,Polio,All,12.26923076923077,0.0,0.0,,2.5854478790098776,0.3651363057087473,0.0,0.0,0.0,12.26923076923077,0.0,34.84,12.26923076923077,12.26923076923077,0.0,12.26923076923077,0.0,0.0,0.0,0.0
35,2000.0,0.0,Polio,All,12.26923076923077,0.0,0.0,,2.5854478790098776,0.3651363057087473,0.0,0.0,0.0,12.26923076923077,0.0,34.84,12.26923076923077,12.26923076923077,0.0,12.26923076923077,0.0,0.0,0.0,0.0
36,2000.0,0.0,Polio,All,12.26923076923077,0.0,0.0,,2.5854478790098776,0.3651363057087473,0.0,0.0,0.0,12.26923076923077,0.0,34.84,12.26923076923077,12.26923076923077,0.0,12.26923076923077,0.0,0.0,0.0,0.0
37,2000.0,0.0,Polio,All,12.26923076923077,0.0,0.0,,2.5854478790098776,0.3651363057087473,0.0,0.0,0.0,12.26923076923077,0.0,34.84,12.26923076923077,12.26923076923077,0.0,12.26923076923077,0.0,0.0,0.0,0.0
38,2000.0,0.0,Polio,All,12.26923076923077,0.0,0.0,,2.5854478790098776,0.3651363057087473,0.0,0.0,0.0,12.26923076923077,0.0,34.84,12.26923076923077,12.26923076923077,0.0,12.26923076923077,0.0,0.0,0.0,0.0
39,2000.0,0.0,Polio,All,12.26923076923077,0.0,0.0,,2.5854478790098776,0.3651363057087473,0.0,0.0,0.0,12.26923076923077,0.0,34.84,12.26923076923077,12.26923076923077,0.0,12.26923076923077,0.0,0.0,0.0,0.0
40,2000.0,0.0,Polio,All,12.26923076923077,0.0,0.0,,2.5854478790098776,0.3651363057087473,0.0,0.0,0.0,12.26923076923077,0.0,34.84,12.26923076923077,12.26923076923077,0.0,12.26923076923077,0.0,0.0,0.0,0.0
41,2000.0,0.0,Polio,All,12.26923076923077,0.0,0.0,,2.5854478790098776,0.3651363057087473,0.0,0.0,0.0,12.26923076923077,0.0,34.84,12.26923076923077,12.26923076923077,0.0,12.26923076923077,0.0,0.0,0.0,0.0
42,2000.0,0.0,Polio,All,12.26923076923077,0.0,0.0,,2.5854478790098776,0.3651363057087473,0.0,0.0,0.0,12.26923076923077,0.0,34.84,12.26923076923077,12.26923076923077,0.0,12.26923076923077,0.0,0.0,0.0,0.0
43,2000.0,0.0,Polio,All,12.26923076923077,0.0,0.0,,2.5854478790098776,0.3651363057087473,0.0,0.0,0.0,12.26923076923077,0.0,34.84,12.26923076923077,12.26923076923077,0.0,12.26923076923077,0.0,0.0,0.0,0.0
44,2000.0,0.0,Polio,All,12.26923076923077,0.0,0.0,,2.5854478790098776,0.3651363057087473,0.0,0.0,0.0,12.26923076923077,0.0,34.84,12.26923076923077,12.26923076923077,0.0,12.26923076923077,0.0,0.0,0.0,0.0
45,2000.0,0.0,Polio,All,12.26923076923077,0.0,0.0,,2.5854478790098776,0.3651363057087473,0.0,0.0,0.0,12.26923076923077,0.0,34.84,12.26923076923077,12.26923076923077,0.0,12.26923076923077,0.0,0.0,0.0,0.0
46,2000.0,0.0,Polio,All,12.26923076923077,0.0,0.0,,2.5854478790098776,0.3651363057087473,0.0,0.0,0.0,12.26923076923077,0.0,34.84,12.26923076923077,12.26923076923077,0.0,12.26923076923077,0.0,0.0,0.0,0.0
47,2000.0,0.0,Polio,All,12.26923076923077,0.0,0.0,,2.5854478790098776,0.3651363057087473,0.0,0.0,0.0,12.26923076923077,0.0,34.84,12.26923076923077,12.26923076923077,0.0,12.26923076923077,0.0,0.0,0.0,0.0
48,2000.0,0.0,Polio,All,12.26923076923077,0.0,0.0,,2.5854478790098776,0.3651363057087473,0.0,0.0,0.0,12.26923076923077,0.0,34.84,12.26923076923077,12.26923076923077,0.0,12.26923076923077,0.0,0.0,0.0,0.0
49,2000.0,0.0,Polio,All,12.26923076923077,0.0,0.0,,2.5854478790098776,0.3651363057087473,0.0,0.0,0.0,12.26923076923077,0.0,34.84,12.26923076923077,12.26923076923077,0.0,12.26923076923077,0.0,0.0,0.0,0.0
50,2000.0,0.0,Polio,All,12.26923076923077,0.0,0.0,,2.5854478790098776,0.3651363057087473,0.0,0.0,0.0,12.26923076923077,0.0,34.84,12.26923076923077,12.26923076923077,0.0,12.26923076923077,0.0,0.0,0.0,0.0
51,2000.0,0.0,Polio,All,12.26923076923077,0.0,0.0,,2.5854478790098776,0.3651363057087473,0.0,0.0,0.0,12.26923076923077,0.0,34.84,12.26923076923077,12.26923076923077,0.0,12.26923076923077,0.0,0.0,0.0,0.0
52,2000.0,0.0,Polio,All,12.26923076923077,0.0,0.0,,2.5854478790098776,0.3651363057087473,0.0,0.0,0.0,12.26923076923077,0.0,34.84,12.26923076923077,12.26923076923077,0.0,12.26923076923077,0.0,0.0,0.0,0.0
1,2001.0,0.0,Polio,All,1.0769230769230769,0.0,0.0,,0.7308875085427923,-0.9562897141597658,0.0,0.0,0.0,1.0769230769230769,0.0,35.669,12.26923076923077,12.26923076923077,0.0,9.471153846153847,5.59615384615383,0.0,-0.9122257053291536,0.0
2,2001.0,0.0,Polio,All,1.0769230769230769,0.0,0.0,,0.7308875085427923,-0.9562897141597658,0.0,0.0,0.0,1.0769230769230769,0.0,35.669,1.0769230769230769,6.673076923076923,0.0,6.673076923076923,6.461881859006949,0.0,0.0,0.0
3,2001.0,0.0,Polio,All,1.0769230769230769,0.0,0.0,,0.7308875085427923,-0.9562897141597658,0.0,0.0,0.0,1.0769230769230769,0.0,35.669,1.0769230769230769,1.0769230769230769,0.0,3.875,5.596153846153825,0.0,0.0,0.0
4,2001.0,0.0,Polio,All,1.0769230769230769,0.0,0.0,,0.7308875085427923,-0.9562897141597658,0.0,0.0,0.0,1.0769230769230769,0.0,35.669,1.0769230769230769,1.0769230769230769,0.0,1.0769230769230769,0.0,0.0,0.0,0.0
5,2001.0,0.0,Polio,All,1.0769230769230769,0.0,0.0,,0.7308875085427923,-0.9562897141597658,0.0,0.0,0.0,1.0769230769230769,0.0,35.669,1.0769230769230769,1.0769230769230769,0.0,1.0769230769230769,0.0,0.0,0.0,0.0
6,2001.0,0.0,Polio,All,1.0769230769230769,0.0,0.0,,0.7308875085427923,-0.9562897141597658,0.0,0.0,0.0,1.0769230769230769,0.0,35.669,1.0769230769230769,1.0769230769230769,0.0,1.0769230769230769,0.0,0.0,0.0,0.0
7,2001.0,0.0,Polio,All,1.0769230769230769,0.0,0.0,,0.7308875085427923,-0.9562897141597658,0.0,0.0,0.0,1.0769230769230769,0.0,35.669,1.0769230769230769,1.0769230769230769,0.0,1.0769230769230769,0.0,0.0,0.0,0.0
8,2001.0,0.0,Polio,All,1.0769230769230769,0.0,0.0,,0.7308875085427923,-0.9562897141597658,0.0,0.0,0.0,1.0769230769230769,0.0,35.669,1.0769230769230769,1.0769230769230769,0.0,1.0769230769230769,0.0,0.0,0.0,0.0
9,2001.0,0.0,Polio,All,1.0769230769230769,0.0,0.0,,0.7308875085427923,-0.9562897141597658,0.0,0.0,0.0,1.0769230769230769,0.0,35.669,1.0769230769230769,1.0769230769230769,0.0,1.0769230769230769,0.0,0.0,0.0,0.0
10,2001.0,0.0,Polio,All,1.0769230769230769,0.0,0.0,,0.7308875085427923,-0.9562897141597658,0.0,0.0,0.0,1.0769230769230769,0.0,35.669,1.0769230769230769,1.0769230769230769,0.0,1.0769230769230769,0.0,0.0,0.0,0.0
11,2001.0,0.0,Polio,All,1.0769230769230769,0.0,0.0,,0.7308875085427923,-0.9562897141597658,0.0,0.0,0.0,1.0769230769230769,0.0,35.669,1.0769230769230769,1.0769230769230769,0.0,1.0769230769230769,0.0,0.0,0.0,0.0
12,2001.0,0.0,Polio,All,1.0769230769230769,0.0,0.0,,0.7308875085427923,-0.9562897141597658,0.0,0.0,0.0,1.0769230769230769,0.0,35.669,1.0769230769230769,1.0769230769230769,0.0,1.0769230769230769,0.0,0.0,0.0,0.0
13,2001.0,0.0,Polio,All,1.0769230769230769,0.0,0.0,,0.7308875085427923,-0.9562897141597658,0.0,0.0,0.0,1.0769230769230769,0.0,35.669,1.0769230769230769,1.0769230769230769,0.0,1.0769230769230769,0.0,0.0,0.0,0.0
14,2001.0,0.0,Polio,All,1.0769230769230769,0.0,0.0,,0.7308875085427923,-0.9562897141597658,0.0,0.0,0.0,1.0769230769230769,0.0,35.669,1.0769230769230769,1.0769230769230769,0.0,1.0769230769230769,0.0,0.0,0.0,0.0
15,2001.0,0.0,Polio,All,1.0769230769230769,0.0,0.0,,0.7308875085427923,-0.9562897141597658,0.0,0.0,0.0,1.0769230769230769,0.0,35.669,1.0769230769230769,1.0769230769230769,0.0,1.0769230769230769,0.0,0.0,0.0,0.0
16,2001.0,0.0,Polio,All,1.0769230769230769,0.0,0.0,,0.7308875085427923,-0.9562897141597658,0.0,0.0,0.0,1.0769230769230769,0.0,35.669,1.0769230769230769,1.0769230769230769,0.0,1.0769230769230769,0.0,0.0,0.0,0.0
17,2001.0,0.0,Polio,All,1.0769230769230769,0.0,0.0,,0.7308875085427923,-0.9562897141597658,0.0,0.0,0.0,1.0769230769230769,0.0,35.669,1.0769230769230769,1.0769230769230769,0.0,1.0769230769230769,0.0,0.0,0.0,0.0
18,2001.0,0.0,Polio,All,1.0769230769230769,0.0,0.0,,0.7308875085427923,-0.9562897141597658,0.0,0.0,0.0,1.0769230769230769,0.0,35.669,1.0769230769230769,1.0769230769230769,0.0,1.0769230769230769,0.0,0.0,0.0,0.0
19,2001.0,0.0,Polio,All,1.0769230769230769,0.0,0.0,,0.7308875085427923,-0.9562897141597658,0.0,0.0,0.0,1.0769230769230769,0.0,35.669,1.0769230769230769,1.0769230769230769,0.0,1.0769230769230769,0.0,0.0,0.0,0.0
20,2001.0,0.0,Polio,All,1.0769230769230769,0.0,0.0,,0.7308875085427923,-0.9562897141597658,0.0,0.0,0.0,1.0769230769230769,0.0,35.669,1.0769230769230769,1.0769230769230769,0.0,1.0769230769230769,0.0,0.0,0.0,0.0
21,2001.0,0.0,Polio,All,1.0769230769230769,0.0,0.0,,0.7308875085427923,-0.9562897141597658,0.0,0.0,0.0,1.0769230769230769,0.0,35.669,1.0769230769230769,1.0769230769230769,0.0,1.0769230769230769,0.0,0.0,0.0,0.0
22,2001.0,0.0,Polio,All,1.0769230769230769,0.0,0.0,,0.7308875085427923,-0.9562897141597658,0.0,0.0,0.0,1.0769230769230769,0.0,35.669,1.0769230769230769,1.0769230769230769,0.0,1.0769230769230769,0.0,0.0,0.0,0.0
23,2001.0,0.0,Polio,All,1.0769230769230769,0.0,0.0,,0.7308875085427923,-0.9562897141597658,0.0,0.0,0.0,1.0769230769230769,0.0,35.669,1.0769230769230769,1.0769230769230769,0.0,1.0769230769230769,0.0,0.0,0.0,0.0
24,2001.0,0.0,Polio,All,1.0769230769230769,0.0,0.0,,0.7308875085427923,-0.9562897141597658,0.0,0.0,0.0,1.0769230769230769,0.0,35.669,1.0769230769230769,1.0769230769230769,0.0,1.0769230769230769,0.0,0.0,0.0,0.0
25,2001.0,0.0,Polio,All,1.0769230769230769,0.0,0.0,,0.7308875085427923,-0.9562897141597658,0.0,0.0,0.0,1.0769230769230769,0.0,35.669,1.0769230769230769,1.0769230769230769,0.0,1.0769230769230769,0.0,0.0,0.0,0.0
26,2001.0,0.0,Polio,All,1.0769230769230769,0.0,0.0,,0.7308875085427923,-0.9562897141597658,0.0,0.0,0.0,1.0769230769230769,0.0,35.669,1.0769230769230769,1.0769230769230769,0.0,1.0769230769230769,0.0,0.0,0.0,0.0
27,2001.0,0.0,Polio,All,1.0769230769230769,0.0,0.0,,0.7308875085427923,-0.9562897141597658,0.0,0.0,0.0,1.0769230769230769,0.0,35.669,1.0769230769230769,1.0769230769230769,0.0,1.0769230769230769,0.0,0.0,0.0,0.0
28,2001.0,0.0,Polio,All,1.0769230769230769,0.0,0.0,,0.7308875085427923,-0.9562897141597658,0.0,0.0,0.0,1.0769230769230769,0.0,35.669,1.0769230769230769,1.0769230769230769,0.0,1.0769230769230769,0.0,0.0,0.0,0.0
29,2001.0,0.0,Polio,All,1.0769230769230769,0.0,0.0,,0.7308875085427923,-0.9562897141597658,0.0,0.0,0.0,1.0769230769230769,0.0,35.669,1.0769230769230769,1.0769230769230769,0.0,1.0769230769230769,0.0,0.0,0.0,0.0
30,2001.0,0.0,Polio,All,1.0769230769230769,0.0,0.0,,0.7308875085427923,-0.9562897141597658,0.0,0.0,0.0,1.0769230769230769,0.0,35.669,1.0769230769230769,1.0769230769230769,0.0,1.0769230769230769,0.0,0.0,0.0,0.0
31,2001.0,0.0,Polio,All,1.0769230769230769,0.0,0.0,,0.7308875085427923,-0.9562897141597658,0.0,0.0,0.0,1.0769230769230769,0.0,35.669,1.0769230769230769,1.0769230769230769,0.0,1.0769230769230769,0.0,0.0,0.0,0.0
32,2001.0,0.0,Polio,All,1.0769230769230769,0.0,0.0,,0.7308875085427923,-0.9562897141597658,0.0,0.0,0.0,1.0769230769230769,0.0,35.669,1.0769230769230769,1.0769230769230769,0.0,1.0769230769230769,0.0,0.0,0.0,0.0
33,2001.0,0.0,Polio,All,1.0769230769230769,0.0,0.0,,0.7308875085427923,-0.9562897141597658,0.0,0.0,0.0,1.0769230769230769,0.0,35.669,1.0769230769230769,1.0769230769230769,0.0,1.0769230769230769,0.0,0.0,0.0,0.0
34,2001.0,0.0,Polio,All,1.0769230769230769,0.0,0.0,,0.7308875085427923,-0.9562897141597658,0.0,0.0,0.0,1.0769230769230769,0.0,35.669,1.0769230769230769,1.0769230769230769,0.0,1.0769230769230769,0.0,0.0,0.0,0.0
35,2001.0,0.0,Polio,All,1.0769230769230769,0.0,0.0,,0.7308875085427923,-0.9562897141597658,0.0,0.0,0.0,1.0769230769230769,0.0,35.669,1.0769230769230769,1.0769230769230769,0.0,1.0769230769230769,0.0,0.0,0.0,0.0
36,2001.0,0.0,Polio,All,1.0769230769230769,0.0,0.0,,0.7308875085427923,-0.9562897141597658,0.0,0.0,0.0,1.0769230769230769,0.0,35.669,1.0769230769230769,1.0769230769230769,0.0,1.0769230769230769,0.0,0.0,0.0,0.0
37,2001.0,0.0,Polio,All,1.0769230769230769,0.0,0.0,,0.7308875085427923,-0.9562897141597658,0.0,0.0,0.0,1.0769230769230769,0.0,35.669,1.0769230769230769,1.0769230769230769,0.0,1.0769230769230769,0.0,0.0,0.0,0.0
38,2001.0,0.0,Polio,All,1.0769230769230769,0.0,0.0,,0.7308875085427923,-0.9562897141597658,0.0,0.0,0.0,1.0769230769230769,0.0,35.669,1.0769230769230769,1.0769230769230769,0.0,1.0769230769230769,0.0,0.0,0.0,0.0
39,2001.0,0.0,Polio,All,1.0769230769230769,0.0,0.0,,0.7308875085427923,-0.9562897141597658,0.0,0.0,0.0,1.0769230769230769,0.0,35.669,1.0769230769230769,1.0769230769230769,0.0,1.0769230769230769,0.0,0.0,0.0,0.0
40,2001.0,0.0,Polio,All,1.0769230769230769,0.0,0.0,,0.7308875085427923,-0.9562897141597658,0.0,0.0,0.0,1.0769230769230769,0.0,35.669,1.0769230769230769,1.0769230769230769,0.0,1.0769230769230769,0.0,0.0,0.0,0.0
41,2001.0,0.0,Polio,All,1.0769230769230769,0.0,0.0,,0.7308875085427923,-0.9562897141597658,0.0,0.0,0.0,1.0769230769230769,0.0,35.669,1.0769230769230769,1.0769230769230769,0.0,1.0769230769230769,0.0,0.0,0.0,0.0
42,2001.0,0.0,Polio,All,1.0769230769230769,0.0,0.0,,0.7308875085427923,-0.9562897141597658,0.0,0.0,0.0,1.0769230769230769,0.0,35.669,1.0769230769230769,1.0769230769230769,0.0,1.0769230769230769,0.0,0.0,0.0,0.0
43,2001.0,0.0,Polio,All,1.0769230769230769,0.0,0.0,,0.7308875085427923,-0.9562897141597658,0.0,0.0,0.0,1.0769230769230769,0.0,35.669,1.0769230769230769,1.0769230769230769,0.0,1.0769230769230769,0.0,0.0,0.0,0.0
44,2001.0,0.0,Polio,All,1.0769230769230769,0.0,0.0,,0.7308875085427923,-0.9562897141597658,0.0,0.0,0.0,1.0769230769230769,0.0,35.669,1.0769230769230769,1.0769230769230769,0.0,1.0769230769230769,0.0,0.0,0.0,0.0
45,2001.0,0.0,Polio,All,1.0769230769230769,0.0,0.0,,0.7308875085427923,-0.9562897141597658,0.0,0.0,0.0,1.0769230769230769,0.0,35.669,1.0769230769230769,1.0769230769230769,0.0,1.0769230769230769,0.0,0.0,0.0,0.0
46,2001.0,0.0,Polio,All,1.0769230769230769,0.0,0.0,,0.7308875085427923,-0.9562897141597658,0.0,0.0,0.0,1.0769230769230769,0.0,35.669,1.0769230769230769,1.0769230769230769,0.0,1.0769230769230769,0.0,0.0,0.0,0.0
47,2001.0,0.0,Polio,All,1.0769230769230769,0.0,0.0,,0.7308875085427923,-0.9562897141597658,0.0,0.0,0.0,1.0769230769230769,0.0,35.669,1.0769230769230769,1.0769230769230769,0.0,1.0769230769230769,0.0,0.0,0.0,0.0
48,2001.0,0.0,Polio,All,1.0769230769230769,0.0,0.0,,0.7308875085427923,-0.9562897141597658,0.0,0.0,0.0,1.0769230769230769,0.0,35.669,1.0769230769230769,1.0769230769230769,0.0,1.0769230769230769,0.0,0.0,0.0,0.0
49,2001.0,0.0,Polio,All,1.0769230769230769,0.0,0.0,,0.7308875085427923,-0.9562897141597658,0.0,0.0,0.0,1.0769230769230769,0.0,35.669,1.0769230769230769,1.0769230769230769,0.0,1.0769230769230769,0.0,0.0,0.0,0.0
50,2001.0,0.0,Polio,All,1.0769230769230769,0.0,0.0,,0.7308875085427923,-0.9562897141597658,0.0,0.0,0.0,1.0769230769230769,0.0,35.669,1.0769230769230769,1.0769230769230769,0.0,1.0769230769230769,0.0,0.0,0.0,0.0
51,2001.0,0.0,Polio,All,1.0769230769230769,0.0,0.0,,0.7308875085427923,-0.9562897141597658,0.0,0.0,0.0,1.0769230769230769,0.0,35.669,1.0769230769230769,1.0769230769230769,0.0,1.0769230769230769,0.0,0.0,0.0,0.0
52,2001.0,0.0,Polio,All,1.0769230769230769,0.0,0.0,,0.7308875085427923,-0.9562897141597658,0.0,0.0,0.0,1.0769230769230769,0.0,35.669,1.0769230769230769,1.0769230769230769,0.0,1.0769230769230769,0.0,0.0,0.0,0.0
1,2002.0,0.0,Polio,All,3.8846153846153846,0.0,0.0,,1.5860905484371093,-0.624797963471101,0.0,0.0,0.0,3.8846153846153846,0.0,36.508,1.0769230769230769,1.0769230769230769,0.0,1.7788461538461537,1.4038461538460603,0.0,2.607142857142857,0.0
2,2002.0,0.0,Polio,All,3.8846153846153846,0.0,0.0,,1.5860905484371093,-0.624797963471101,0.0,0.0,0.0,3.8846153846153846,0.0,36.508,3.8846153846153846,2.480769230769231,0.0,2.480769230769231,1.6210219096477165,0.0,0.0,0.0
3,2002.0,0.0,Polio,All,3.8846153846153846,0.0,0.0,,1.5860905484371093,-0.624797963471101,0.0,0.0,0.0,3.8846153846153846,0.0,36.508,3.8846153846153846,3.8846153846153846,0.0,3.182692307692308,1.4038461538460654,0.0,0.0,0.0
4,2002.0,0.0,Polio,All,3.8846153846153846,0.0,0.0,,1.5860905484371093,-0.624797963471101,0.0,0.0,0.0,3.8846153846153846,0.0,36.508,3.8846153846153846,3.8846153846153846,0.0,3.8846153846153846,0.0,0.0,0.0,0.0
5,2002.0,0.0,Polio,All,3.8846153846153846,0.0,0.0,,1.5860905484371093,-0.624797963471101,0.0,0.0,0.0,3.8846153846153846,0.0,36.508,3.8846153846153846,3.8846153846153846,0.0,3.8846153846153846,0.0,0.0,0.0,0.0
6,2002.0,0.0,Polio,All,3.8846153846153846,0.0,0.0,,1.5860905484371093,-0.624797963471101,0.0,0.0,0.0,3.8846153846153846,0.0,36.508,3.8846153846153846,3.8846153846153846,0.0,3.8846153846153846,0.0,0.0,0.0,0.0
7,2002.0,0.0,Polio,All,3.8846153846153846,0.0,0.0,,1.5860905484371093,-0.624797963471101,0.0,0.0,0.0,3.8846153846153846,0.0,36.508,3.8846153846153846,3.8846153846153846,0.0,3.8846153846153846,0.0,0.0,0.0,0.0
8,2002.0,0.0,Polio,All,3.8846153846153846,0.0,0.0,,1.5860905484371093,-0.624797963471101,0.0,0.0,0.0,3.8846153846153846,0.0,36.508,3.8846153846153846,3.8846153846153846,0.0,3.8846153846153846,0.0,0.0,0.0,0.0
9,2002.0,0.0,Polio,All,3.8846153846153846,0.0,0.0,,1.5860905484371093,-0.624797963471101,0.0,0.0,0.0,3.8846153846153846,0.0,36.508,3.8846153846153846,3.8846153846153846,0.0,3.8846153846153846,0.0,0.0,0.0,0.0
10,2002.0,0.0,Polio,All,3.8846153846153846,0.0,0.0,,1.5860905484371093,-0.624797963471101,0.0,0.0,0.0,3.8846153846153846,0.0,36.508,3.8846153846153846,3.8846153846153846,0.0,3.8846153846153846,0.0,0.0,0.0,0.0
11,2002.0,0.0,Polio,All,3.8846153846153846,0.0,0.0,,1.5860905484371093,-0.624797963471101,0.0,0.0,0.0,3.8846153846153846,0.0,36.508,3.8846153846153846,3.8846153846153846,0.0,3.8846153846153846,0.0,0.0,0.0,0.0
12,2002.0,0.0,Polio,All,3.8846153846153846,0.0,0.0,,1.5860905484371093,-0.624797963471101,0.0,0.0,0.0,3.8846153846153846,0.0,36.508,3.8846153846153846,3.8846153846153846,0.0,3.8846153846153846,0.0,0.0,0.0,0.0
13,2002.0,0.0,Polio,All,3.8846153846153846,0.0,0.0,,1.5860905484371093,-0.624797963471101,0.0,0.0,0.0,3.8846153846153846,0.0,36.508,3.8846153846153846,3.8846153846153846,0.0,3.8846153846153846,0.0,0.0,0.0,0.0
14,2002.0,0.0,Polio,All,3.8846153846153846,0.0,0.0,,1.5860905484371093,-0.624797963471101,0.0,0.0,0.0,3.8846153846153846,0.0,36.508,3.8846153846153846,3.8846153846153846,0.0,3.8846153846153846,0.0,0.0,0.0,0.0
15,2002.0,0.0,Polio,All,3.8846153846153846,0.0,0.0,,1.5860905484371093,-0.624797963471101,0.0,0.0,0.0,3.8846153846153846,0.0,36.508,3.8846153846153846,3.8846153846153846,0.0,3.8846153846153846,0.0,0.0,0.0,0.0
16,2002.0,0.0,Polio,All,3.8846153846153846,0.0,0.0,,1.5860905484371093,-0.624797963471101,0.0,0.0,0.0,3.8846153846153846,0.0,36.508,3.8846153846153846,3.8846153846153846,0.0,3.8846153846153846,0.0,0.0,0.0,0.0
17,2002.0,0.0,Polio,All,3.8846153846153846,0.0,0.0,,1.5860905484371093,-0.624797963471101,0.0,0.0,0.0,3.8846153846153846,0.0,36.508,3.8846153846153846,3.8846153846153846,0.0,3.8846153846153846,0.0,0.0,0.0,0.0
18,2002.0,0.0,Polio,All,3.8846153846153846,0.0,0.0,,1.5860905484371093,-0.624797963471101,0.0,0.0,0.0,3.8846153846153846,0.0,36.508,3.8846153846153846,3.8846153846153846,0.0,3.8846153846153846,0.0,0.0,0.0,0.0
19,2002.0,0.0,Polio,All,3.8846153846153846,0.0,0.0,,1.5860905484371093,-0.624797963471101,0.0,0.0,0.0,3.8846153846153846,0.0,36.508,3.8846153846153846,3.8846153846153846,0.0,3.8846153846153846,0.0,0.0,0.0,0.0
20,2002.0,0.0,Polio,All,3.8846153846153846,0.0,0.0,,1.5860905484371093,-0.624797963471101,0.0,0.0,0.0,3.8846153846153846,0.0,36.508,3.8846153846153846,3.8846153846153846,0.0,3.8846153846153846,0.0,0.0,0.0,0.0
21,2002.0,0.0,Polio,All,3.8846153846153846,0.0,0.0,,1.5860905484371093,-0.624797963471101,0.0,0.0,0.0,3.8846153846153846,0.0,36.508,3.8846153846153846,3.8846153846153846,0.0,3.8846153846153846,0.0,0.0,0.0,0.0
22,2002.0,0.0,Polio,All,3.8846153846153846,0.0,0.0,,1.5860905484371093,-0.624797963471101,0.0,0.0,0.0,3.8846153846153846,0.0,36.508,3.8846153846153846,3.8846153846153846,0.0,3.8846153846153846,0.0,0.0,0.0,0.0
23,2002.0,0.0,Polio,All,3.8846153846153846,0.0,0.0,,1.5860905484371093,-0.624797963471101,0.0,0.0,0.0,3.8846153846153846,0.0,36.508,3.8846153846153846,3.8846153846153846,0.0,3.8846153846153846,0.0,0.0,0.0,0.0
24,2002.0,0.0,Polio,All,3.8846153846153846,0.0,0.0,,1.5860905484371093,-0.624797963471101,0.0,0.0,0.0,3.8846153846153846,0.0,36.508,3.8846153846153846,3.8846153846153846,0.0,3.8846153846153846,0.0,0.0,0.0,0.0
25,2002.0,0.0,Polio,All,3.8846153846153846,0.0,0.0,,1.5860905484371093,-0.624797963471101,0.0,0.0,0.0,3.8846153846153846,0.0,36.508,3.8846153846153846,3.8846153846153846,0.0,3.8846153846153846,0.0,0.0,0.0,0.0
26,2002.0,0.0,Polio,All,3.8846153846153846,0.0,0.0,,1.5860905484371093,-0.624797963471101,0.0,0.0,0.0,3.8846153846153846,0.0,36.508,3.8846153846153846,3.8846153846153846,0.0,3.8846153846153846,0.0,0.0,0.0,0.0
27,2002.0,0.0,Polio,All,3.8846153846153846,0.0,0.0,,1.5860905484371093,-0.624797963471101,0.0,0.0,0.0,3.8846153846153846,0.0,36.508,3.8846153846153846,3.8846153846153846,0.0,3.8846153846153846,0.0,0.0,0.0,0.0
28,2002.0,0.0,Polio,All,3.8846153846153846,0.0,0.0,,1.5860905484371093,-0.624797963471101,0.0,0.0,0.0,3.8846153846153846,0.0,36.508,3.8846153846153846,3.8846153846153846,0.0,3.8846153846153846,0.0,0.0,0.0,0.0
29,2002.0,0.0,Polio,All,3.8846153846153846,0.0,0.0,,1.5860905484371093,-0.624797963471101,0.0,0.0,0.0,3.8846153846153846,0.0,36.508,3.8846153846153846,3.8846153846153846,0.0,3.8846153846153846,0.0,0.0,0.0,0.0
30,2002.0,0.0,Polio,All,3.8846153846153846,0.0,0.0,,1.5860905484371093,-0.624797963471101,0.0,0.0,0.0,3.8846153846153846,0.0,36.508,3.8846153846153846,3.8846153846153846,0.0,3.8846153846153846,0.0,0.0,0.0,0.0
31,2002.0,0.0,Polio,All,3.8846153846153846,0.0,0.0,,1.5860905484371093,-0.624797963471101,0.0,0.0,0.0,3.8846153846153846,0.0,36.508,3.8846153846153846,3.8846153846153846,0.0,3.8846153846153846,0.0,0.0,0.0,0.0
32,2002.0,0.0,Polio,All,3.8846153846153846,0.0,0.0,,1.5860905484371093,-0.624797963471101,0.0,0.0,0.0,3.8846153846153846,0.0,36.508,3.8846153846153846,3.8846153846153846,0.0,3.8846153846153846,0.0,0.0,0.0,0.0
33,2002.0,0.0,Polio,All,3.8846153846153846,0.0,0.0,,1.5860905484371093,-0.624797963471101,0.0,0.0,0.0,3.8846153846153846,0.0,36.508,3.8846153846153846,3.8846153846153846,0.0,3.8846153846153846,0.0,0.0,0.0,0.0
34,2002.0,0.0,Polio,All,3.8846153846153846,0.0,0.0,,1.5860905484371093,-0.624797963471101,0.0,0.0,0.0,3.8846153846153846,0.0,36.508,3.8846153846153846,3.8846153846153846,0.0,3.8846153846153846,0.0,0.0,0.0,0.0
35,2002.0,0.0,Polio,All,3.8846153846153846,0.0,0.0,,1.5860905484371093,-0.624797963471101,0.0,0.0,0.0,3.8846153846153846,0.0,36.508,3.8846153846153846,3.8846153846153846,0.0,3.8846153846153846,0.0,0.0,0.0,0.0
36,2002.0,0.0,Polio,All,3.8846153846153846,0.0,0.0,,1.5860905484371093,-0.624797963471101,0.0,0.0,0.0,3.8846153846153846,0.0,36.508,3.8846153846153846,3.8846153846153846,0.0,3.8846153846153846,0.0,0.0,0.0,0.0
37,2002.0,0.0,Polio,All,3.8846153846153846,0.0,0.0,,1.5860905484371093,-0.624797963471101,0.0,0.0,0.0,3.8846153846153846,0.0,36.508,3.8846153846153846,3.8846153846153846,0.0,3.8846153846153846,0.0,0.0,0.0,0.0
38,2002.0,0.0,Polio,All,3.8846153846153846,0.0,0.0,,1.5860905484371093,-0.624797963471101,0.0,0.0,0.0,3.8846153846153846,0.0,36.508,3.8846153846153846,3.8846153846153846,0.0,3.8846153846153846,0.0,0.0,0.0,0.0
39,2002.0,0.0,Polio,All,3.8846153846153846,0.0,0.0,,1.5860905484371093,-0.624797963471101,0.0,0.0,0.0,3.8846153846153846,0.0,36.508,3.8846153846153846,3.8846153846153846,0.0,3.8846153846153846,0.0,0.0,0.0,0.0
40,2002.0,0.0,Polio,All,3.8846153846153846,0.0,0.0,,1.5860905484371093,-0.624797963471101,0.0,0.0,0.0,3.8846153846153846,0.0,36.508,3.8846153846153846,3.8846153846153846,0.0,3.8846153846153846,0.0,0.0,0.0,0.0
41,2002.0,0.0,Polio,All,3.8846153846153846,0.0,0.0,,1.5860905484371093,-0.624797963471101,0.0,0.0,0.0,3.8846153846153846,0.0,36.508,3.8846153846153846,3.8846153846153846,0.0,3.8846153846153846,0.0,0.0,0.0,0.0
42,2002.0,0.0,Polio,All,3.8846153846153846,0.0,0.0,,1.5860905484371093,-0.624797963471101,0.0,0.0,0.0,3.8846153846153846,0.0,36.508,3.8846153846153846,3.8846153846153846,0.0,3.8846153846153846,0.0,0.0,0.0,0.0
43,2002.0,0.0,Polio,All,3.8846153846153846,0.0,0.0,,1.5860905484371093,-0.624797963471101,0.0,0.0,0.0,3.8846153846153846,0.0,36.508,3.8846153846153846,3.8846153846153846,0.0,3.8846153846153846,0.0,0.0,0.0,0.0
44,2002.0,0.0,Polio,All,3.8846153846153846,0.0,0.0,,1.5860905484371093,-0.624797963471101,0.0,0.0,0.0,3.8846153846153846,0.0,36.508,3.8846153846153846,3.8846153846153846,0.0,3.8846153846153846,0.0,0.0,0.0,0.0
45,2002.0,0.0,Polio,All,3.8846153846153846,0.0,0.0,,1.5860905484371093,-0.624797963471101,0.0,0.0,0.0,3.8846153846153846,0.0,36.508,3.8846153846153846,3.8846153846153846,0.0,3.8846153846153846,0.0,0.0,0.0,0.0
46,2002.0,0.0,Polio,All,3.8846153846153846,0.0,0.0,,1.5860905484371093,-0.624797963471101,0.0,0.0,0.0,3.8846153846153846,0.0,36.508,3.8846153846153846,3.8846153846153846,0.0,3.8846153846153846,0.0,0.0,0.0,0.0
47,2002.0,0.0,Polio,All,3.8846153846153846,0.0,0.0,,1.5860905484371093,-0.624797963471101,0.0,0.0,0.0,3.8846153846153846,0.0,36.508,3.8846153846153846,3.8846153846153846,0.0,3.8846153846153846,0.0,0.0,0.0,0.0
48,2002.0,0.0,Polio,All,3.8846153846153846,0.0,0.0,,1.5860905484371093,-0.624797963471101,0.0,0.0,0.0,3.8846153846153846,0.0,36.508,3.8846153846153846,3.8846153846153846,0.0,3.8846153846153846,0.0,0.0,0.0,0.0
49,2002.0,0.0,Polio,All,3.8846153846153846,0.0,0.0,,1.5860905484371093,-0.624797963471101,0.0,0.0,0.0,3.8846153846153846,0.0,36.508,3.8846153846153846,3.8846153846153846,0.0,3.8846153846153846,0.0,0.0,0.0,0.0
50,2002.0,0.0,Polio,All,3.8846153846153846,0.0,0.0,,1.5860905484371093,-0.624797963471101,0.0,0.0,0.0,3.8846153846153846,0.0,36.508,3.8846153846153846,3.8846153846153846,0.0,3.8846153846153846,0.0,0.0,0.0,0.0
51,2002.0,0.0,Polio,All,3.8846153846153846,0.0,0.0,,1.5860905484371093,-0.624797963471101,0.0,0.0,0.0,3.8846153846153846,0.0,36.508,3.8846153846153846,3.8846153846153846,0.0,3.8846153846153846,0.0,0.0,0.0,0.0
52,2002.0,0.0,Polio,All,3.8846153846153846,0.0,0.0,,1.5860905484371093,-0.624797963471101,0.0,0.0,0.0,3.8846153846153846,0.0,36.508,3.8846153846153846,3.8846153846153846,0.0,3.8846153846153846,0.0,0.0,0.0,0.0
1,2003.0,0.0,Polio,All,6.826923076923077,0.0,0.0,,2.0575694668611675,-0.27741277268092496,0.0,0.0,0.0,6.826923076923077,0.0,37.356,3.8846153846153846,3.8846153846153846,0.0,4.6201923076923075,1.4711538461537663,0.0,0.7574257425742573,0.0
2,2003.0,0.0,Polio,All,6.826923076923077,0.0,0.0,,2.0575694668611675,-0.27741277268092496,0.0,0.0,0.0,6.826923076923077,0.0,37.356,6.826923076923077,5.355769230769231,0.0,5.355769230769231,1.6987421381924857,0.0,0.0,0.0
3,2003.0,0.0,Polio,All,6.826923076923077,0.0,0.0,,2.0575694668611675,-0.27741277268092496,0.0,0.0,0.0,6.826923076923077,0.0,37.356,6.826923076923077,6.826923076923077,0.0,6.091346153846154,1.471153846153771,0.0,0.0,0.0
4,2003.0,0.0,Polio,All,6.826923076923077,0.0,0.0,,2.0575694668611675,-0.27741277268092496,0.0,0.0,0.0,6.826923076923077,0.0,37.356,6.826923076923077,6.826923076923077,0.0,6.826923076923077,0.0,0.0,0.0,0.0
5,2003.0,0.0,Polio,All,6.826923076923077,0.0,0.0,,2.0575694668611675,-0.27741277268092496,0.0,0.0,0.0,6.826923076923077,0.0,37.356,6.826923076923077,6.826923076923077,0.0,6.826923076923077,0.0,0.0,0.0,0.0
6,2003.0,0.0,Polio,All,6.826923076923077,0.0,0.0,,2.0575694668611675,-0.27741277268092496,0.0,0.0,0.0,6.826923076923077,0.0,37.356,6.826923076923077,6.826923076923077,0.0,6.826923076923077,0.0,0.0,0.0,0.0
7,2003.0,0.0,Polio,All,6.826923076923077,0.0,0.0,,2.0575694668611675,-0.27741277268092496,0.0,0.0,0.0,6.826923076923077,0.0,37.356,6.826923076923077,6.826923076923077,0.0,6.826923076923077,0.0,0.0,0.0,0.0
8,2003.0,0.0,Polio,All,6.826923076923077,0.0,0.0,,2.0575694668611675,-0.27741277268092496,0.0,0.0,0.0,6.826923076923077,0.0,37.356,6.826923076923077,6.826923076923077,0.0,6.826923076923077,0.0,0.0,0.0,0.0
9,2003.0,0.0,Polio,All,6.826923076923077,0.0,0.0,,2.0575694668611675,-0.27741277268092496,0.0,0.0,0.0,6.826923076923077,0.0,37.356,6.826923076923077,6.826923076923077,0.0,6.826923076923077,0.0,0.0,0.0,0.0
10,2003.0,0.0,Polio,All,6.826923076923077,0.0,0.0,,2.0575694668611675,-0.27741277268092496,0.0,0.0,0.0,6.826923076923077,0.0,37.356,6.826923076923077,6.826923076923077,0.0,6.826923076923077,0.0,0.0,0.0,0.0
11,2003.0,0.0,Polio,All,6.826923076923077,0.0,0.0,,2.0575694668611675,-0.27741277268092496,0.0,0.0,0.0,6.826923076923077,0.0,37.356,6.826923076923077,6.826923076923077,0.0,6.826923076923077,0.0,0.0,0.0,0.0
12,2003.0,0.0,Polio,All,6.826923076923077,0.0,0.0,,2.0575694668611675,-0.27741277268092496,0.0,0.0,0.0,6.826923076923077,0.0,37.356,6.826923076923077,6.826923076923077,0.0,6.826923076923077,0.0,0.0,0.0,0.0
13,2003.0,0.0,Polio,All,6.826923076923077,0.0,0.0,,2.0575694668611675,-0.27741277268092496,0.0,0.0,0.0,6.826923076923077,0.0,37.356,6.826923076923077,6.826923076923077,0.0,6.826923076923077,0.0,0.0,0.0,0.0
14,2003.0,0.0,Polio,All,6.826923076923077,0.0,0.0,,2.0575694668611675,-0.27741277268092496,0.0,0.0,0.0,6.826923076923077,0.0,37.356,6.826923076923077,6.826923076923077,0.0,6.826923076923077,0.0,0.0,0.0,0.0
15,2003.0,0.0,Polio,All,6.826923076923077,0.0,0.0,,2.0575694668611675,-0.27741277268092496,0.0,0.0,0.0,6.826923076923077,0.0,37.356,6.826923076923077,6.826923076923077,0.0,6.826923076923077,0.0,0.0,0.0,0.0
16,2003.0,0.0,Polio,All,6.826923076923077,0.0,0.0,,2.0575694668611675,-0.27741277268092496,0.0,0.0,0.0,6.826923076923077,0.0,37.356,6.826923076923077,6.826923076923077,0.0,6.826923076923077,0.0,0.0,0.0,0.0
17,2003.0,0.0,Polio,All,6.826923076923077,0.0,0.0,,2.0575694668611675,-0.27741277268092496,0.0,0.0,0.0,6.826923076923077,0.0,37.356,6.826923076923077,6.826923076923077,0.0,6.826923076923077,0.0,0.0,0.0,0.0
18,2003.0,0.0,Polio,All,6.826923076923077,0.0,0.0,,2.0575694668611675,-0.27741277268092496,0.0,0.0,0.0,6.826923076923077,0.0,37.356,6.826923076923077,6.826923076923077,0.0,6.826923076923077,0.0,0.0,0.0,0.0
19,2003.0,0.0,Polio,All,6.826923076923077,0.0,0.0,,2.0575694668611675,-0.27741277268092496,0.0,0.0,0.0,6.826923076923077,0.0,37.356,6.826923076923077,6.826923076923077,0.0,6.826923076923077,0.0,0.0,0.0,0.0
20,2003.0,0.0,Polio,All,6.826923076923077,0.0,0.0,,2.0575694668611675,-0.27741277268092496,0.0,0.0,0.0,6.826923076923077,0.0,37.356,6.826923076923077,6.826923076923077,0.0,6.826923076923077,0.0,0.0,0.0,0.0
21,2003.0,0.0,Polio,All,6.826923076923077,0.0,0.0,,2.0575694668611675,-0.27741277268092496,0.0,0.0,0.0,6.826923076923077,0.0,37.356,6.826923076923077,6.826923076923077,0.0,6.826923076923077,0.0,0.0,0.0,0.0
22,2003.0,0.0,Polio,All,6.826923076923077,0.0,0.0,,2.0575694668611675,-0.27741277268092496,0.0,0.0,0.0,6.826923076923077,0.0,37.356,6.826923076923077,6.826923076923077,0.0,6.826923076923077,0.0,0.0,0.0,0.0
23,2003.0,0.0,Polio,All,6.826923076923077,0.0,0.0,,2.0575694668611675,-0.27741277268092496,0.0,0.0,0.0,6.826923076923077,0.0,37.356,6.826923076923077,6.826923076923077,0.0,6.826923076923077,0.0,0.0,0.0,0.0
24,2003.0,0.0,Polio,All,6.826923076923077,0.0,0.0,,2.0575694668611675,-0.27741277268092496,0.0,0.0,0.0,6.826923076923077,0.0,37.356,6.826923076923077,6.826923076923077,0.0,6.826923076923077,0.0,0.0,0.0,0.0
25,2003.0,0.0,Polio,All,6.826923076923077,0.0,0.0,,2.0575694668611675,-0.27741277268092496,0.0,0.0,0.0,6.826923076923077,0.0,37.356,6.826923076923077,6.826923076923077,0.0,6.826923076923077,0.0,0.0,0.0,0.0
26,2003.0,0.0,Polio,All,6.826923076923077,0.0,0.0,,2.0575694668611675,-0.27741277268092496,0.0,0.0,0.0,6.826923076923077,0.0,37.356,6.826923076923077,6.826923076923077,0.0,6.826923076923077,0.0,0.0,0.0,0.0
27,2003.0,0.0,Polio,All,6.826923076923077,0.0,0.0,,2.0575694668611675,-0.27741277268092496,0.0,0.0,0.0,6.826923076923077,0.0,37.356,6.826923076923077,6.826923076923077,0.0,6.826923076923077,0.0,0.0,0.0,0.0
28,2003.0,0.0,Polio,All,6.826923076923077,0.0,0.0,,2.0575694668611675,-0.27741277268092496,0.0,0.0,0.0,6.826923076923077,0.0,37.356,6.826923076923077,6.826923076923077,0.0,6.826923076923077,0.0,0.0,0.0,0.0
29,2003.0,0.0,Polio,All,6.826923076923077,0.0,0.0,,2.0575694668611675,-0.27741277268092496,0.0,0.0,0.0,6.826923076923077,0.0,37.356,6.826923076923077,6.826923076923077,0.0,6.826923076923077,0.0,0.0,0.0,0.0
30,2003.0,0.0,Polio,All,6.826923076923077,0.0,0.0,,2.0575694668611675,-0.27741277268092496,0.0,0.0,0.0,6.826923076923077,0.0,37.356,6.826923076923077,6.826923076923077,0.0,6.826923076923077,0.0,0.0,0.0,0.0
31,2003.0,0.0,Polio,All,6.826923076923077,0.0,0.0,,2.0575694668611675,-0.27741277268092496,0.0,0.0,0.0,6.826923076923077,0.0,37.356,6.826923076923077,6.826923076923077,0.0,6.826923076923077,0.0,0.0,0.0,0.0
32,2003.0,0.0,Polio,All,6.826923076923077,0.0,0.0,,2.0575694668611675,-0.27741277268092496,0.0,0.0,0.0,6.826923076923077,0.0,37.356,6.826923076923077,6.826923076923077,0.0,6.826923076923077,0.0,0.0,0.0,0.0
33,2003.0,0.0,Polio,All,6.826923076923077,0.0,0.0,,2.0575694668611675,-0.27741277268092496,0.0,0.0,0.0,6.826923076923077,0.0,37.356,6.826923076923077,6.826923076923077,0.0,6.826923076923077,0.0,0.0,0.0,0.0
34,2003.0,0.0,Polio,All,6.826923076923077,0.0,0.0,,2.0575694668611675,-0.27741277268092496,0.0,0.0,0.0,6.826923076923077,0.0,37.356,6.826923076923077,6.826923076923077,0.0,6.826923076923077,0.0,0.0,0.0,0.0
35,2003.0,0.0,Polio,All,6.826923076923077,0.0,0.0,,2.0575694668611675,-0.27741277268092496,0.0,0.0,0.0,6.826923076923077,0.0,37.356,6.826923076923077,6.826923076923077,0.0,6.826923076923077,0.0,0.0,0.0,0.0
36,2003.0,0.0,Polio,All,6.826923076923077,0.0,0.0,,2.0575694668611675,-0.27741277268092496,0.0,0.0,0.0,6.826923076923077,0.0,37.356,6.826923076923077,6.826923076923077,0.0,6.826923076923077,0.0,0.0,0.0,0.0
37,2003.0,0.0,Polio,All,6.826923076923077,0.0,0.0,,2.0575694668611675,-0.27741277268092496,0.0,0.0,0.0,6.826923076923077,0.0,37.356,6.826923076923077,6.826923076923077,0.0,6.826923076923077,0.0,0.0,0.0,0.0
38,2003.0,0.0,Polio,All,6.826923076923077,0.0,0.0,,2.0575694668611675,-0.27741277268092496,0.0,0.0,0.0,6.826923076923077,0.0,37.356,6.826923076923077,6.826923076923077,0.0,6.826923076923077,0.0,0.0,0.0,0.0
39,2003.0,0.0,Polio,All,6.826923076923077,0.0,0.0,,2.0575694668611675,-0.27741277268092496,0.0,0.0,0.0,6.826923076923077,0.0,37.356,6.826923076923077,6.826923076923077,0.0,6.826923076923077,0.0,0.0,0.0,0.0
40,2003.0,0.0,Polio,All,6.826923076923077,0.0,0.0,,2.0575694668611675,-0.27741277268092496,0.0,0.0,0.0,6.826923076923077,0.0,37.356,6.826923076923077,6.826923076923077,0.0,6.826923076923077,0.0,0.0,0.0,0.0
41,2003.0,0.0,Polio,All,6.826923076923077,0.0,0.0,,2.0575694668611675,-0.27741277268092496,0.0,0.0,0.0,6.826923076923077,0.0,37.356,6.826923076923077,6.826923076923077,0.0,6.826923076923077,0.0,0.0,0.0,0.0
42,2003.0,0.0,Polio,All,6.826923076923077,0.0,0.0,,2.0575694668611675,-0.27741277268092496,0.0,0.0,0.0,6.826923076923077,0.0,37.356,6.826923076923077,6.826923076923077,0.0,6.826923076923077,0.0,0.0,0.0,0.0
43,2003.0,0.0,Polio,All,6.826923076923077,0.0,0.0,,2.0575694668611675,-0.27741277268092496,0.0,0.0,0.0,6.826923076923077,0.0,37.356,6.826923076923077,6.826923076923077,0.0,6.826923076923077,0.0,0.0,0.0,0.0
44,2003.0,0.0,Polio,All,6.826923076923077,0.0,0.0,,2.0575694668611675,-0.27741277268092496,0.0,0.0,0.0,6.826923076923077,0.0,37.356,6.826923076923077,6.826923076923077,0.0,6.826923076923077,0.0,0.0,0.0,0.0
45,2003.0,0.0,Polio,All,6.826923076923077,0.0,0.0,,2.0575694668611675,-0.27741277268092496,0.0,0.0,0.0,6.826923076923077,0.0,37.356,6.826923076923077,6.826923076923077,0.0,6.826923076923077,0.0,0.0,0.0,0.0
46,2003.0,0.0,Polio,All,6.826923076923077,0.0,0.0,,2.0575694668611675,-0.27741277268092496,0.0,0.0,0.0,6.826923076923077,0.0,37.356,6.826923076923077,6.826923076923077,0.0,6.826923076923077,0.0,0.0,0.0,0.0
47,2003.0,0.0,Polio,All,6.826923076923077,0.0,0.0,,2.0575694668611675,-0.27741277268092496,0.0,0.0,0.0,6.826923076923077,0.0,37.356,6.826923076923077,6.826923076923077,0.0,6.826923076923077,0.0,0.0,0.0,0.0
48,2003.0,0.0,Polio,All,6.826923076923077,0.0,0.0,,2.0575694668611675,-0.27741277268092496,0.0,0.0,0.0,6.826923076923077,0.0,37.356,6.826923076923077,6.826923076923077,0.0,6.826923076923077,0.0,0.0,0.0,0.0
49,2003.0,0.0,Polio,All,6.826923076923077,0.0,0.0,,2.0575694668611675,-0.27741277268092496,0.0,0.0,0.0,6.826923076923077,0.0,37.356,6.826923076923077,6.826923076923077,0.0,6.826923076923077,0.0,0.0,0.0,0.0
50,2003.0,0.0,Polio,All,6.826923076923077,0.0,0.0,,2.0575694668611675,-0.27741277268092496,0.0,0.0,0.0,6.826923076923077,0.0,37.356,6.826923076923077,6.826923076923077,0.0,6.826923076923077,0.0,0.0,0.0,0.0
51,2003.0,0.0,Polio,All,6.826923076923077,0.0,0.0,,2.0575694668611675,-0.27741277268092496,0.0,0.0,0.0,6.826923076923077,0.0,37.356,6.826923076923077,6.826923076923077,0.0,6.826923076923077,0.0,0.0,0.0,0.0
52,2003.0,0.0,Polio,All,6.826923076923077,0.0,0.0,,2.0575694668611675,-0.27741277268092496,0.0,0.0,0.0,6.826923076923077,0.0,37.356,6.826923076923077,6.826923076923077,0.0,6.826923076923077,0.0,0.0,0.0,0.0
1,2004.0,0.0,Polio,All,15.038461538461538,0.0,0.0,,2.7749896837773194,0.6920870735112659,0.0,0.0,0.0,15.038461538461538,0.0,38.212,6.826923076923077,6.826923076923077,0.0,8.879807692307692,4.105769230769207,0.0,1.2028169014084509,0.0
2,2004.0,0.0,Polio,All,15.038461538461538,0.0,0.0,,2.7749896837773194,0.6920870735112659,0.0,0.0,0.0,15.038461538461538,0.0,38.212,15.038461538461538,10.932692307692307,0.0,10.932692307692307,4.740933941230177,0.0,0.0,0.0
3,2004.0,0.0,Polio,All,15.038461538461538,0.0,0.0,,2.7749896837773194,0.6920870735112659,0.0,0.0,0.0,15.038461538461538,0.0,38.212,15.038461538461538,15.038461538461538,0.0,12.985576923076923,4.105769230769211,0.0,0.0,0.0
4,2004.0,0.0,Polio,All,15.038461538461538,0.0,0.0,,2.7749896837773194,0.6920870735112659,0.0,0.0,0.0,15.038461538461538,0.0,38.212,15.038461538461538,15.038461538461538,0.0,15.038461538461538,0.0,0.0,0.0,0.0
5,2004.0,0.0,Polio,All,15.038461538461538,0.0,0.0,,2.7749896837773194,0.6920870735112659,0.0,0.0,0.0,15.038461538461538,0.0,38.212,15.038461538461538,15.038461538461538,0.0,15.038461538461538,0.0,0.0,0.0,0.0
6,2004.0,0.0,Polio,All,15.038461538461538,0.0,0.0,,2.7749896837773194,0.6920870735112659,0.0,0.0,0.0,15.038461538461538,0.0,38.212,15.038461538461538,15.038461538461538,0.0,15.038461538461538,0.0,0.0,0.0,0.0
7,2004.0,0.0,Polio,All,15.038461538461538,0.0,0.0,,2.7749896837773194,0.6920870735112659,0.0,0.0,0.0,15.038461538461538,0.0,38.212,15.038461538461538,15.038461538461538,0.0,15.038461538461538,0.0,0.0,0.0,0.0
8,2004.0,0.0,Polio,All,15.038461538461538,0.0,0.0,,2.7749896837773194,0.6920870735112659,0.0,0.0,0.0,15.038461538461538,0.0,38.212,15.038461538461538,15.038461538461538,0.0,15.038461538461538,0.0,0.0,0.0,0.0
9,2004.0,0.0,Polio,All,15.038461538461538,0.0,0.0,,2.7749896837773194,0.6920870735112659,0.0,0.0,0.0,15.038461538461538,0.0,38.212,15.038461538461538,15.038461538461538,0.0,15.038461538461538,0.0,0.0,0.0,0.0
10,2004.0,0.0,Polio,All,15.038461538461538,0.0,0.0,,2.7749896837773194,0.6920870735112659,0.0,0.0,0.0,15.038461538461538,0.0,38.212,15.038461538461538,15.038461538461538,0.0,15.038461538461538,0.0,0.0,0.0,0.0
11,2004.0,0.0,Polio,All,15.038461538461538,0.0,0.0,,2.7749896837773194,0.6920870735112659,0.0,0.0,0.0,15.038461538461538,0.0,38.212,15.038461538461538,15.038461538461538,0.0,15.038461538461538,0.0,0.0,0.0,0.0
12,2004.0,0.0,Polio,All,15.038461538461538,0.0,0.0,,2.7749896837773194,0.6920870735112659,0.0,0.0,0.0,15.038461538461538,0.0,38.212,15.038461538461538,15.038461538461538,0.0,15.038461538461538,0.0,0.0,0.0,0.0
13,2004.0,0.0,Polio,All,15.038461538461538,0.0,0.0,,2.7749896837773194,0.6920870735112659,0.0,0.0,0.0,15.038461538461538,0.0,38.212,15.038461538461538,15.038461538461538,0.0,15.038461538461538,0.0,0.0,0.0,0.0
14,2004.0,0.0,Polio,All,15.038461538461538,0.0,0.0,,2.7749896837773194,0.6920870735112659,0.0,0.0,0.0,15.038461538461538,0.0,38.212,15.038461538461538,15.038461538461538,0.0,15.038461538461538,0.0,0.0,0.0,0.0
15,2004.0,0.0,Polio,All,15.038461538461538,0.0,0.0,,2.7749896837773194,0.6920870735112659,0.0,0.0,0.0,15.038461538461538,0.0,38.212,15.038461538461538,15.038461538461538,0.0,15.038461538461538,0.0,0.0,0.0,0.0
16,2004.0,0.0,Polio,All,15.038461538461538,0.0,0.0,,2.7749896837773194,0.6920870735112659,0.0,0.0,0.0,15.038461538461538,0.0,38.212,15.038461538461538,15.038461538461538,0.0,15.038461538461538,0.0,0.0,0.0,0.0
17,2004.0,0.0,Polio,All,15.038461538461538,0.0,0.0,,2.7749896837773194,0.6920870735112659,0.0,0.0,0.0,15.038461538461538,0.0,38.212,15.038461538461538,15.038461538461538,0.0,15.038461538461538,0.0,0.0,0.0,0.0
18,2004.0,0.0,Polio,All,15.038461538461538,0.0,0.0,,2.7749896837773194,0.6920870735112659,0.0,0.0,0.0,15.038461538461538,0.0,38.212,15.038461538461538,15.038461538461538,0.0,15.038461538461538,0.0,0.0,0.0,0.0
19,2004.0,0.0,Polio,All,15.038461538461538,0.0,0.0,,2.7749896837773194,0.6920870735112659,0.0,0.0,0.0,15.038461538461538,0.0,38.212,15.038461538461538,15.038461538461538,0.0,15.038461538461538,0.0,0.0,0.0,0.0
20,2004.0,0.0,Polio,All,15.038461538461538,0.0,0.0,,2.7749896837773194,0.6920870735112659,0.0,0.0,0.0,15.038461538461538,0.0,38.212,15.038461538461538,15.038461538461538,0.0,15.038461538461538,0.0,0.0,0.0,0.0
21,2004.0,0.0,Polio,All,15.038461538461538,0.0,0.0,,2.7749896837773194,0.6920870735112659,0.0,0.0,0.0,15.038461538461538,0.0,38.212,15.038461538461538,15.038461538461538,0.0,15.038461538461538,0.0,0.0,0.0,0.0
22,2004.0,0.0,Polio,All,15.038461538461538,0.0,0.0,,2.7749896837773194,0.6920870735112659,0.0,0.0,0.0,15.038461538461538,0.0,38.212,15.038461538461538,15.038461538461538,0.0,15.038461538461538,0.0,0.0,0.0,0.0
23,2004.0,0.0,Polio,All,15.038461538461538,0.0,0.0,,2.7749896837773194,0.6920870735112659,0.0,0.0,0.0,15.038461538461538,0.0,38.212,15.038461538461538,15.038461538461538,0.0,15.038461538461538,0.0,0.0,0.0,0.0
24,2004.0,0.0,Polio,All,15.038461538461538,0.0,0.0,,2.7749896837773194,0.6920870735112659,0.0,0.0,0.0,15.038461538461538,0.0,38.212,15.038461538461538,15.038461538461538,0.0,15.038461538461538,0.0,0.0,0.0,0.0
25,2004.0,0.0,Polio,All,15.038461538461538,0.0,0.0,,2.7749896837773194,0.6920870735112659,0.0,0.0,0.0,15.038461538461538,0.0,38.212,15.038461538461538,15.038461538461538,0.0,15.038461538461538,0.0,0.0,0.0,0.0
26,2004.0,0.0,Polio,All,15.038461538461538,0.0,0.0,,2.7749896837773194,0.6920870735112659,0.0,0.0,0.0,15.038461538461538,0.0,38.212,15.038461538461538,15.038461538461538,0.0,15.038461538461538,0.0,0.0,0.0,0.0
27,2004.0,0.0,Polio,All,15.038461538461538,0.0,0.0,,2.7749896837773194,0.6920870735112659,0.0,0.0,0.0,15.038461538461538,0.0,38.212,15.038461538461538,15.038461538461538,0.0,15.038461538461538,0.0,0.0,0.0,0.0
28,2004.0,0.0,Polio,All,15.038461538461538,0.0,0.0,,2.7749896837773194,0.6920870735112659,0.0,0.0,0.0,15.038461538461538,0.0,38.212,15.038461538461538,15.038461538461538,0.0,15.038461538461538,0.0,0.0,0.0,0.0
29,2004.0,0.0,Polio,All,15.038461538461538,0.0,0.0,,2.7749896837773194,0.6920870735112659,0.0,0.0,0.0,15.038461538461538,0.0,38.212,15.038461538461538,15.038461538461538,0.0,15.038461538461538,0.0,0.0,0.0,0.0
30,2004.0,0.0,Polio,All,15.038461538461538,0.0,0.0,,2.7749896837773194,0.6920870735112659,0.0,0.0,0.0,15.038461538461538,0.0,38.212,15.038461538461538,15.038461538461538,0.0,15.038461538461538,0.0,0.0,0.0,0.0
31,2004.0,0.0,Polio,All,15.038461538461538,0.0,0.0,,2.7749896837773194,0.6920870735112659,0.0,0.0,0.0,15.038461538461538,0.0,38.212,15.038461538461538,15.038461538461538,0.0,15.038461538461538,0.0,0.0,0.0,0.0
32,2004.0,0.0,Polio,All,15.038461538461538,0.0,0.0,,2.7749896837773194,0.6920870735112659,0.0,0.0,0.0,15.038461538461538,0.0,38.212,15.038461538461538,15.038461538461538,0.0,15.038461538461538,0.0,0.0,0.0,0.0
33,2004.0,0.0,Polio,All,15.038461538461538,0.0,0.0,,2.7749896837773194,0.6920870735112659,0.0,0.0,0.0,15.038461538461538,0.0,38.212,15.038461538461538,15.038461538461538,0.0,15.038461538461538,0.0,0.0,0.0,0.0
34,2004.0,0.0,Polio,All,15.038461538461538,0.0,0.0,,2.7749896837773194,0.6920870735112659,0.0,0.0,0.0,15.038461538461538,0.0,38.212,15.038461538461538,15.038461538461538,0.0,15.038461538461538,0.0,0.0,0.0,0.0
35,2004.0,0.0,Polio,All,15.038461538461538,0.0,0.0,,2.7749896837773194,0.6920870735112659,0.0,0.0,0.0,15.038461538461538,0.0,38.212,15.038461538461538,15.038461538461538,0.0,15.038461538461538,0.0,0.0,0.0,0.0
36,2004.0,0.0,Polio,All,15.038461538461538,0.0,0.0,,2.7749896837773194,0.6920870735112659,0.0,0.0,0.0,15.038461538461538,0.0,38.212,15.038461538461538,15.038461538461538,0.0,15.038461538461538,0.0,0.0,0.0,0.0
37,2004.0,0.0,Polio,All,15.038461538461538,0.0,0.0,,2.7749896837773194,0.6920870735112659,0.0,0.0,0.0,15.038461538461538,0.0,38.212,15.038461538461538,15.038461538461538,0.0,15.038461538461538,0.0,0.0,0.0,0.0
38,2004.0,0.0,Polio,All,15.038461538461538,0.0,0.0,,2.7749896837773194,0.6920870735112659,0.0,0.0,0.0,15.038461538461538,0.0,38.212,15.038461538461538,15.038461538461538,0.0,15.038461538461538,0.0,0.0,0.0,0.0
39,2004.0,0.0,Polio,All,15.038461538461538,0.0,0.0,,2.7749896837773194,0.6920870735112659,0.0,0.0,0.0,15.038461538461538,0.0,38.212,15.038461538461538,15.038461538461538,0.0,15.038461538461538,0.0,0.0,0.0,0.0
40,2004.0,0.0,Polio,All,15.038461538461538,0.0,0.0,,2.7749896837773194,0.6920870735112659,0.0,0.0,0.0,15.038461538461538,0.0,38.212,15.038461538461538,15.038461538461538,0.0,15.038461538461538,0.0,0.0,0.0,0.0
41,2004.0,0.0,Polio,All,15.038461538461538,0.0,0.0,,2.7749896837773194,0.6920870735112659,0.0,0.0,0.0,15.038461538461538,0.0,38.212,15.038461538461538,15.038461538461538,0.0,15.038461538461538,0.0,0.0,0.0,0.0
42,2004.0,0.0,Polio,All,15.038461538461538,0.0,0.0,,2.7749896837773194,0.6920870735112659,0.0,0.0,0.0,15.038461538461538,0.0,38.212,15.038461538461538,15.038461538461538,0.0,15.038461538461538,0.0,0.0,0.0,0.0
43,2004.0,0.0,Polio,All,15.038461538461538,0.0,0.0,,2.7749896837773194,0.6920870735112659,0.0,0.0,0.0,15.038461538461538,0.0,38.212,15.038461538461538,15.038461538461538,0.0,15.038461538461538,0.0,0.0,0.0,0.0
44,2004.0,0.0,Polio,All,15.038461538461538,0.0,0.0,,2.7749896837773194,0.6920870735112659,0.0,0.0,0.0,15.038461538461538,0.0,38.212,15.038461538461538,15.038461538461538,0.0,15.038461538461538,0.0,0.0,0.0,0.0
45,2004.0,0.0,Polio,All,15.038461538461538,0.0,0.0,,2.7749896837773194,0.6920870735112659,0.0,0.0,0.0,15.038461538461538,0.0,38.212,15.038461538461538,15.038461538461538,0.0,15.038461538461538,0.0,0.0,0.0,0.0
46,2004.0,0.0,Polio,All,15.038461538461538,0.0,0.0,,2.7749896837773194,0.6920870735112659,0.0,0.0,0.0,15.038461538461538,0.0,38.212,15.038461538461538,15.038461538461538,0.0,15.038461538461538,0.0,0.0,0.0,0.0
47,2004.0,0.0,Polio,All,15.038461538461538,0.0,0.0,,2.7749896837773194,0.6920870735112659,0.0,0.0,0.0,15.038461538461538,0.0,38.212,15.038461538461538,15.038461538461538,0.0,15.038461538461538,0.0,0.0,0.0,0.0
48,2004.0,0.0,Polio,All,15.038461538461538,0.0,0.0,,2.7749896837773194,0.6920870735112659,0.0,0.0,0.0,15.038461538461538,0.0,38.212,15.038461538461538,15.038461538461538,0.0,15.038461538461538,0.0,0.0,0.0,0.0
49,2004.0,0.0,Polio,All,15.038461538461538,0.0,0.0,,2.7749896837773194,0.6920870735112659,0.0,0.0,0.0,15.038461538461538,0.0,38.212,15.038461538461538,15.038461538461538,0.0,15.038461538461538,0.0,0.0,0.0,0.0
50,2004.0,0.0,Polio,All,15.038461538461538,0.0,0.0,,2.7749896837773194,0.6920870735112659,0.0,0.0,0.0,15.038461538461538,0.0,38.212,15.038461538461538,15.038461538461538,0.0,15.038461538461538,0.0,0.0,0.0,0.0
51,2004.0,0.0,Polio,All,15.038461538461538,0.0,0.0,,2.7749896837773194,0.6920870735112659,0.0,0.0,0.0,15.038461538461538,0.0,38.212,15.038461538461538,15.038461538461538,0.0,15.038461538461538,0.0,0.0,0.0,0.0
52,2004.0,0.0,Polio,All,15.038461538461538,0.0,0.0,,2.7749896837773194,0.6920870735112659,0.0,0.0,0.0,15.038461538461538,0.0,38.212,15.038461538461538,15.038461538461538,0.0,15.038461538461538,0.0,0.0,0.0,0.0
1,2005.0,0.0,Polio,All,16.01923076923077,0.0,0.0,,2.8343439264265022,0.8078821371079913,0.0,0.0,0.0,16.01923076923077,0.0,39.074,15.038461538461538,15.038461538461538,0.0,15.283653846153845,0.4903846153844646,0.0,0.0652173913043479,0.0
2,2005.0,0.0,Polio,All,16.01923076923077,0.0,0.0,,2.8343439264265022,0.8078821371079913,0.0,0.0,0.0,16.01923076923077,0.0,39.074,16.01923076923077,15.528846153846153,0.0,15.528846153846153,0.5662473793973879,0.0,0.0,0.0
3,2005.0,0.0,Polio,All,16.01923076923077,0.0,0.0,,2.8343439264265022,0.8078821371079913,0.0,0.0,0.0,16.01923076923077,0.0,39.074,16.01923076923077,16.01923076923077,0.0,15.774038461538462,0.4903846153844661,0.0,0.0,0.0
4,2005.0,0.0,Polio,All,16.01923076923077,0.0,0.0,,2.8343439264265022,0.8078821371079913,0.0,0.0,0.0,16.01923076923077,0.0,39.074,16.01923076923077,16.01923076923077,0.0,16.01923076923077,0.0,0.0,0.0,0.0
5,2005.0,0.0,Polio,All,16.01923076923077,0.0,0.0,,2.8343439264265022,0.8078821371079913,0.0,0.0,0.0,16.01923076923077,0.0,39.074,16.01923076923077,16.01923076923077,0.0,16.01923076923077,0.0,0.0,0.0,0.0
6,2005.0,0.0,Polio,All,16.01923076923077,0.0,0.0,,2.8343439264265022,0.8078821371079913,0.0,0.0,0.0,16.01923076923077,0.0,39.074,16.01923076923077,16.01923076923077,0.0,16.01923076923077,0.0,0.0,0.0,0.0
7,2005.0,0.0,Polio,All,16.01923076923077,0.0,0.0,,2.8343439264265022,0.8078821371079913,0.0,0.0,0.0,16.01923076923077,0.0,39.074,16.01923076923077,16.01923076923077,0.0,16.01923076923077,0.0,0.0,0.0,0.0
8,2005.0,0.0,Polio,All,16.01923076923077,0.0,0.0,,2.8343439264265022,0.8078821371079913,0.0,0.0,0.0,16.01923076923077,0.0,39.074,16.01923076923077,16.01923076923077,0.0,16.01923076923077,0.0,0.0,0.0,0.0
9,2005.0,0.0,Polio,All,16.01923076923077,0.0,0.0,,2.8343439264265022,0.8078821371079913,0.0,0.0,0.0,16.01923076923077,0.0,39.074,16.01923076923077,16.01923076923077,0.0,16.01923076923077,0.0,0.0,0.0,0.0
10,2005.0,0.0,Polio,All,16.01923076923077,0.0,0.0,,2.8343439264265022,0.8078821371079913,0.0,0.0,0.0,16.01923076923077,0.0,39.074,16.01923076923077,16.01923076923077,0.0,16.01923076923077,0.0,0.0,0.0,0.0
11,2005.0,0.0,Polio,All,16.01923076923077,0.0,0.0,,2.8343439264265022,0.8078821371079913,0.0,0.0,0.0,16.01923076923077,0.0,39.074,16.01923076923077,16.01923076923077,0.0,16.01923076923077,0.0,0.0,0.0,0.0
12,2005.0,0.0,Polio,All,16.01923076923077,0.0,0.0,,2.8343439264265022,0.8078821371079913,0.0,0.0,0.0,16.01923076923077,0.0,39.074,16.01923076923077,16.01923076923077,0.0,16.01923076923077,0.0,0.0,0.0,0.0
13,2005.0,0.0,Polio,All,16.01923076923077,0.0,0.0,,2.8343439264265022,0.8078821371079913,0.0,0.0,0.0,16.01923076923077,0.0,39.074,16.01923076923077,16.01923076923077,0.0,16.01923076923077,0.0,0.0,0.0,0.0
14,2005.0,0.0,Polio,All,16.01923076923077,0.0,0.0,,2.8343439264265022,0.8078821371079913,0.0,0.0,0.0,16.01923076923077,0.0,39.074,16.01923076923077,16.01923076923077,0.0,16.01923076923077,0.0,0.0,0.0,0.0
15,2005.0,0.0,Polio,All,16.01923076923077,0.0,0.0,,2.8343439264265022,0.8078821371079913,0.0,0.0,0.0,16.01923076923077,0.0,39.074,16.01923076923077,16.01923076923077,0.0,16.01923076923077,0.0,0.0,0.0,0.0
16,2005.0,0.0,Polio,All,16.01923076923077,0.0,0.0,,2.8343439264265022,0.8078821371079913,0.0,0.0,0.0,16.01923076923077,0.0,39.074,16.01923076923077,16.01923076923077,0.0,16.01923076923077,0.0,0.0,0.0,0.0
17,2005.0,0.0,Polio,All,16.01923076923077,0.0,0.0,,2.8343439264265022,0.8078821371079913,0.0,0.0,0.0,16.01923076923077,0.0,39.074,16.01923076923077,16.01923076923077,0.0,16.01923076923077,0.0,0.0,0.0,0.0
18,2005.0,0.0,Polio,All,16.01923076923077,0.0,0.0,,2.8343439264265022,0.8078821371079913,0.0,0.0,0.0,16.01923076923077,0.0,39.074,16.01923076923077,16.01923076923077,0.0,16.01923076923077,0.0,0.0,0.0,0.0
19,2005.0,0.0,Polio,All,16.01923076923077,0.0,0.0,,2.8343439264265022,0.8078821371079913,0.0,0.0,0.0,16.01923076923077,0.0,39.074,16.01923076923077,16.01923076923077,0.0,16.01923076923077,0.0,0.0,0.0,0.0
20,2005.0,0.0,Polio,All,16.01923076923077,0.0,0.0,,2.8343439264265022,0.8078821371079913,0.0,0.0,0.0,16.01923076923077,0.0,39.074,16.01923076923077,16.01923076923077,0.0,16.01923076923077,0.0,0.0,0.0,0.0
21,2005.0,0.0,Polio,All,16.01923076923077,0.0,0.0,,2.8343439264265022,0.8078821371079913,0.0,0.0,0.0,16.01923076923077,0.0,39.074,16.01923076923077,16.01923076923077,0.0,16.01923076923077,0.0,0.0,0.0,0.0
22,2005.0,0.0,Polio,All,16.01923076923077,0.0,0.0,,2.8343439264265022,0.8078821371079913,0.0,0.0,0.0,16.01923076923077,0.0,39.074,16.01923076923077,16.01923076923077,0.0,16.01923076923077,0.0,0.0,0.0,0.0
23,2005.0,0.0,Polio,All,16.01923076923077,0.0,0.0,,2.8343439264265022,0.8078821371079913,0.0,0.0,0.0,16.01923076923077,0.0,39.074,16.01923076923077,16.01923076923077,0.0,16.01923076923077,0.0,0.0,0.0,0.0
24,2005.0,0.0,Polio,All,16.01923076923077,0.0,0.0,,2.8343439264265022,0.8078821371079913,0.0,0.0,0.0,16.01923076923077,0.0,39.074,16.01923076923077,16.01923076923077,0.0,16.01923076923077,0.0,0.0,0.0,0.0
25,2005.0,0.0,Polio,All,16.01923076923077,0.0,0.0,,2.8343439264265022,0.8078821371079913,0.0,0.0,0.0,16.01923076923077,0.0,39.074,16.01923076923077,16.01923076923077,0.0,16.01923076923077,0.0,0.0,0.0,0.0
26,2005.0,0.0,Polio,All,16.01923076923077,0.0,0.0,,2.8343439264265022,0.8078821371079913,0.0,0.0,0.0,16.01923076923077,0.0,39.074,16.01923076923077,16.01923076923077,0.0,16.01923076923077,0.0,0.0,0.0,0.0
27,2005.0,0.0,Polio,All,16.01923076923077,0.0,0.0,,2.8343439264265022,0.8078821371079913,0.0,0.0,0.0,16.01923076923077,0.0,39.074,16.01923076923077,16.01923076923077,0.0,16.01923076923077,0.0,0.0,0.0,0.0
28,2005.0,0.0,Polio,All,16.01923076923077,0.0,0.0,,2.8343439264265022,0.8078821371079913,0.0,0.0,0.0,16.01923076923077,0.0,39.074,16.01923076923077,16.01923076923077,0.0,16.01923076923077,0.0,0.0,0.0,0.0
29,2005.0,0.0,Polio,All,16.01923076923077,0.0,0.0,,2.8343439264265022,0.8078821371079913,0.0,0.0,0.0,16.01923076923077,0.0,39.074,16.01923076923077,16.01923076923077,0.0,16.01923076923077,0.0,0.0,0.0,0.0
30,2005.0,0.0,Polio,All,16.01923076923077,0.0,0.0,,2.8343439264265022,0.8078821371079913,0.0,0.0,0.0,16.01923076923077,0.0,39.074,16.01923076923077,16.01923076923077,0.0,16.01923076923077,0.0,0.0,0.0,0.0
31,2005.0,0.0,Polio,All,16.01923076923077,0.0,0.0,,2.8343439264265022,0.8078821371079913,0.0,0.0,0.0,16.01923076923077,0.0,39.074,16.01923076923077,16.01923076923077,0.0,16.01923076923077,0.0,0.0,0.0,0.0
32,2005.0,0.0,Polio,All,16.01923076923077,0.0,0.0,,2.8343439264265022,0.8078821371079913,0.0,0.0,0.0,16.01923076923077,0.0,39.074,16.01923076923077,16.01923076923077,0.0,16.01923076923077,0.0,0.0,0.0,0.0
33,2005.0,0.0,Polio,All,16.01923076923077,0.0,0.0,,2.8343439264265022,0.8078821371079913,0.0,0.0,0.0,16.01923076923077,0.0,39.074,16.01923076923077,16.01923076923077,0.0,16.01923076923077,0.0,0.0,0.0,0.0
34,2005.0,0.0,Polio,All,16.01923076923077,0.0,0.0,,2.8343439264265022,0.8078821371079913,0.0,0.0,0.0,16.01923076923077,0.0,39.074,16.01923076923077,16.01923076923077,0.0,16.01923076923077,0.0,0.0,0.0,0.0
35,2005.0,0.0,Polio,All,16.01923076923077,0.0,0.0,,2.8343439264265022,0.8078821371079913,0.0,0.0,0.0,16.01923076923077,0.0,39.074,16.01923076923077,16.01923076923077,0.0,16.01923076923077,0.0,0.0,0.0,0.0
36,2005.0,0.0,Polio,All,16.01923076923077,0.0,0.0,,2.8343439264265022,0.8078821371079913,0.0,0.0,0.0,16.01923076923077,0.0,39.074,16.01923076923077,16.01923076923077,0.0,16.01923076923077,0.0,0.0,0.0,0.0
37,2005.0,0.0,Polio,All,16.01923076923077,0.0,0.0,,2.8343439264265022,0.8078821371079913,0.0,0.0,0.0,16.01923076923077,0.0,39.074,16.01923076923077,16.01923076923077,0.0,16.01923076923077,0.0,0.0,0.0,0.0
38,2005.0,0.0,Polio,All,16.01923076923077,0.0,0.0,,2.8343439264265022,0.8078821371079913,0.0,0.0,0.0,16.01923076923077,0.0,39.074,16.01923076923077,16.01923076923077,0.0,16.01923076923077,0.0,0.0,0.0,0.0
39,2005.0,0.0,Polio,All,16.01923076923077,0.0,0.0,,2.8343439264265022,0.8078821371079913,0.0,0.0,0.0,16.01923076923077,0.0,39.074,16.01923076923077,16.01923076923077,0.0,16.01923076923077,0.0,0.0,0.0,0.0
40,2005.0,0.0,Polio,All,16.01923076923077,0.0,0.0,,2.8343439264265022,0.8078821371079913,0.0,0.0,0.0,16.01923076923077,0.0,39.074,16.01923076923077,16.01923076923077,0.0,16.01923076923077,0.0,0.0,0.0,0.0
41,2005.0,0.0,Polio,All,16.01923076923077,0.0,0.0,,2.8343439264265022,0.8078821371079913,0.0,0.0,0.0,16.01923076923077,0.0,39.074,16.01923076923077,16.01923076923077,0.0,16.01923076923077,0.0,0.0,0.0,0.0
42,2005.0,0.0,Polio,All,16.01923076923077,0.0,0.0,,2.8343439264265022,0.8078821371079913,0.0,0.0,0.0,16.01923076923077,0.0,39.074,16.01923076923077,16.01923076923077,0.0,16.01923076923077,0.0,0.0,0.0,0.0
43,2005.0,0.0,Polio,All,16.01923076923077,0.0,0.0,,2.8343439264265022,0.8078821371079913,0.0,0.0,0.0,16.01923076923077,0.0,39.074,16.01923076923077,16.01923076923077,0.0,16.01923076923077,0.0,0.0,0.0,0.0
44,2005.0,0.0,Polio,All,16.01923076923077,0.0,0.0,,2.8343439264265022,0.8078821371079913,0.0,0.0,0.0,16.01923076923077,0.0,39.074,16.01923076923077,16.01923076923077,0.0,16.01923076923077,0.0,0.0,0.0,0.0
45,2005.0,0.0,Polio,All,16.01923076923077,0.0,0.0,,2.8343439264265022,0.8078821371079913,0.0,0.0,0.0,16.01923076923077,0.0,39.074,16.01923076923077,16.01923076923077,0.0,16.01923076923077,0.0,0.0,0.0,0.0
46,2005.0,0.0,Polio,All,16.01923076923077,0.0,0.0,,2.8343439264265022,0.8078821371079913,0.0,0.0,0.0,16.01923076923077,0.0,39.074,16.01923076923077,16.01923076923077,0.0,16.01923076923077,0.0,0.0,0.0,0.0
47,2005.0,0.0,Polio,All,16.01923076923077,0.0,0.0,,2.8343439264265022,0.8078821371079913,0.0,0.0,0.0,16.01923076923077,0.0,39.074,16.01923076923077,16.01923076923077,0.0,16.01923076923077,0.0,0.0,0.0,0.0
48,2005.0,0.0,Polio,All,16.01923076923077,0.0,0.0,,2.8343439264265022,0.8078821371079913,0.0,0.0,0.0,16.01923076923077,0.0,39.074,16.01923076923077,16.01923076923077,0.0,16.01923076923077,0.0,0.0,0.0,0.0
49,2005.0,0.0,Polio,All,16.01923076923077,0.0,0.0,,2.8343439264265022,0.8078821371079913,0.0,0.0,0.0,16.01923076923077,0.0,39.074,16.01923076923077,16.01923076923077,0.0,16.01923076923077,0.0,0.0,0.0,0.0
50,2005.0,0.0,Polio,All,16.01923076923077,0.0,0.0,,2.8343439264265022,0.8078821371079913,0.0,0.0,0.0,16.01923076923077,0.0,39.074,16.01923076923077,16.01923076923077,0.0,16.01923076923077,0.0,0.0,0.0,0.0
51,2005.0,0.0,Polio,All,16.01923076923077,0.0,0.0,,2.8343439264265022,0.8078821371079913,0.0,0.0,0.0,16.01923076923077,0.0,39.074,16.01923076923077,16.01923076923077,0.0,16.01923076923077,0.0,0.0,0.0,0.0
52,2005.0,0.0,Polio,All,16.01923076923077,0.0,0.0,,2.8343439264265022,0.8078821371079913,0.0,0.0,0.0,16.01923076923077,0.0,39.074,16.01923076923077,16.01923076923077,0.0,16.01923076923077,0.0,0.0,0.0,0.0
1,2006.0,0.0,Polio,All,22.0,0.0,0.0,,3.1354942159291497,1.5140049759037086,0.0,0.0,0.0,22.0,0.0,39.943,16.01923076923077,16.01923076923077,0.0,17.514423076923077,2.990384615384591,0.0,0.3733493397358943,0.0
2,2006.0,0.0,Polio,All,22.0,0.0,0.0,,3.1354942159291497,1.5140049759037086,0.0,0.0,0.0,22.0,0.0,39.943,22.0,19.009615384615387,0.0,19.009615384615383,3.452998725345626,0.0,0.0,0.0
3,2006.0,0.0,Polio,All,22.0,0.0,0.0,,3.1354942159291497,1.5140049759037086,0.0,0.0,0.0,22.0,0.0,39.943,22.0,22.0,0.0,20.504807692307693,2.9903846153845928,0.0,0.0,0.0
4,2006.0,0.0,Polio,All,22.0,0.0,0.0,,3.1354942159291497,1.5140049759037086,0.0,0.0,0.0,22.0,0.0,39.943,22.0,22.0,0.0,22.0,0.0,0.0,0.0,0.0
5,2006.0,0.0,Polio,All,22.0,0.0,0.0,,3.1354942159291497,1.5140049759037086,0.0,0.0,0.0,22.0,0.0,39.943,22.0,22.0,0.0,22.0,0.0,0.0,0.0,0.0
6,2006.0,0.0,Polio,All,22.0,0.0,0.0,,3.1354942159291497,1.5140049759037086,0.0,0.0,0.0,22.0,0.0,39.943,22.0,22.0,0.0,22.0,0.0,0.0,0.0,0.0
7,2006.0,0.0,Polio,All,22.0,0.0,0.0,,3.1354942159291497,1.5140049759037086,0.0,0.0,0.0,22.0,0.0,39.943,22.0,22.0,0.0,22.0,0.0,0.0,0.0,0.0
8,2006.0,0.0,Polio,All,22.0,0.0,0.0,,3.1354942159291497,1.5140049759037086,0.0,0.0,0.0,22.0,0.0,39.943,22.0,22.0,0.0,22.0,0.0,0.0,0.0,0.0
9,2006.0,0.0,Polio,All,22.0,0.0,0.0,,3.1354942159291497,1.5140049759037086,0.0,0.0,0.0,22.0,0.0,39.943,22.0,22.0,0.0,22.0,0.0,0.0,0.0,0.0
10,2006.0,0.0,Polio,All,22.0,0.0,0.0,,3.1354942159291497,1.5140049759037086,0.0,0.0,0.0,22.0,0.0,39.943,22.0,22.0,0.0,22.0,0.0,0.0,0.0,0.0
11,2006.0,0.0,Polio,All,22.0,0.0,0.0,,3.1354942159291497,1.5140049759037086,0.0,0.0,0.0,22.0,0.0,39.943,22.0,22.0,0.0,22.0,0.0,0.0,0.0,0.0
12,2006.0,0.0,Polio,All,22.0,0.0,0.0,,3.1354942159291497,1.5140049759037086,0.0,0.0,0.0,22.0,0.0,39.943,22.0,22.0,0.0,22.0,0.0,0.0,0.0,0.0
13,2006.0,0.0,Polio,All,22.0,0.0,0.0,,3.1354942159291497,1.5140049759037086,0.0,0.0,0.0,22.0,0.0,39.943,22.0,22.0,0.0,22.0,0.0,0.0,0.0,0.0
14,2006.0,0.0,Polio,All,22.0,0.0,0.0,,3.1354942159291497,1.5140049759037086,0.0,0.0,0.0,22.0,0.0,39.943,22.0,22.0,0.0,22.0,0.0,0.0,0.0,0.0
15,2006.0,0.0,Polio,All,22.0,0.0,0.0,,3.1354942159291497,1.5140049759037086,0.0,0.0,0.0,22.0,0.0,39.943,22.0,22.0,0.0,22.0,0.0,0.0,0.0,0.0
16,2006.0,0.0,Polio,All,22.0,0.0,0.0,,3.1354942159291497,1.5140049759037086,0.0,0.0,0.0,22.0,0.0,39.943,22.0,22.0,0.0,22.0,0.0,0.0,0.0,0.0
17,2006.0,0.0,Polio,All,22.0,0.0,0.0,,3.1354942159291497,1.5140049759037086,0.0,0.0,0.0,22.0,0.0,39.943,22.0,22.0,0.0,22.0,0.0,0.0,0.0,0.0
18,2006.0,0.0,Polio,All,22.0,0.0,0.0,,3.1354942159291497,1.5140049759037086,0.0,0.0,0.0,22.0,0.0,39.943,22.0,22.0,0.0,22.0,0.0,0.0,0.0,0.0
19,2006.0,0.0,Polio,All,22.0,0.0,0.0,,3.1354942159291497,1.5140049759037086,0.0,0.0,0.0,22.0,0.0,39.943,22.0,22.0,0.0,22.0,0.0,0.0,0.0,0.0
20,2006.0,0.0,Polio,All,22.0,0.0,0.0,,3.1354942159291497,1.5140049759037086,0.0,0.0,0.0,22.0,0.0,39.943,22.0,22.0,0.0,22.0,0.0,0.0,0.0,0.0
21,2006.0,0.0,Polio,All,22.0,0.0,0.0,,3.1354942159291497,1.5140049759037086,0.0,0.0,0.0,22.0,0.0,39.943,22.0,22.0,0.0,22.0,0.0,0.0,0.0,0.0
22,2006.0,0.0,Polio,All,22.0,0.0,0.0,,3.1354942159291497,1.5140049759037086,0.0,0.0,0.0,22.0,0.0,39.943,22.0,22.0,0.0,22.0,0.0,0.0,0.0,0.0
23,2006.0,0.0,Polio,All,22.0,0.0,0.0,,3.1354942159291497,1.5140049759037086,0.0,0.0,0.0,22.0,0.0,39.943,22.0,22.0,0.0,22.0,0.0,0.0,0.0,0.0
24,2006.0,0.0,Polio,All,22.0,0.0,0.0,,3.1354942159291497,1.5140049759037086,0.0,0.0,0.0,22.0,0.0,39.943,22.0,22.0,0.0,22.0,0.0,0.0,0.0,0.0
25,2006.0,0.0,Polio,All,22.0,0.0,0.0,,3.1354942159291497,1.5140049759037086,0.0,0.0,0.0,22.0,0.0,39.943,22.0,22.0,0.0,22.0,0.0,0.0,0.0,0.0
26,2006.0,0.0,Polio,All,22.0,0.0,0.0,,3.1354942159291497,1.5140049759037086,0.0,0.0,0.0,22.0,0.0,39.943,22.0,22.0,0.0,22.0,0.0,0.0,0.0,0.0
27,2006.0,0.0,Polio,All,22.0,0.0,0.0,,3.1354942159291497,1.5140049759037086,0.0,0.0,0.0,22.0,0.0,39.943,22.0,22.0,0.0,22.0,0.0,0.0,0.0,0.0
28,2006.0,0.0,Polio,All,22.0,0.0,0.0,,3.1354942159291497,1.5140049759037086,0.0,0.0,0.0,22.0,0.0,39.943,22.0,22.0,0.0,22.0,0.0,0.0,0.0,0.0
29,2006.0,0.0,Polio,All,22.0,0.0,0.0,,3.1354942159291497,1.5140049759037086,0.0,0.0,0.0,22.0,0.0,39.943,22.0,22.0,0.0,22.0,0.0,0.0,0.0,0.0
30,2006.0,0.0,Polio,All,22.0,0.0,0.0,,3.1354942159291497,1.5140049759037086,0.0,0.0,0.0,22.0,0.0,39.943,22.0,22.0,0.0,22.0,0.0,0.0,0.0,0.0
31,2006.0,0.0,Polio,All,22.0,0.0,0.0,,3.1354942159291497,1.5140049759037086,0.0,0.0,0.0,22.0,0.0,39.943,22.0,22.0,0.0,22.0,0.0,0.0,0.0,0.0
32,2006.0,0.0,Polio,All,22.0,0.0,0.0,,3.1354942159291497,1.5140049759037086,0.0,0.0,0.0,22.0,0.0,39.943,22.0,22.0,0.0,22.0,0.0,0.0,0.0,0.0
33,2006.0,0.0,Polio,All,22.0,0.0,0.0,,3.1354942159291497,1.5140049759037086,0.0,0.0,0.0,22.0,0.0,39.943,22.0,22.0,0.0,22.0,0.0,0.0,0.0,0.0
34,2006.0,0.0,Polio,All,22.0,0.0,0.0,,3.1354942159291497,1.5140049759037086,0.0,0.0,0.0,22.0,0.0,39.943,22.0,22.0,0.0,22.0,0.0,0.0,0.0,0.0
35,2006.0,0.0,Polio,All,22.0,0.0,0.0,,3.1354942159291497,1.5140049759037086,0.0,0.0,0.0,22.0,0.0,39.943,22.0,22.0,0.0,22.0,0.0,0.0,0.0,0.0
36,2006.0,0.0,Polio,All,22.0,0.0,0.0,,3.1354942159291497,1.5140049759037086,0.0,0.0,0.0,22.0,0.0,39.943,22.0,22.0,0.0,22.0,0.0,0.0,0.0,0.0
37,2006.0,0.0,Polio,All,22.0,0.0,0.0,,3.1354942159291497,1.5140049759037086,0.0,0.0,0.0,22.0,0.0,39.943,22.0,22.0,0.0,22.0,0.0,0.0,0.0,0.0
38,2006.0,0.0,Polio,All,22.0,0.0,0.0,,3.1354942159291497,1.5140049759037086,0.0,0.0,0.0,22.0,0.0,39.943,22.0,22.0,0.0,22.0,0.0,0.0,0.0,0.0
39,2006.0,0.0,Polio,All,22.0,0.0,0.0,,3.1354942159291497,1.5140049759037086,0.0,0.0,0.0,22.0,0.0,39.943,22.0,22.0,0.0,22.0,0.0,0.0,0.0,0.0
40,2006.0,0.0,Polio,All,22.0,0.0,0.0,,3.1354942159291497,1.5140049759037086,0.0,0.0,0.0,22.0,0.0,39.943,22.0,22.0,0.0,22.0,0.0,0.0,0.0,0.0
41,2006.0,0.0,Polio,All,22.0,0.0,0.0,,3.1354942159291497,1.5140049759037086,0.0,0.0,0.0,22.0,0.0,39.943,22.0,22.0,0.0,22.0,0.0,0.0,0.0,0.0
42,2006.0,0.0,Polio,All,22.0,0.0,0.0,,3.1354942159291497,1.5140049759037086,0.0,0.0,0.0,22.0,0.0,39.943,22.0,22.0,0.0,22.0,0.0,0.0,0.0,0.0
43,2006.0,0.0,Polio,All,22.0,0.0,0.0,,3.1354942159291497,1.5140049759037086,0.0,0.0,0.0,22.0,0.0,39.943,22.0,22.0,0.0,22.0,0.0,0.0,0.0,0.0
44,2006.0,0.0,Polio,All,22.0,0.0,0.0,,3.1354942159291497,1.5140049759037086,0.0,0.0,0.0,22.0,0.0,39.943,22.0,22.0,0.0,22.0,0.0,0.0,0.0,0.0
45,2006.0,0.0,Polio,All,22.0,0.0,0.0,,3.1354942159291497,1.5140049759037086,0.0,0.0,0.0,22.0,0.0,39.943,22.0,22.0,0.0,22.0,0.0,0.0,0.0,0.0
46,2006.0,0.0,Polio,All,22.0,0.0,0.0,,3.1354942159291497,1.5140049759037086,0.0,0.0,0.0,22.0,0.0,39.943,22.0,22.0,0.0,22.0,0.0,0.0,0.0,0.0
47,2006.0,0.0,Polio,All,22.0,0.0,0.0,,3.1354942159291497,1.5140049759037086,0.0,0.0,0.0,22.0,0.0,39.943,22.0,22.0,0.0,22.0,0.0,0.0,0.0,0.0
48,2006.0,0.0,Polio,All,22.0,0.0,0.0,,3.1354942159291497,1.5140049759037086,0.0,0.0,0.0,22.0,0.0,39.943,22.0,22.0,0.0,22.0,0.0,0.0,0.0,0.0
49,2006.0,0.0,Polio,All,22.0,0.0,0.0,,3.1354942159291497,1.5140049759037086,0.0,0.0,0.0,22.0,0.0,39.943,22.0,22.0,0.0,22.0,0.0,0.0,0.0,0.0
50,2006.0,0.0,Polio,All,22.0,0.0,0.0,,3.1354942159291497,1.5140049759037086,0.0,0.0,0.0,22.0,0.0,39.943,22.0,22.0,0.0,22.0,0.0,0.0,0.0,0.0
51,2006.0,0.0,Polio,All,22.0,0.0,0.0,,3.1354942159291497,1.5140049759037086,0.0,0.0,0.0,22.0,0.0,39.943,22.0,22.0,0.0,22.0,0.0,0.0,0.0,0.0
52,2006.0,0.0,Polio,All,22.0,0.0,0.0,,3.1354942159291497,1.5140049759037086,0.0,0.0,0.0,22.0,0.0,39.943,22.0,22.0,0.0,22.0,0.0,0.0,0.0,0.0
1,2007.0,0.0,Polio,All,6.846153846153846,0.0,0.0,,2.0600234558227344,-0.27514228123785195,0.0,0.0,0.0,6.846153846153846,0.0,40.819,22.0,22.0,0.0,18.21153846153846,7.576923076923067,0.0,-0.6888111888111887,0.0
2,2007.0,0.0,Polio,All,6.846153846153846,0.0,0.0,,2.0600234558227344,-0.27514228123785195,0.0,0.0,0.0,6.846153846153846,0.0,40.819,6.846153846153846,14.423076923076923,0.0,14.423076923076922,8.749077156181242,0.0,0.0,0.0
3,2007.0,0.0,Polio,All,6.846153846153846,0.0,0.0,,2.0600234558227344,-0.27514228123785195,0.0,0.0,0.0,6.846153846153846,0.0,40.819,6.846153846153846,6.846153846153846,0.0,10.634615384615385,7.576923076923062,0.0,0.0,0.0
4,2007.0,0.0,Polio,All,6.846153846153846,0.0,0.0,,2.0600234558227344,-0.27514228123785195,0.0,0.0,0.0,6.846153846153846,0.0,40.819,6.846153846153846,6.846153846153846,0.0,6.846153846153846,0.0,0.0,0.0,0.0
5,2007.0,0.0,Polio,All,6.846153846153846,0.0,0.0,,2.0600234558227344,-0.27514228123785195,0.0,0.0,0.0,6.846153846153846,0.0,40.819,6.846153846153846,6.846153846153846,0.0,6.846153846153846,0.0,0.0,0.0,0.0
6,2007.0,0.0,Polio,All,6.846153846153846,0.0,0.0,,2.0600234558227344,-0.27514228123785195,0.0,0.0,0.0,6.846153846153846,0.0,40.819,6.846153846153846,6.846153846153846,0.0,6.846153846153846,0.0,0.0,0.0,0.0
7,2007.0,0.0,Polio,All,6.846153846153846,0.0,0.0,,2.0600234558227344,-0.27514228123785195,0.0,0.0,0.0,6.846153846153846,0.0,40.819,6.846153846153846,6.846153846153846,0.0,6.846153846153846,0.0,0.0,0.0,0.0
8,2007.0,0.0,Polio,All,6.846153846153846,0.0,0.0,,2.0600234558227344,-0.27514228123785195,0.0,0.0,0.0,6.846153846153846,0.0,40.819,6.846153846153846,6.846153846153846,0.0,6.846153846153846,0.0,0.0,0.0,0.0
9,2007.0,0.0,Polio,All,6.846153846153846,0.0,0.0,,2.0600234558227344,-0.27514228123785195,0.0,0.0,0.0,6.846153846153846,0.0,40.819,6.846153846153846,6.846153846153846,0.0,6.846153846153846,0.0,0.0,0.0,0.0
10,2007.0,0.0,Polio,All,6.846153846153846,0.0,0.0,,2.0600234558227344,-0.27514228123785195,0.0,0.0,0.0,6.846153846153846,0.0,40.819,6.846153846153846,6.846153846153846,0.0,6.846153846153846,0.0,0.0,0.0,0.0
11,2007.0,0.0,Polio,All,6.846153846153846,0.0,0.0,,2.0600234558227344,-0.27514228123785195,0.0,0.0,0.0,6.846153846153846,0.0,40.819,6.846153846153846,6.846153846153846,0.0,6.846153846153846,0.0,0.0,0.0,0.0
12,2007.0,0.0,Polio,All,6.846153846153846,0.0,0.0,,2.0600234558227344,-0.27514228123785195,0.0,0.0,0.0,6.846153846153846,0.0,40.819,6.846153846153846,6.846153846153846,0.0,6.846153846153846,0.0,0.0,0.0,0.0
13,2007.0,0.0,Polio,All,6.846153846153846,0.0,0.0,,2.0600234558227344,-0.27514228123785195,0.0,0.0,0.0,6.846153846153846,0.0,40.819,6.846153846153846,6.846153846153846,0.0,6.846153846153846,0.0,0.0,0.0,0.0
14,2007.0,0.0,Polio,All,6.846153846153846,0.0,0.0,,2.0600234558227344,-0.27514228123785195,0.0,0.0,0.0,6.846153846153846,0.0,40.819,6.846153846153846,6.846153846153846,0.0,6.846153846153846,0.0,0.0,0.0,0.0
15,2007.0,0.0,Polio,All,6.846153846153846,0.0,0.0,,2.0600234558227344,-0.27514228123785195,0.0,0.0,0.0,6.846153846153846,0.0,40.819,6.846153846153846,6.846153846153846,0.0,6.846153846153846,0.0,0.0,0.0,0.0
16,2007.0,0.0,Polio,All,6.846153846153846,0.0,0.0,,2.0600234558227344,-0.27514228123785195,0.0,0.0,0.0,6.846153846153846,0.0,40.819,6.846153846153846,6.846153846153846,0.0,6.846153846153846,0.0,0.0,0.0,0.0
17,2007.0,0.0,Polio,All,6.846153846153846,0.0,0.0,,2.0600234558227344,-0.27514228123785195,0.0,0.0,0.0,6.846153846153846,0.0,40.819,6.846153846153846,6.846153846153846,0.0,6.846153846153846,0.0,0.0,0.0,0.0
18,2007.0,0.0,Polio,All,6.846153846153846,0.0,0.0,,2.0600234558227344,-0.27514228123785195,0.0,0.0,0.0,6.846153846153846,0.0,40.819,6.846153846153846,6.846153846153846,0.0,6.846153846153846,0.0,0.0,0.0,0.0
19,2007.0,0.0,Polio,All,6.846153846153846,0.0,0.0,,2.0600234558227344,-0.27514228123785195,0.0,0.0,0.0,6.846153846153846,0.0,40.819,6.846153846153846,6.846153846153846,0.0,6.846153846153846,0.0,0.0,0.0,0.0
20,2007.0,0.0,Polio,All,6.846153846153846,0.0,0.0,,2.0600234558227344,-0.27514228123785195,0.0,0.0,0.0,6.846153846153846,0.0,40.819,6.846153846153846,6.846153846153846,0.0,6.846153846153846,0.0,0.0,0.0,0.0
21,2007.0,0.0,Polio,All,6.846153846153846,0.0,0.0,,2.0600234558227344,-0.27514228123785195,0.0,0.0,0.0,6.846153846153846,0.0,40.819,6.846153846153846,6.846153846153846,0.0,6.846153846153846,0.0,0.0,0.0,0.0
22,2007.0,0.0,Polio,All,6.846153846153846,0.0,0.0,,2.0600234558227344,-0.27514228123785195,0.0,0.0,0.0,6.846153846153846,0.0,40.819,6.846153846153846,6.846153846153846,0.0,6.846153846153846,0.0,0.0,0.0,0.0
23,2007.0,0.0,Polio,All,6.846153846153846,0.0,0.0,,2.0600234558227344,-0.27514228123785195,0.0,0.0,0.0,6.846153846153846,0.0,40.819,6.846153846153846,6.846153846153846,0.0,6.846153846153846,0.0,0.0,0.0,0.0
24,2007.0,0.0,Polio,All,6.846153846153846,0.0,0.0,,2.0600234558227344,-0.27514228123785195,0.0,0.0,0.0,6.846153846153846,0.0,40.819,6.846153846153846,6.846153846153846,0.0,6.846153846153846,0.0,0.0,0.0,0.0
25,2007.0,0.0,Polio,All,6.846153846153846,0.0,0.0,,2.0600234558227344,-0.27514228123785195,0.0,0.0,0.0,6.846153846153846,0.0,40.819,6.846153846153846,6.846153846153846,0.0,6.846153846153846,0.0,0.0,0.0,0.0
26,2007.0,0.0,Polio,All,6.846153846153846,0.0,0.0,,2.0600234558227344,-0.27514228123785195,0.0,0.0,0.0,6.846153846153846,0.0,40.819,6.846153846153846,6.846153846153846,0.0,6.846153846153846,0.0,0.0,0.0,0.0
27,2007.0,0.0,Polio,All,6.846153846153846,0.0,0.0,,2.0600234558227344,-0.27514228123785195,0.0,0.0,0.0,6.846153846153846,0.0,40.819,6.846153846153846,6.846153846153846,0.0,6.846153846153846,0.0,0.0,0.0,0.0
28,2007.0,0.0,Polio,All,6.846153846153846,0.0,0.0,,2.0600234558227344,-0.27514228123785195,0.0,0.0,0.0,6.846153846153846,0.0,40.819,6.846153846153846,6.846153846153846,0.0,6.846153846153846,0.0,0.0,0.0,0.0
29,2007.0,0.0,Polio,All,6.846153846153846,0.0,0.0,,2.0600234558227344,-0.27514228123785195,0.0,0.0,0.0,6.846153846153846,0.0,40.819,6.846153846153846,6.846153846153846,0.0,6.846153846153846,0.0,0.0,0.0,0.0
30,2007.0,0.0,Polio,All,6.846153846153846,0.0,0.0,,2.0600234558227344,-0.27514228123785195,0.0,0.0,0.0,6.846153846153846,0.0,40.819,6.846153846153846,6.846153846153846,0.0,6.846153846153846,0.0,0.0,0.0,0.0
31,2007.0,0.0,Polio,All,6.846153846153846,0.0,0.0,,2.0600234558227344,-0.27514228123785195,0.0,0.0,0.0,6.846153846153846,0.0,40.819,6.846153846153846,6.846153846153846,0.0,6.846153846153846,0.0,0.0,0.0,0.0
32,2007.0,0.0,Polio,All,6.846153846153846,0.0,0.0,,2.0600234558227344,-0.27514228123785195,0.0,0.0,0.0,6.846153846153846,0.0,40.819,6.846153846153846,6.846153846153846,0.0,6.846153846153846,0.0,0.0,0.0,0.0
33,2007.0,0.0,Polio,All,6.846153846153846,0.0,0.0,,2.0600234558227344,-0.27514228123785195,0.0,0.0,0.0,6.846153846153846,0.0,40.819,6.846153846153846,6.846153846153846,0.0,6.846153846153846,0.0,0.0,0.0,0.0
34,2007.0,0.0,Polio,All,6.846153846153846,0.0,0.0,,2.0600234558227344,-0.27514228123785195,0.0,0.0,0.0,6.846153846153846,0.0,40.819,6.846153846153846,6.846153846153846,0.0,6.846153846153846,0.0,0.0,0.0,0.0
35,2007.0,0.0,Polio,All,6.846153846153846,0.0,0.0,,2.0600234558227344,-0.27514228123785195,0.0,0.0,0.0,6.846153846153846,0.0,40.819,6.846153846153846,6.846153846153846,0.0,6.846153846153846,0.0,0.0,0.0,0.0
36,2007.0,0.0,Polio,All,6.846153846153846,0.0,0.0,,2.0600234558227344,-0.27514228123785195,0.0,0.0,0.0,6.846153846153846,0.0,40.819,6.846153846153846,6.846153846153846,0.0,6.846153846153846,0.0,0.0,0.0,0.0
37,2007.0,0.0,Polio,All,6.846153846153846,0.0,0.0,,2.0600234558227344,-0.27514228123785195,0.0,0.0,0.0,6.846153846153846,0.0,40.819,6.846153846153846,6.846153846153846,0.0,6.846153846153846,0.0,0.0,0.0,0.0
38,2007.0,0.0,Polio,All,6.846153846153846,0.0,0.0,,2.0600234558227344,-0.27514228123785195,0.0,0.0,0.0,6.846153846153846,0.0,40.819,6.846153846153846,6.846153846153846,0.0,6.846153846153846,0.0,0.0,0.0,0.0
39,2007.0,0.0,Polio,All,6.846153846153846,0.0,0.0,,2.0600234558227344,-0.27514228123785195,0.0,0.0,0.0,6.846153846153846,0.0,40.819,6.846153846153846,6.846153846153846,0.0,6.846153846153846,0.0,0.0,0.0,0.0
40,2007.0,0.0,Polio,All,6.846153846153846,0.0,0.0,,2.0600234558227344,-0.27514228123785195,0.0,0.0,0.0,6.846153846153846,0.0,40.819,6.846153846153846,6.846153846153846,0.0,6.846153846153846,0.0,0.0,0.0,0.0
41,2007.0,0.0,Polio,All,6.846153846153846,0.0,0.0,,2.0600234558227344,-0.27514228123785195,0.0,0.0,0.0,6.846153846153846,0.0,40.819,6.846153846153846,6.846153846153846,0.0,6.846153846153846,0.0,0.0,0.0,0.0
42,2007.0,0.0,Polio,All,6.846153846153846,0.0,0.0,,2.0600234558227344,-0.27514228123785195,0.0,0.0,0.0,6.846153846153846,0.0,40.819,6.846153846153846,6.846153846153846,0.0,6.846153846153846,0.0,0.0,0.0,0.0
43,2007.0,0.0,Polio,All,6.846153846153846,0.0,0.0,,2.0600234558227344,-0.27514228123785195,0.0,0.0,0.0,6.846153846153846,0.0,40.819,6.846153846153846,6.846153846153846,0.0,6.846153846153846,0.0,0.0,0.0,0.0
44,2007.0,0.0,Polio,All,6.846153846153846,0.0,0.0,,2.0600234558227344,-0.27514228123785195,0.0,0.0,0.0,6.846153846153846,0.0,40.819,6.846153846153846,6.846153846153846,0.0,6.846153846153846,0.0,0.0,0.0,0.0
45,2007.0,0.0,Polio,All,6.846153846153846,0.0,0.0,,2.0600234558227344,-0.27514228123785195,0.0,0.0,0.0,6.846153846153846,0.0,40.819,6.846153846153846,6.846153846153846,0.0,6.846153846153846,0.0,0.0,0.0,0.0
46,2007.0,0.0,Polio,All,6.846153846153846,0.0,0.0,,2.0600234558227344,-0.27514228123785195,0.0,0.0,0.0,6.846153846153846,0.0,40.819,6.846153846153846,6.846153846153846,0.0,6.846153846153846,0.0,0.0,0.0,0.0
47,2007.0,0.0,Polio,All,6.846153846153846,0.0,0.0,,2.0600234558227344,-0.27514228123785195,0.0,0.0,0.0,6.846153846153846,0.0,40.819,6.846153846153846,6.846153846153846,0.0,6.846153846153846,0.0,0.0,0.0,0.0
48,2007.0,0.0,Polio,All,6.846153846153846,0.0,0.0,,2.0600234558227344,-0.27514228123785195,0.0,0.0,0.0,6.846153846153846,0.0,40.819,6.846153846153846,6.846153846153846,0.0,6.846153846153846,0.0,0.0,0.0,0.0
49,2007.0,0.0,Polio,All,6.846153846153846,0.0,0.0,,2.0600234558227344,-0.27514228123785195,0.0,0.0,0.0,6.846153846153846,0.0,40.819,6.846153846153846,6.846153846153846,0.0,6.846153846153846,0.0,0.0,0.0,0.0
50,2007.0,0.0,Polio,All,6.846153846153846,0.0,0.0,,2.0600234558227344,-0.27514228123785195,0.0,0.0,0.0,6.846153846153846,0.0,40.819,6.846153846153846,6.846153846153846,0.0,6.846153846153846,0.0,0.0,0.0,0.0
51,2007.0,0.0,Polio,All,6.846153846153846,0.0,0.0,,2.0600234558227344,-0.27514228123785195,0.0,0.0,0.0,6.846153846153846,0.0,40.819,6.846153846153846,6.846153846153846,0.0,6.846153846153846,0.0,0.0,0.0,0.0
52,2007.0,0.0,Polio,All,6.846153846153846,0.0,0.0,,2.0600234558227344,-0.27514228123785195,0.0,0.0,0.0,6.846153846153846,0.0,40.819,6.846153846153846,6.846153846153846,0.0,6.846153846153846,0.0,0.0,0.0,0.0
1,2008.0,0.0,Polio,All,16.653846153846153,0.0,0.0,,2.870953672039063,0.8828083547294017,0.0,0.0,0.0,16.653846153846153,0.0,41.702,6.846153846153846,6.846153846153846,0.0,9.298076923076923,4.903846153846131,0.0,1.4325842696629212,0.0
2,2008.0,0.0,Polio,All,16.653846153846153,0.0,0.0,,2.870953672039063,0.8828083547294017,0.0,0.0,0.0,16.653846153846153,0.0,41.702,16.653846153846153,11.75,0.0,11.75,5.662473793975158,0.0,0.0,0.0
3,2008.0,0.0,Polio,All,16.653846153846153,0.0,0.0,,2.870953672039063,0.8828083547294017,0.0,0.0,0.0,16.653846153846153,0.0,41.702,16.653846153846153,16.653846153846153,0.0,14.201923076923077,4.903846153846135,0.0,0.0,0.0
4,2008.0,0.0,Polio,All,16.653846153846153,0.0,0.0,,2.870953672039063,0.8828083547294017,0.0,0.0,0.0,16.653846153846153,0.0,41.702,16.653846153846153,16.653846153846153,0.0,16.653846153846153,0.0,0.0,0.0,0.0
5,2008.0,0.0,Polio,All,16.653846153846153,0.0,0.0,,2.870953672039063,0.8828083547294017,0.0,0.0,0.0,16.653846153846153,0.0,41.702,16.653846153846153,16.653846153846153,0.0,16.653846153846153,0.0,0.0,0.0,0.0
6,2008.0,0.0,Polio,All,16.653846153846153,0.0,0.0,,2.870953672039063,0.8828083547294017,0.0,0.0,0.0,16.653846153846153,0.0,41.702,16.653846153846153,16.653846153846153,0.0,16.653846153846153,0.0,0.0,0.0,0.0
7,2008.0,0.0,Polio,All,16.653846153846153,0.0,0.0,,2.870953672039063,0.8828083547294017,0.0,0.0,0.0,16.653846153846153,0.0,41.702,16.653846153846153,16.653846153846153,0.0,16.653846153846153,0.0,0.0,0.0,0.0
8,2008.0,0.0,Polio,All,16.653846153846153,0.0,0.0,,2.870953672039063,0.8828083547294017,0.0,0.0,0.0,16.653846153846153,0.0,41.702,16.653846153846153,16.653846153846153,0.0,16.653846153846153,0.0,0.0,0.0,0.0
9,2008.0,0.0,Polio,All,16.653846153846153,0.0,0.0,,2.870953672039063,0.8828083547294017,0.0,0.0,0.0,16.653846153846153,0.0,41.702,16.653846153846153,16.653846153846153,0.0,16.653846153846153,0.0,0.0,0.0,0.0
10,2008.0,0.0,Polio,All,16.653846153846153,0.0,0.0,,2.870953672039063,0.8828083547294017,0.0,0.0,0.0,16.653846153846153,0.0,41.702,16.653846153846153,16.653846153846153,0.0,16.653846153846153,0.0,0.0,0.0,0.0
11,2008.0,0.0,Polio,All,16.653846153846153,0.0,0.0,,2.870953672039063,0.8828083547294017,0.0,0.0,0.0,16.653846153846153,0.0,41.702,16.653846153846153,16.653846153846153,0.0,16.653846153846153,0.0,0.0,0.0,0.0
12,2008.0,0.0,Polio,All,16.653846153846153,0.0,0.0,,2.870953672039063,0.8828083547294017,0.0,0.0,0.0,16.653846153846153,0.0,41.702,16.653846153846153,16.653846153846153,0.0,16.653846153846153,0.0,0.0,0.0,0.0
13,2008.0,0.0,Polio,All,16.653846153846153,0.0,0.0,,2.870953672039063,0.8828083547294017,0.0,0.0,0.0,16.653846153846153,0.0,41.702,16.653846153846153,16.653846153846153,0.0,16.653846153846153,0.0,0.0,0.0,0.0
14,2008.0,0.0,Polio,All,16.653846153846153,0.0,0.0,,2.870953672039063,0.8828083547294017,0.0,0.0,0.0,16.653846153846153,0.0,41.702,16.653846153846153,16.653846153846153,0.0,16.653846153846153,0.0,0.0,0.0,0.0
15,2008.0,0.0,Polio,All,16.653846153846153,0.0,0.0,,2.870953672039063,0.8828083547294017,0.0,0.0,0.0,16.653846153846153,0.0,41.702,16.653846153846153,16.653846153846153,0.0,16.653846153846153,0.0,0.0,0.0,0.0
16,2008.0,0.0,Polio,All,16.653846153846153,0.0,0.0,,2.870953672039063,0.8828083547294017,0.0,0.0,0.0,16.653846153846153,0.0,41.702,16.653846153846153,16.653846153846153,0.0,16.653846153846153,0.0,0.0,0.0,0.0
17,2008.0,0.0,Polio,All,16.653846153846153,0.0,0.0,,2.870953672039063,0.8828083547294017,0.0,0.0,0.0,16.653846153846153,0.0,41.702,16.653846153846153,16.653846153846153,0.0,16.653846153846153,0.0,0.0,0.0,0.0
18,2008.0,0.0,Polio,All,16.653846153846153,0.0,0.0,,2.870953672039063,0.8828083547294017,0.0,0.0,0.0,16.653846153846153,0.0,41.702,16.653846153846153,16.653846153846153,0.0,16.653846153846153,0.0,0.0,0.0,0.0
19,2008.0,0.0,Polio,All,16.653846153846153,0.0,0.0,,2.870953672039063,0.8828083547294017,0.0,0.0,0.0,16.653846153846153,0.0,41.702,16.653846153846153,16.653846153846153,0.0,16.653846153846153,0.0,0.0,0.0,0.0
20,2008.0,0.0,Polio,All,16.653846153846153,0.0,0.0,,2.870953672039063,0.8828083547294017,0.0,0.0,0.0,16.653846153846153,0.0,41.702,16.653846153846153,16.653846153846153,0.0,16.653846153846153,0.0,0.0,0.0,0.0
21,2008.0,0.0,Polio,All,16.653846153846153,0.0,0.0,,2.870953672039063,0.8828083547294017,0.0,0.0,0.0,16.653846153846153,0.0,41.702,16.653846153846153,16.653846153846153,0.0,16.653846153846153,0.0,0.0,0.0,0.0
22,2008.0,0.0,Polio,All,16.653846153846153,0.0,0.0,,2.870953672039063,0.8828083547294017,0.0,0.0,0.0,16.653846153846153,0.0,41.702,16.653846153846153,16.653846153846153,0.0,16.653846153846153,0.0,0.0,0.0,0.0
23,2008.0,0.0,Polio,All,16.653846153846153,0.0,0.0,,2.870953672039063,0.8828083547294017,0.0,0.0,0.0,16.653846153846153,0.0,41.702,16.653846153846153,16.653846153846153,0.0,16.653846153846153,0.0,0.0,0.0,0.0
24,2008.0,0.0,Polio,All,16.653846153846153,0.0,0.0,,2.870953672039063,0.8828083547294017,0.0,0.0,0.0,16.653846153846153,0.0,41.702,16.653846153846153,16.653846153846153,0.0,16.653846153846153,0.0,0.0,0.0,0.0
25,2008.0,0.0,Polio,All,16.653846153846153,0.0,0.0,,2.870953672039063,0.8828083547294017,0.0,0.0,0.0,16.653846153846153,0.0,41.702,16.653846153846153,16.653846153846153,0.0,16.653846153846153,0.0,0.0,0.0,0.0
26,2008.0,0.0,Polio,All,16.653846153846153,0.0,0.0,,2.870953672039063,0.8828083547294017,0.0,0.0,0.0,16.653846153846153,0.0,41.702,16.653846153846153,16.653846153846153,0.0,16.653846153846153,0.0,0.0,0.0,0.0
27,2008.0,0.0,Polio,All,16.653846153846153,0.0,0.0,,2.870953672039063,0.8828083547294017,0.0,0.0,0.0,16.653846153846153,0.0,41.702,16.653846153846153,16.653846153846153,0.0,16.653846153846153,0.0,0.0,0.0,0.0
28,2008.0,0.0,Polio,All,16.653846153846153,0.0,0.0,,2.870953672039063,0.8828083547294017,0.0,0.0,0.0,16.653846153846153,0.0,41.702,16.653846153846153,16.653846153846153,0.0,16.653846153846153,0.0,0.0,0.0,0.0
29,2008.0,0.0,Polio,All,16.653846153846153,0.0,0.0,,2.870953672039063,0.8828083547294017,0.0,0.0,0.0,16.653846153846153,0.0,41.702,16.653846153846153,16.653846153846153,0.0,16.653846153846153,0.0,0.0,0.0,0.0
30,2008.0,0.0,Polio,All,16.653846153846153,0.0,0.0,,2.870953672039063,0.8828083547294017,0.0,0.0,0.0,16.653846153846153,0.0,41.702,16.653846153846153,16.653846153846153,0.0,16.653846153846153,0.0,0.0,0.0,0.0
31,2008.0,0.0,Polio,All,16.653846153846153,0.0,0.0,,2.870953672039063,0.8828083547294017,0.0,0.0,0.0,16.653846153846153,0.0,41.702,16.653846153846153,16.653846153846153,0.0,16.653846153846153,0.0,0.0,0.0,0.0
32,2008.0,0.0,Polio,All,16.653846153846153,0.0,0.0,,2.870953672039063,0.8828083547294017,0.0,0.0,0.0,16.653846153846153,0.0,41.702,16.653846153846153,16.653846153846153,0.0,16.653846153846153,0.0,0.0,0.0,0.0
33,2008.0,0.0,Polio,All,16.653846153846153,0.0,0.0,,2.870953672039063,0.8828083547294017,0.0,0.0,0.0,16.653846153846153,0.0,41.702,16.653846153846153,16.653846153846153,0.0,16.653846153846153,0.0,0.0,0.0,0.0
34,2008.0,0.0,Polio,All,16.653846153846153,0.0,0.0,,2.870953672039063,0.8828083547294017,0.0,0.0,0.0,16.653846153846153,0.0,41.702,16.653846153846153,16.653846153846153,0.0,16.653846153846153,0.0,0.0,0.0,0.0
35,2008.0,0.0,Polio,All,16.653846153846153,0.0,0.0,,2.870953672039063,0.8828083547294017,0.0,0.0,0.0,16.653846153846153,0.0,41.702,16.653846153846153,16.653846153846153,0.0,16.653846153846153,0.0,0.0,0.0,0.0
36,2008.0,0.0,Polio,All,16.653846153846153,0.0,0.0,,2.870953672039063,0.8828083547294017,0.0,0.0,0.0,16.653846153846153,0.0,41.702,16.653846153846153,16.653846153846153,0.0,16.653846153846153,0.0,0.0,0.0,0.0
37,2008.0,0.0,Polio,All,16.653846153846153,0.0,0.0,,2.870953672039063,0.8828083547294017,0.0,0.0,0.0,16.653846153846153,0.0,41.702,16.653846153846153,16.653846153846153,0.0,16.653846153846153,0.0,0.0,0.0,0.0
38,2008.0,0.0,Polio,All,16.653846153846153,0.0,0.0,,2.870953672039063,0.8828083547294017,0.0,0.0,0.0,16.653846153846153,0.0,41.702,16.653846153846153,16.653846153846153,0.0,16.653846153846153,0.0,0.0,0.0,0.0
39,2008.0,0.0,Polio,All,16.653846153846153,0.0,0.0,,2.870953672039063,0.8828083547294017,0.0,0.0,0.0,16.653846153846153,0.0,41.702,16.653846153846153,16.653846153846153,0.0,16.653846153846153,0.0,0.0,0.0,0.0
40,2008.0,0.0,Polio,All,16.653846153846153,0.0,0.0,,2.870953672039063,0.8828083547294017,0.0,0.0,0.0,16.653846153846153,0.0,41.702,16.653846153846153,16.653846153846153,0.0,16.653846153846153,0.0,0.0,0.0,0.0
41,2008.0,0.0,Polio,All,16.653846153846153,0.0,0.0,,2.870953672039063,0.8828083547294017,0.0,0.0,0.0,16.653846153846153,0.0,41.702,16.653846153846153,16.653846153846153,0.0,16.653846153846153,0.0,0.0,0.0,0.0
42,2008.0,0.0,Polio,All,16.653846153846153,0.0,0.0,,2.870953672039063,0.8828083547294017,0.0,0.0,0.0,16.653846153846153,0.0,41.702,16.653846153846153,16.653846153846153,0.0,16.653846153846153,0.0,0.0,0.0,0.0
43,2008.0,0.0,Polio,All,16.653846153846153,0.0,0.0,,2.870953672039063,0.8828083547294017,0.0,0.0,0.0,16.653846153846153,0.0,41.702,16.653846153846153,16.653846153846153,0.0,16.653846153846153,0.0,0.0,0.0,0.0
44,2008.0,0.0,Polio,All,16.653846153846153,0.0,0.0,,2.870953672039063,0.8828083547294017,0.0,0.0,0.0,16.653846153846153,0.0,41.702,16.653846153846153,16.653846153846153,0.0,16.653846153846153,0.0,0.0,0.0,0.0
45,2008.0,0.0,Polio,All,16.653846153846153,0.0,0.0,,2.870953672039063,0.8828083547294017,0.0,0.0,0.0,16.653846153846153,0.0,41.702,16.653846153846153,16.653846153846153,0.0,16.653846153846153,0.0,0.0,0.0,0.0
46,2008.0,0.0,Polio,All,16.653846153846153,0.0,0.0,,2.870953672039063,0.8828083547294017,0.0,0.0,0.0,16.653846153846153,0.0,41.702,16.653846153846153,16.653846153846153,0.0,16.653846153846153,0.0,0.0,0.0,0.0
47,2008.0,0.0,Polio,All,16.653846153846153,0.0,0.0,,2.870953672039063,0.8828083547294017,0.0,0.0,0.0,16.653846153846153,0.0,41.702,16.653846153846153,16.653846153846153,0.0,16.653846153846153,0.0,0.0,0.0,0.0
48,2008.0,0.0,Polio,All,16.653846153846153,0.0,0.0,,2.870953672039063,0.8828083547294017,0.0,0.0,0.0,16.653846153846153,0.0,41.702,16.653846153846153,16.653846153846153,0.0,16.653846153846153,0.0,0.0,0.0,0.0
49,2008.0,0.0,Polio,All,16.653846153846153,0.0,0.0,,2.870953672039063,0.8828083547294017,0.0,0.0,0.0,16.653846153846153,0.0,41.702,16.653846153846153,16.653846153846153,0.0,16.653846153846153,0.0,0.0,0.0,0.0
50,2008.0,0.0,Polio,All,16.653846153846153,0.0,0.0,,2.870953672039063,0.8828083547294017,0.0,0.0,0.0,16.653846153846153,0.0,41.702,16.653846153846153,16.653846153846153,0.0,16.653846153846153,0.0,0.0,0.0,0.0
51,2008.0,0.0,Polio,All,16.653846153846153,0.0,0.0,,2.870953672039063,0.8828083547294017,0.0,0.0,0.0,16.653846153846153,0.0,41.702,16.653846153846153,16.653846153846153,0.0,16.653846153846153,0.0,0.0,0.0,0.0
52,2008.0,0.0,Polio,All,16.653846153846153,0.0,0.0,,2.870953672039063,0.8828083547294017,0.0,0.0,0.0,16.653846153846153,0.0,41.702,16.653846153846153,16.653846153846153,0.0,16.653846153846153,0.0,0.0,0.0,0.0
1,2009.0,0.0,Polio,All,10.442307692307692,0.0,0.0,,2.437317686964202,0.14943961861680768,0.0,0.0,0.0,10.442307692307692,0.0,42.588,16.653846153846153,16.653846153846153,0.0,15.100961538461537,3.1057692307692024,0.0,-0.3729792147806005,0.0
2,2009.0,0.0,Polio,All,10.442307692307692,0.0,0.0,,2.437317686964202,0.14943961861680768,0.0,0.0,0.0,10.442307692307692,0.0,42.588,10.442307692307692,13.548076923076923,0.0,13.548076923076923,3.5862334028509184,0.0,0.0,0.0
3,2009.0,0.0,Polio,All,10.442307692307692,0.0,0.0,,2.437317686964202,0.14943961861680768,0.0,0.0,0.0,10.442307692307692,0.0,42.588,10.442307692307692,10.442307692307692,0.0,11.995192307692307,3.105769230769199,0.0,0.0,0.0
4,2009.0,0.0,Polio,All,10.442307692307692,0.0,0.0,,2.437317686964202,0.14943961861680768,0.0,0.0,0.0,10.442307692307692,0.0,42.588,10.442307692307692,10.442307692307692,0.0,10.442307692307692,0.0,0.0,0.0,0.0
5,2009.0,0.0,Polio,All,10.442307692307692,0.0,0.0,,2.437317686964202,0.14943961861680768,0.0,0.0,0.0,10.442307692307692,0.0,42.588,10.442307692307692,10.442307692307692,0.0,10.442307692307692,0.0,0.0,0.0,0.0
6,2009.0,0.0,Polio,All,10.442307692307692,0.0,0.0,,2.437317686964202,0.14943961861680768,0.0,0.0,0.0,10.442307692307692,0.0,42.588,10.442307692307692,10.442307692307692,0.0,10.442307692307692,0.0,0.0,0.0,0.0
7,2009.0,0.0,Polio,All,10.442307692307692,0.0,0.0,,2.437317686964202,0.14943961861680768,0.0,0.0,0.0,10.442307692307692,0.0,42.588,10.442307692307692,10.442307692307692,0.0,10.442307692307692,0.0,0.0,0.0,0.0
8,2009.0,0.0,Polio,All,10.442307692307692,0.0,0.0,,2.437317686964202,0.14943961861680768,0.0,0.0,0.0,10.442307692307692,0.0,42.588,10.442307692307692,10.442307692307692,0.0,10.442307692307692,0.0,0.0,0.0,0.0
9,2009.0,0.0,Polio,All,10.442307692307692,0.0,0.0,,2.437317686964202,0.14943961861680768,0.0,0.0,0.0,10.442307692307692,0.0,42.588,10.442307692307692,10.442307692307692,0.0,10.442307692307692,0.0,0.0,0.0,0.0
10,2009.0,0.0,Polio,All,10.442307692307692,0.0,0.0,,2.437317686964202,0.14943961861680768,0.0,0.0,0.0,10.442307692307692,0.0,42.588,10.442307692307692,10.442307692307692,0.0,10.442307692307692,0.0,0.0,0.0,0.0
11,2009.0,0.0,Polio,All,10.442307692307692,0.0,0.0,,2.437317686964202,0.14943961861680768,0.0,0.0,0.0,10.442307692307692,0.0,42.588,10.442307692307692,10.442307692307692,0.0,10.442307692307692,0.0,0.0,0.0,0.0
12,2009.0,0.0,Polio,All,10.442307692307692,0.0,0.0,,2.437317686964202,0.14943961861680768,0.0,0.0,0.0,10.442307692307692,0.0,42.588,10.442307692307692,10.442307692307692,0.0,10.442307692307692,0.0,0.0,0.0,0.0
13,2009.0,0.0,Polio,All,10.442307692307692,0.0,0.0,,2.437317686964202,0.14943961861680768,0.0,0.0,0.0,10.442307692307692,0.0,42.588,10.442307692307692,10.442307692307692,0.0,10.442307692307692,0.0,0.0,0.0,0.0
14,2009.0,0.0,Polio,All,10.442307692307692,0.0,0.0,,2.437317686964202,0.14943961861680768,0.0,0.0,0.0,10.442307692307692,0.0,42.588,10.442307692307692,10.442307692307692,0.0,10.442307692307692,0.0,0.0,0.0,0.0
15,2009.0,0.0,Polio,All,10.442307692307692,0.0,0.0,,2.437317686964202,0.14943961861680768,0.0,0.0,0.0,10.442307692307692,0.0,42.588,10.442307692307692,10.442307692307692,0.0,10.442307692307692,0.0,0.0,0.0,0.0
16,2009.0,0.0,Polio,All,10.442307692307692,0.0,0.0,,2.437317686964202,0.14943961861680768,0.0,0.0,0.0,10.442307692307692,0.0,42.588,10.442307692307692,10.442307692307692,0.0,10.442307692307692,0.0,0.0,0.0,0.0
17,2009.0,0.0,Polio,All,10.442307692307692,0.0,0.0,,2.437317686964202,0.14943961861680768,0.0,0.0,0.0,10.442307692307692,0.0,42.588,10.442307692307692,10.442307692307692,0.0,10.442307692307692,0.0,0.0,0.0,0.0
18,2009.0,0.0,Polio,All,10.442307692307692,0.0,0.0,,2.437317686964202,0.14943961861680768,0.0,0.0,0.0,10.442307692307692,0.0,42.588,10.442307692307692,10.442307692307692,0.0,10.442307692307692,0.0,0.0,0.0,0.0
19,2009.0,0.0,Polio,All,10.442307692307692,0.0,0.0,,2.437317686964202,0.14943961861680768,0.0,0.0,0.0,10.442307692307692,0.0,42.588,10.442307692307692,10.442307692307692,0.0,10.442307692307692,0.0,0.0,0.0,0.0
20,2009.0,0.0,Polio,All,10.442307692307692,0.0,0.0,,2.437317686964202,0.14943961861680768,0.0,0.0,0.0,10.442307692307692,0.0,42.588,10.442307692307692,10.442307692307692,0.0,10.442307692307692,0.0,0.0,0.0,0.0
21,2009.0,0.0,Polio,All,10.442307692307692,0.0,0.0,,2.437317686964202,0.14943961861680768,0.0,0.0,0.0,10.442307692307692,0.0,42.588,10.442307692307692,10.442307692307692,0.0,10.442307692307692,0.0,0.0,0.0,0.0
22,2009.0,0.0,Polio,All,10.442307692307692,0.0,0.0,,2.437317686964202,0.14943961861680768,0.0,0.0,0.0,10.442307692307692,0.0,42.588,10.442307692307692,10.442307692307692,0.0,10.442307692307692,0.0,0.0,0.0,0.0
23,2009.0,0.0,Polio,All,10.442307692307692,0.0,0.0,,2.437317686964202,0.14943961861680768,0.0,0.0,0.0,10.442307692307692,0.0,42.588,10.442307692307692,10.442307692307692,0.0,10.442307692307692,0.0,0.0,0.0,0.0
24,2009.0,0.0,Polio,All,10.442307692307692,0.0,0.0,,2.437317686964202,0.14943961861680768,0.0,0.0,0.0,10.442307692307692,0.0,42.588,10.442307692307692,10.442307692307692,0.0,10.442307692307692,0.0,0.0,0.0,0.0
25,2009.0,0.0,Polio,All,10.442307692307692,0.0,0.0,,2.437317686964202,0.14943961861680768,0.0,0.0,0.0,10.442307692307692,0.0,42.588,10.442307692307692,10.442307692307692,0.0,10.442307692307692,0.0,0.0,0.0,0.0
26,2009.0,0.0,Polio,All,10.442307692307692,0.0,0.0,,2.437317686964202,0.14943961861680768,0.0,0.0,0.0,10.442307692307692,0.0,42.588,10.442307692307692,10.442307692307692,0.0,10.442307692307692,0.0,0.0,0.0,0.0
27,2009.0,0.0,Polio,All,10.442307692307692,0.0,0.0,,2.437317686964202,0.14943961861680768,0.0,0.0,0.0,10.442307692307692,0.0,42.588,10.442307692307692,10.442307692307692,0.0,10.442307692307692,0.0,0.0,0.0,0.0
28,2009.0,0.0,Polio,All,10.442307692307692,0.0,0.0,,2.437317686964202,0.14943961861680768,0.0,0.0,0.0,10.442307692307692,0.0,42.588,10.442307692307692,10.442307692307692,0.0,10.442307692307692,0.0,0.0,0.0,0.0
29,2009.0,0.0,Polio,All,10.442307692307692,0.0,0.0,,2.437317686964202,0.14943961861680768,0.0,0.0,0.0,10.442307692307692,0.0,42.588,10.442307692307692,10.442307692307692,0.0,10.442307692307692,0.0,0.0,0.0,0.0
30,2009.0,0.0,Polio,All,10.442307692307692,0.0,0.0,,2.437317686964202,0.14943961861680768,0.0,0.0,0.0,10.442307692307692,0.0,42.588,10.442307692307692,10.442307692307692,0.0,10.442307692307692,0.0,0.0,0.0,0.0
31,2009.0,0.0,Polio,All,10.442307692307692,0.0,0.0,,2.437317686964202,0.14943961861680768,0.0,0.0,0.0,10.442307692307692,0.0,42.588,10.442307692307692,10.442307692307692,0.0,10.442307692307692,0.0,0.0,0.0,0.0
32,2009.0,0.0,Polio,All,10.442307692307692,0.0,0.0,,2.437317686964202,0.14943961861680768,0.0,0.0,0.0,10.442307692307692,0.0,42.588,10.442307692307692,10.442307692307692,0.0,10.442307692307692,0.0,0.0,0.0,0.0
33,2009.0,0.0,Polio,All,10.442307692307692,0.0,0.0,,2.437317686964202,0.14943961861680768,0.0,0.0,0.0,10.442307692307692,0.0,42.588,10.442307692307692,10.442307692307692,0.0,10.442307692307692,0.0,0.0,0.0,0.0
34,2009.0,0.0,Polio,All,10.442307692307692,0.0,0.0,,2.437317686964202,0.14943961861680768,0.0,0.0,0.0,10.442307692307692,0.0,42.588,10.442307692307692,10.442307692307692,0.0,10.442307692307692,0.0,0.0,0.0,0.0
35,2009.0,0.0,Polio,All,10.442307692307692,0.0,0.0,,2.437317686964202,0.14943961861680768,0.0,0.0,0.0,10.442307692307692,0.0,42.588,10.442307692307692,10.442307692307692,0.0,10.442307692307692,0.0,0.0,0.0,0.0
36,2009.0,0.0,Polio,All,10.442307692307692,0.0,0.0,,2.437317686964202,0.14943961861680768,0.0,0.0,0.0,10.442307692307692,0.0,42.588,10.442307692307692,10.442307692307692,0.0,10.442307692307692,0.0,0.0,0.0,0.0
37,2009.0,0.0,Polio,All,10.442307692307692,0.0,0.0,,2.437317686964202,0.14943961861680768,0.0,0.0,0.0,10.442307692307692,0.0,42.588,10.442307692307692,10.442307692307692,0.0,10.442307692307692,0.0,0.0,0.0,0.0
38,2009.0,0.0,Polio,All,10.442307692307692,0.0,0.0,,2.437317686964202,0.14943961861680768,0.0,0.0,0.0,10.442307692307692,0.0,42.588,10.442307692307692,10.442307692307692,0.0,10.442307692307692,0.0,0.0,0.0,0.0
39,2009.0,0.0,Polio,All,10.442307692307692,0.0,0.0,,2.437317686964202,0.14943961861680768,0.0,0.0,0.0,10.442307692307692,0.0,42.588,10.442307692307692,10.442307692307692,0.0,10.442307692307692,0.0,0.0,0.0,0.0
40,2009.0,0.0,Polio,All,10.442307692307692,0.0,0.0,,2.437317686964202,0.14943961861680768,0.0,0.0,0.0,10.442307692307692,0.0,42.588,10.442307692307692,10.442307692307692,0.0,10.442307692307692,0.0,0.0,0.0,0.0
41,2009.0,0.0,Polio,All,10.442307692307692,0.0,0.0,,2.437317686964202,0.14943961861680768,0.0,0.0,0.0,10.442307692307692,0.0,42.588,10.442307692307692,10.442307692307692,0.0,10.442307692307692,0.0,0.0,0.0,0.0
42,2009.0,0.0,Polio,All,10.442307692307692,0.0,0.0,,2.437317686964202,0.14943961861680768,0.0,0.0,0.0,10.442307692307692,0.0,42.588,10.442307692307692,10.442307692307692,0.0,10.442307692307692,0.0,0.0,0.0,0.0
43,2009.0,0.0,Polio,All,10.442307692307692,0.0,0.0,,2.437317686964202,0.14943961861680768,0.0,0.0,0.0,10.442307692307692,0.0,42.588,10.442307692307692,10.442307692307692,0.0,10.442307692307692,0.0,0.0,0.0,0.0
44,2009.0,0.0,Polio,All,10.442307692307692,0.0,0.0,,2.437317686964202,0.14943961861680768,0.0,0.0,0.0,10.442307692307692,0.0,42.588,10.442307692307692,10.442307692307692,0.0,10.442307692307692,0.0,0.0,0.0,0.0
45,2009.0,0.0,Polio,All,10.442307692307692,0.0,0.0,,2.437317686964202,0.14943961861680768,0.0,0.0,0.0,10.442307692307692,0.0,42.588,10.442307692307692,10.442307692307692,0.0,10.442307692307692,0.0,0.0,0.0,0.0
46,2009.0,0.0,Polio,All,10.442307692307692,0.0,0.0,,2.437317686964202,0.14943961861680768,0.0,0.0,0.0,10.442307692307692,0.0,42.588,10.442307692307692,10.442307692307692,0.0,10.442307692307692,0.0,0.0,0.0,0.0
47,2009.0,0.0,Polio,All,10.442307692307692,0.0,0.0,,2.437317686964202,0.14943961861680768,0.0,0.0,0.0,10.442307692307692,0.0,42.588,10.442307692307692,10.442307692307692,0.0,10.442307692307692,0.0,0.0,0.0,0.0
48,2009.0,0.0,Polio,All,10.442307692307692,0.0,0.0,,2.437317686964202,0.14943961861680768,0.0,0.0,0.0,10.442307692307692,0.0,42.588,10.442307692307692,10.442307692307692,0.0,10.442307692307692,0.0,0.0,0.0,0.0
49,2009.0,0.0,Polio,All,10.442307692307692,0.0,0.0,,2.437317686964202,0.14943961861680768,0.0,0.0,0.0,10.442307692307692,0.0,42.588,10.442307692307692,10.442307692307692,0.0,10.442307692307692,0.0,0.0,0.0,0.0
50,2009.0,0.0,Polio,All,10.442307692307692,0.0,0.0,,2.437317686964202,0.14943961861680768,0.0,0.0,0.0,10.442307692307692,0.0,42.588,10.442307692307692,10.442307692307692,0.0,10.442307692307692,0.0,0.0,0.0,0.0
51,2009.0,0.0,Polio,All,10.442307692307692,0.0,0.0,,2.437317686964202,0.14943961861680768,0.0,0.0,0.0,10.442307692307692,0.0,42.588,10.442307692307692,10.442307692307692,0.0,10.442307692307692,0.0,0.0,0.0,0.0
52,2009.0,0.0,Polio,All,10.442307692307692,0.0,0.0,,2.437317686964202,0.14943961861680768,0.0,0.0,0.0,10.442307692307692,0.0,42.588,10.442307692307692,10.442307692307692,0.0,10.442307692307692,0.0,0.0,0.0,0.0
1,2010.0,0.0,Polio,All,0.9230769230769232,0.0,0.0,,0.653926467406664,-0.9744536457043501,0.0,0.0,0.0,0.9230769230769232,0.0,43.48,10.442307692307692,10.442307692307692,0.0,8.062499999999998,4.759615384615361,0.0,-0.9116022099447514,0.0
2,2010.0,0.0,Polio,All,0.9230769230769232,0.0,0.0,,0.653926467406664,-0.9744536457043501,0.0,0.0,0.0,0.9230769230769232,0.0,43.48,0.9230769230769232,5.6826923076923075,0.0,5.6826923076923075,5.495930447093532,0.0,0.0,0.0
3,2010.0,0.0,Polio,All,0.9230769230769232,0.0,0.0,,0.653926467406664,-0.9744536457043501,0.0,0.0,0.0,0.9230769230769232,0.0,43.48,0.9230769230769232,0.9230769230769232,0.0,3.3028846153846154,4.75961538461536,0.0,0.0,0.0
4,2010.0,0.0,Polio,All,0.9230769230769232,0.0,0.0,,0.653926467406664,-0.9744536457043501,0.0,0.0,0.0,0.9230769230769232,0.0,43.48,0.9230769230769232,0.9230769230769232,0.0,0.9230769230769232,0.0,0.0,0.0,0.0
5,2010.0,0.0,Polio,All,0.9230769230769232,0.0,0.0,,0.653926467406664,-0.9744536457043501,0.0,0.0,0.0,0.9230769230769232,0.0,43.48,0.9230769230769232,0.9230769230769232,0.0,0.9230769230769232,0.0,0.0,0.0,0.0
6,2010.0,0.0,Polio,All,0.9230769230769232,0.0,0.0,,0.653926467406664,-0.9744536457043501,0.0,0.0,0.0,0.9230769230769232,0.0,43.48,0.9230769230769232,0.9230769230769232,0.0,0.9230769230769232,0.0,0.0,0.0,0.0
7,2010.0,0.0,Polio,All,0.9230769230769232,0.0,0.0,,0.653926467406664,-0.9744536457043501,0.0,0.0,0.0,0.9230769230769232,0.0,43.48,0.9230769230769232,0.9230769230769232,0.0,0.9230769230769232,0.0,0.0,0.0,0.0
8,2010.0,0.0,Polio,All,0.9230769230769232,0.0,0.0,,0.653926467406664,-0.9744536457043501,0.0,0.0,0.0,0.9230769230769232,0.0,43.48,0.9230769230769232,0.9230769230769232,0.0,0.9230769230769232,0.0,0.0,0.0,0.0
9,2010.0,0.0,Polio,All,0.9230769230769232,0.0,0.0,,0.653926467406664,-0.9744536457043501,0.0,0.0,0.0,0.9230769230769232,0.0,43.48,0.9230769230769232,0.9230769230769232,0.0,0.9230769230769232,0.0,0.0,0.0,0.0
10,2010.0,0.0,Polio,All,0.9230769230769232,0.0,0.0,,0.653926467406664,-0.9744536457043501,0.0,0.0,0.0,0.9230769230769232,0.0,43.48,0.9230769230769232,0.9230769230769232,0.0,0.9230769230769232,0.0,0.0,0.0,0.0
11,2010.0,0.0,Polio,All,0.9230769230769232,0.0,0.0,,0.653926467406664,-0.9744536457043501,0.0,0.0,0.0,0.9230769230769232,0.0,43.48,0.9230769230769232,0.9230769230769232,0.0,0.9230769230769232,0.0,0.0,0.0,0.0
12,2010.0,0.0,Polio,All,0.9230769230769232,0.0,0.0,,0.653926467406664,-0.9744536457043501,0.0,0.0,0.0,0.9230769230769232,0.0,43.48,0.9230769230769232,0.9230769230769232,0.0,0.9230769230769232,0.0,0.0,0.0,0.0
13,2010.0,0.0,Polio,All,0.9230769230769232,0.0,0.0,,0.653926467406664,-0.9744536457043501,0.0,0.0,0.0,0.9230769230769232,0.0,43.48,0.9230769230769232,0.9230769230769232,0.0,0.9230769230769232,0.0,0.0,0.0,0.0
14,2010.0,0.0,Polio,All,0.9230769230769232,0.0,0.0,,0.653926467406664,-0.9744536457043501,0.0,0.0,0.0,0.9230769230769232,0.0,43.48,0.9230769230769232,0.9230769230769232,0.0,0.9230769230769232,0.0,0.0,0.0,0.0
15,2010.0,0.0,Polio,All,0.9230769230769232,0.0,0.0,,0.653926467406664,-0.9744536457043501,0.0,0.0,0.0,0.9230769230769232,0.0,43.48,0.9230769230769232,0.9230769230769232,0.0,0.9230769230769232,0.0,0.0,0.0,0.0
16,2010.0,0.0,Polio,All,0.9230769230769232,0.0,0.0,,0.653926467406664,-0.9744536457043501,0.0,0.0,0.0,0.9230769230769232,0.0,43.48,0.9230769230769232,0.9230769230769232,0.0,0.9230769230769232,0.0,0.0,0.0,0.0
17,2010.0,0.0,Polio,All,0.9230769230769232,0.0,0.0,,0.653926467406664,-0.9744536457043501,0.0,0.0,0.0,0.9230769230769232,0.0,43.48,0.9230769230769232,0.9230769230769232,0.0,0.9230769230769232,0.0,0.0,0.0,0.0
18,2010.0,0.0,Polio,All,0.9230769230769232,0.0,0.0,,0.653926467406664,-0.9744536457043501,0.0,0.0,0.0,0.9230769230769232,0.0,43.48,0.9230769230769232,0.9230769230769232,0.0,0.9230769230769232,0.0,0.0,0.0,0.0
19,2010.0,0.0,Polio,All,0.9230769230769232,0.0,0.0,,0.653926467406664,-0.9744536457043501,0.0,0.0,0.0,0.9230769230769232,0.0,43.48,0.9230769230769232,0.9230769230769232,0.0,0.9230769230769232,0.0,0.0,0.0,0.0
20,2010.0,0.0,Polio,All,0.9230769230769232,0.0,0.0,,0.653926467406664,-0.9744536457043501,0.0,0.0,0.0,0.9230769230769232,0.0,43.48,0.9230769230769232,0.9230769230769232,0.0,0.9230769230769232,0.0,0.0,0.0,0.0
21,2010.0,0.0,Polio,All,0.9230769230769232,0.0,0.0,,0.653926467406664,-0.9744536457043501,0.0,0.0,0.0,0.9230769230769232,0.0,43.48,0.9230769230769232,0.9230769230769232,0.0,0.9230769230769232,0.0,0.0,0.0,0.0
22,2010.0,0.0,Polio,All,0.9230769230769232,0.0,0.0,,0.653926467406664,-0.9744536457043501,0.0,0.0,0.0,0.9230769230769232,0.0,43.48,0.9230769230769232,0.9230769230769232,0.0,0.9230769230769232,0.0,0.0,0.0,0.0
23,2010.0,0.0,Polio,All,0.9230769230769232,0.0,0.0,,0.653926467406664,-0.9744536457043501,0.0,0.0,0.0,0.9230769230769232,0.0,43.48,0.9230769230769232,0.9230769230769232,0.0,0.9230769230769232,0.0,0.0,0.0,0.0
24,2010.0,0.0,Polio,All,0.9230769230769232,0.0,0.0,,0.653926467406664,-0.9744536457043501,0.0,0.0,0.0,0.9230769230769232,0.0,43.48,0.9230769230769232,0.9230769230769232,0.0,0.9230769230769232,0.0,0.0,0.0,0.0
25,2010.0,0.0,Polio,All,0.9230769230769232,0.0,0.0,,0.653926467406664,-0.9744536457043501,0.0,0.0,0.0,0.9230769230769232,0.0,43.48,0.9230769230769232,0.9230769230769232,0.0,0.9230769230769232,0.0,0.0,0.0,0.0
26,2010.0,0.0,Polio,All,0.9230769230769232,0.0,0.0,,0.653926467406664,-0.9744536457043501,0.0,0.0,0.0,0.9230769230769232,0.0,43.48,0.9230769230769232,0.9230769230769232,0.0,0.9230769230769232,0.0,0.0,0.0,0.0
27,2010.0,0.0,Polio,All,0.9230769230769232,0.0,0.0,,0.653926467406664,-0.9744536457043501,0.0,0.0,0.0,0.9230769230769232,0.0,43.48,0.9230769230769232,0.9230769230769232,0.0,0.9230769230769232,0.0,0.0,0.0,0.0
28,2010.0,0.0,Polio,All,0.9230769230769232,0.0,0.0,,0.653926467406664,-0.9744536457043501,0.0,0.0,0.0,0.9230769230769232,0.0,43.48,0.9230769230769232,0.9230769230769232,0.0,0.9230769230769232,0.0,0.0,0.0,0.0
29,2010.0,0.0,Polio,All,0.9230769230769232,0.0,0.0,,0.653926467406664,-0.9744536457043501,0.0,0.0,0.0,0.9230769230769232,0.0,43.48,0.9230769230769232,0.9230769230769232,0.0,0.9230769230769232,0.0,0.0,0.0,0.0
30,2010.0,0.0,Polio,All,0.9230769230769232,0.0,0.0,,0.653926467406664,-0.9744536457043501,0.0,0.0,0.0,0.9230769230769232,0.0,43.48,0.9230769230769232,0.9230769230769232,0.0,0.9230769230769232,0.0,0.0,0.0,0.0
31,2010.0,0.0,Polio,All,0.9230769230769232,0.0,0.0,,0.653926467406664,-0.9744536457043501,0.0,0.0,0.0,0.9230769230769232,0.0,43.48,0.9230769230769232,0.9230769230769232,0.0,0.9230769230769232,0.0,0.0,0.0,0.0
32,2010.0,0.0,Polio,All,0.9230769230769232,0.0,0.0,,0.653926467406664,-0.9744536457043501,0.0,0.0,0.0,0.9230769230769232,0.0,43.48,0.9230769230769232,0.9230769230769232,0.0,0.9230769230769232,0.0,0.0,0.0,0.0
33,2010.0,0.0,Polio,All,0.9230769230769232,0.0,0.0,,0.653926467406664,-0.9744536457043501,0.0,0.0,0.0,0.9230769230769232,0.0,43.48,0.9230769230769232,0.9230769230769232,0.0,0.9230769230769232,0.0,0.0,0.0,0.0
34,2010.0,0.0,Polio,All,0.9230769230769232,0.0,0.0,,0.653926467406664,-0.9744536457043501,0.0,0.0,0.0,0.9230769230769232,0.0,43.48,0.9230769230769232,0.9230769230769232,0.0,0.9230769230769232,0.0,0.0,0.0,0.0
35,2010.0,0.0,Polio,All,0.9230769230769232,0.0,0.0,,0.653926467406664,-0.9744536457043501,0.0,0.0,0.0,0.9230769230769232,0.0,43.48,0.9230769230769232,0.9230769230769232,0.0,0.9230769230769232,0.0,0.0,0.0,0.0
36,2010.0,0.0,Polio,All,0.9230769230769232,0.0,0.0,,0.653926467406664,-0.9744536457043501,0.0,0.0,0.0,0.9230769230769232,0.0,43.48,0.9230769230769232,0.9230769230769232,0.0,0.9230769230769232,0.0,0.0,0.0,0.0
37,2010.0,0.0,Polio,All,0.9230769230769232,0.0,0.0,,0.653926467406664,-0.9744536457043501,0.0,0.0,0.0,0.9230769230769232,0.0,43.48,0.9230769230769232,0.9230769230769232,0.0,0.9230769230769232,0.0,0.0,0.0,0.0
38,2010.0,0.0,Polio,All,0.9230769230769232,0.0,0.0,,0.653926467406664,-0.9744536457043501,0.0,0.0,0.0,0.9230769230769232,0.0,43.48,0.9230769230769232,0.9230769230769232,0.0,0.9230769230769232,0.0,0.0,0.0,0.0
39,2010.0,0.0,Polio,All,0.9230769230769232,0.0,0.0,,0.653926467406664,-0.9744536457043501,0.0,0.0,0.0,0.9230769230769232,0.0,43.48,0.9230769230769232,0.9230769230769232,0.0,0.9230769230769232,0.0,0.0,0.0,0.0
40,2010.0,0.0,Polio,All,0.9230769230769232,0.0,0.0,,0.653926467406664,-0.9744536457043501,0.0,0.0,0.0,0.9230769230769232,0.0,43.48,0.9230769230769232,0.9230769230769232,0.0,0.9230769230769232,0.0,0.0,0.0,0.0
41,2010.0,0.0,Polio,All,0.9230769230769232,0.0,0.0,,0.653926467406664,-0.9744536457043501,0.0,0.0,0.0,0.9230769230769232,0.0,43.48,0.9230769230769232,0.9230769230769232,0.0,0.9230769230769232,0.0,0.0,0.0,0.0
42,2010.0,0.0,Polio,All,0.9230769230769232,0.0,0.0,,0.653926467406664,-0.9744536457043501,0.0,0.0,0.0,0.9230769230769232,0.0,43.48,0.9230769230769232,0.9230769230769232,0.0,0.9230769230769232,0.0,0.0,0.0,0.0
43,2010.0,0.0,Polio,All,0.9230769230769232,0.0,0.0,,0.653926467406664,-0.9744536457043501,0.0,0.0,0.0,0.9230769230769232,0.0,43.48,0.9230769230769232,0.9230769230769232,0.0,0.9230769230769232,0.0,0.0,0.0,0.0
44,2010.0,0.0,Polio,All,0.9230769230769232,0.0,0.0,,0.653926467406664,-0.9744536457043501,0.0,0.0,0.0,0.9230769230769232,0.0,43.48,0.9230769230769232,0.9230769230769232,0.0,0.9230769230769232,0.0,0.0,0.0,0.0
45,2010.0,0.0,Polio,All,0.9230769230769232,0.0,0.0,,0.653926467406664,-0.9744536457043501,0.0,0.0,0.0,0.9230769230769232,0.0,43.48,0.9230769230769232,0.9230769230769232,0.0,0.9230769230769232,0.0,0.0,0.0,0.0
46,2010.0,0.0,Polio,All,0.9230769230769232,0.0,0.0,,0.653926467406664,-0.9744536457043501,0.0,0.0,0.0,0.9230769230769232,0.0,43.48,0.9230769230769232,0.9230769230769232,0.0,0.9230769230769232,0.0,0.0,0.0,0.0
47,2010.0,0.0,Polio,All,0.9230769230769232,0.0,0.0,,0.653926467406664,-0.9744536457043501,0.0,0.0,0.0,0.9230769230769232,0.0,43.48,0.9230769230769232,0.9230769230769232,0.0,0.9230769230769232,0.0,0.0,0.0,0.0
48,2010.0,0.0,Polio,All,0.9230769230769232,0.0,0.0,,0.653926467406664,-0.9744536457043501,0.0,0.0,0.0,0.9230769230769232,0.0,43.48,0.9230769230769232,0.9230769230769232,0.0,0.9230769230769232,0.0,0.0,0.0,0.0
49,2010.0,0.0,Polio,All,0.9230769230769232,0.0,0.0,,0.653926467406664,-0.9744536457043501,0.0,0.0,0.0,0.9230769230769232,0.0,43.48,0.9230769230769232,0.9230769230769232,0.0,0.9230769230769232,0.0,0.0,0.0,0.0
50,2010.0,0.0,Polio,All,0.9230769230769232,0.0,0.0,,0.653926467406664,-0.9744536457043501,0.0,0.0,0.0,0.9230769230769232,0.0,43.48,0.9230769230769232,0.9230769230769232,0.0,0.9230769230769232,0.0,0.0,0.0,0.0
51,2010.0,0.0,Polio,All,0.9230769230769232,0.0,0.0,,0.653926467406664,-0.9744536457043501,0.0,0.0,0.0,0.9230769230769232,0.0,43.48,0.9230769230769232,0.9230769230769232,0.0,0.9230769230769232,0.0,0.0,0.0,0.0
52,2010.0,0.0,Polio,All,0.9230769230769232,0.0,0.0,,0.653926467406664,-0.9744536457043501,0.0,0.0,0.0,0.9230769230769232,0.0,43.48,0.9230769230769232,0.9230769230769232,0.0,0.9230769230769232,0.0,0.0,0.0,0.0
1,2011.0,0.0,Polio,All,1.8461538461538465,0.0,0.0,,1.0459685551826878,-0.8654700564368439,0.0,0.0,0.0,1.8461538461538465,0.0,44.366,0.9230769230769232,0.9230769230769232,0.0,1.153846153846154,0.46153846153821054,0.0,1.0,0.0
2,2011.0,0.0,Polio,All,1.8461538461538465,0.0,0.0,,1.0459685551826878,-0.8654700564368439,0.0,0.0,0.0,1.8461538461538465,0.0,44.366,1.8461538461538465,1.3846153846153848,0.0,1.3846153846153848,0.5329387100209759,0.0,0.0,0.0
3,2011.0,0.0,Polio,All,1.8461538461538465,0.0,0.0,,1.0459685551826878,-0.8654700564368439,0.0,0.0,0.0,1.8461538461538465,0.0,44.366,1.8461538461538465,1.8461538461538465,0.0,1.6153846153846156,0.4615384615382112,0.0,0.0,0.0
4,2011.0,0.0,Polio,All,1.8461538461538465,0.0,0.0,,1.0459685551826878,-0.8654700564368439,0.0,0.0,0.0,1.8461538461538465,0.0,44.366,1.8461538461538465,1.8461538461538465,0.0,1.8461538461538465,0.0,0.0,0.0,0.0
5,2011.0,0.0,Polio,All,1.8461538461538465,0.0,0.0,,1.0459685551826878,-0.8654700564368439,0.0,0.0,0.0,1.8461538461538465,0.0,44.366,1.8461538461538465,1.8461538461538465,0.0,1.8461538461538465,0.0,0.0,0.0,0.0
6,2011.0,0.0,Polio,All,1.8461538461538465,0.0,0.0,,1.0459685551826878,-0.8654700564368439,0.0,0.0,0.0,1.8461538461538465,0.0,44.366,1.8461538461538465,1.8461538461538465,0.0,1.8461538461538465,0.0,0.0,0.0,0.0
7,2011.0,0.0,Polio,All,1.8461538461538465,0.0,0.0,,1.0459685551826878,-0.8654700564368439,0.0,0.0,0.0,1.8461538461538465,0.0,44.366,1.8461538461538465,1.8461538461538465,0.0,1.8461538461538465,0.0,0.0,0.0,0.0
8,2011.0,0.0,Polio,All,1.8461538461538465,0.0,0.0,,1.0459685551826878,-0.8654700564368439,0.0,0.0,0.0,1.8461538461538465,0.0,44.366,1.8461538461538465,1.8461538461538465,0.0,1.8461538461538465,0.0,0.0,0.0,0.0
9,2011.0,0.0,Polio,All,1.8461538461538465,0.0,0.0,,1.0459685551826878,-0.8654700564368439,0.0,0.0,0.0,1.8461538461538465,0.0,44.366,1.8461538461538465,1.8461538461538465,0.0,1.8461538461538465,0.0,0.0,0.0,0.0
10,2011.0,0.0,Polio,All,1.8461538461538465,0.0,0.0,,1.0459685551826878,-0.8654700564368439,0.0,0.0,0.0,1.8461538461538465,0.0,44.366,1.8461538461538465,1.8461538461538465,0.0,1.8461538461538465,0.0,0.0,0.0,0.0
11,2011.0,0.0,Polio,All,1.8461538461538465,0.0,0.0,,1.0459685551826878,-0.8654700564368439,0.0,0.0,0.0,1.8461538461538465,0.0,44.366,1.8461538461538465,1.8461538461538465,0.0,1.8461538461538465,0.0,0.0,0.0,0.0
12,2011.0,0.0,Polio,All,1.8461538461538465,0.0,0.0,,1.0459685551826878,-0.8654700564368439,0.0,0.0,0.0,1.8461538461538465,0.0,44.366,1.8461538461538465,1.8461538461538465,0.0,1.8461538461538465,0.0,0.0,0.0,0.0
13,2011.0,0.0,Polio,All,1.8461538461538465,0.0,0.0,,1.0459685551826878,-0.8654700564368439,0.0,0.0,0.0,1.8461538461538465,0.0,44.366,1.8461538461538465,1.8461538461538465,0.0,1.8461538461538465,0.0,0.0,0.0,0.0
14,2011.0,0.0,Polio,All,1.8461538461538465,0.0,0.0,,1.0459685551826878,-0.8654700564368439,0.0,0.0,0.0,1.8461538461538465,0.0,44.366,1.8461538461538465,1.8461538461538465,0.0,1.8461538461538465,0.0,0.0,0.0,0.0
15,2011.0,0.0,Polio,All,1.8461538461538465,0.0,0.0,,1.0459685551826878,-0.8654700564368439,0.0,0.0,0.0,1.8461538461538465,0.0,44.366,1.8461538461538465,1.8461538461538465,0.0,1.8461538461538465,0.0,0.0,0.0,0.0
16,2011.0,0.0,Polio,All,1.8461538461538465,0.0,0.0,,1.0459685551826878,-0.8654700564368439,0.0,0.0,0.0,1.8461538461538465,0.0,44.366,1.8461538461538465,1.8461538461538465,0.0,1.8461538461538465,0.0,0.0,0.0,0.0
17,2011.0,0.0,Polio,All,1.8461538461538465,0.0,0.0,,1.0459685551826878,-0.8654700564368439,0.0,0.0,0.0,1.8461538461538465,0.0,44.366,1.8461538461538465,1.8461538461538465,0.0,1.8461538461538465,0.0,0.0,0.0,0.0
18,2011.0,0.0,Polio,All,1.8461538461538465,0.0,0.0,,1.0459685551826878,-0.8654700564368439,0.0,0.0,0.0,1.8461538461538465,0.0,44.366,1.8461538461538465,1.8461538461538465,0.0,1.8461538461538465,0.0,0.0,0.0,0.0
19,2011.0,0.0,Polio,All,1.8461538461538465,0.0,0.0,,1.0459685551826878,-0.8654700564368439,0.0,0.0,0.0,1.8461538461538465,0.0,44.366,1.8461538461538465,1.8461538461538465,0.0,1.8461538461538465,0.0,0.0,0.0,0.0
20,2011.0,0.0,Polio,All,1.8461538461538465,0.0,0.0,,1.0459685551826878,-0.8654700564368439,0.0,0.0,0.0,1.8461538461538465,0.0,44.366,1.8461538461538465,1.8461538461538465,0.0,1.8461538461538465,0.0,0.0,0.0,0.0
21,2011.0,0.0,Polio,All,1.8461538461538465,0.0,0.0,,1.0459685551826878,-0.8654700564368439,0.0,0.0,0.0,1.8461538461538465,0.0,44.366,1.8461538461538465,1.8461538461538465,0.0,1.8461538461538465,0.0,0.0,0.0,0.0
22,2011.0,0.0,Polio,All,1.8461538461538465,0.0,0.0,,1.0459685551826878,-0.8654700564368439,0.0,0.0,0.0,1.8461538461538465,0.0,44.366,1.8461538461538465,1.8461538461538465,0.0,1.8461538461538465,0.0,0.0,0.0,0.0
23,2011.0,0.0,Polio,All,1.8461538461538465,0.0,0.0,,1.0459685551826878,-0.8654700564368439,0.0,0.0,0.0,1.8461538461538465,0.0,44.366,1.8461538461538465,1.8461538461538465,0.0,1.8461538461538465,0.0,0.0,0.0,0.0
24,2011.0,0.0,Polio,All,1.8461538461538465,0.0,0.0,,1.0459685551826878,-0.8654700564368439,0.0,0.0,0.0,1.8461538461538465,0.0,44.366,1.8461538461538465,1.8461538461538465,0.0,1.8461538461538465,0.0,0.0,0.0,0.0
25,2011.0,0.0,Polio,All,1.8461538461538465,0.0,0.0,,1.0459685551826878,-0.8654700564368439,0.0,0.0,0.0,1.8461538461538465,0.0,44.366,1.8461538461538465,1.8461538461538465,0.0,1.8461538461538465,0.0,0.0,0.0,0.0
26,2011.0,0.0,Polio,All,1.8461538461538465,0.0,0.0,,1.0459685551826878,-0.8654700564368439,0.0,0.0,0.0,1.8461538461538465,0.0,44.366,1.8461538461538465,1.8461538461538465,0.0,1.8461538461538465,0.0,0.0,0.0,0.0
27,2011.0,0.0,Polio,All,1.8461538461538465,0.0,0.0,,1.0459685551826878,-0.8654700564368439,0.0,0.0,0.0,1.8461538461538465,0.0,44.366,1.8461538461538465,1.8461538461538465,0.0,1.8461538461538465,0.0,0.0,0.0,0.0
28,2011.0,0.0,Polio,All,1.8461538461538465,0.0,0.0,,1.0459685551826878,-0.8654700564368439,0.0,0.0,0.0,1.8461538461538465,0.0,44.366,1.8461538461538465,1.8461538461538465,0.0,1.8461538461538465,0.0,0.0,0.0,0.0
29,2011.0,0.0,Polio,All,1.8461538461538465,0.0,0.0,,1.0459685551826878,-0.8654700564368439,0.0,0.0,0.0,1.8461538461538465,0.0,44.366,1.8461538461538465,1.8461538461538465,0.0,1.8461538461538465,0.0,0.0,0.0,0.0
30,2011.0,0.0,Polio,All,1.8461538461538465,0.0,0.0,,1.0459685551826878,-0.8654700564368439,0.0,0.0,0.0,1.8461538461538465,0.0,44.366,1.8461538461538465,1.8461538461538465,0.0,1.8461538461538465,0.0,0.0,0.0,0.0
31,2011.0,0.0,Polio,All,1.8461538461538465,0.0,0.0,,1.0459685551826878,-0.8654700564368439,0.0,0.0,0.0,1.8461538461538465,0.0,44.366,1.8461538461538465,1.8461538461538465,0.0,1.8461538461538465,0.0,0.0,0.0,0.0
32,2011.0,0.0,Polio,All,1.8461538461538465,0.0,0.0,,1.0459685551826878,-0.8654700564368439,0.0,0.0,0.0,1.8461538461538465,0.0,44.366,1.8461538461538465,1.8461538461538465,0.0,1.8461538461538465,0.0,0.0,0.0,0.0
33,2011.0,0.0,Polio,All,1.8461538461538465,0.0,0.0,,1.0459685551826878,-0.8654700564368439,0.0,0.0,0.0,1.8461538461538465,0.0,44.366,1.8461538461538465,1.8461538461538465,0.0,1.8461538461538465,0.0,0.0,0.0,0.0
34,2011.0,0.0,Polio,All,1.8461538461538465,0.0,0.0,,1.0459685551826878,-0.8654700564368439,0.0,0.0,0.0,1.8461538461538465,0.0,44.366,1.8461538461538465,1.8461538461538465,0.0,1.8461538461538465,0.0,0.0,0.0,0.0
35,2011.0,0.0,Polio,All,1.8461538461538465,0.0,0.0,,1.0459685551826878,-0.8654700564368439,0.0,0.0,0.0,1.8461538461538465,0.0,44.366,1.8461538461538465,1.8461538461538465,0.0,1.8461538461538465,0.0,0.0,0.0,0.0
36,2011.0,0.0,Polio,All,1.8461538461538465,0.0,0.0,,1.0459685551826878,-0.8654700564368439,0.0,0.0,0.0,1.8461538461538465,0.0,44.366,1.8461538461538465,1.8461538461538465,0.0,1.8461538461538465,0.0,0.0,0.0,0.0
37,2011.0,0.0,Polio,All,1.8461538461538465,0.0,0.0,,1.0459685551826878,-0.8654700564368439,0.0,0.0,0.0,1.8461538461538465,0.0,44.366,1.8461538461538465,1.8461538461538465,0.0,1.8461538461538465,0.0,0.0,0.0,0.0
38,2011.0,0.0,Polio,All,1.8461538461538465,0.0,0.0,,1.0459685551826878,-0.8654700564368439,0.0,0.0,0.0,1.8461538461538465,0.0,44.366,1.8461538461538465,1.8461538461538465,0.0,1.8461538461538465,0.0,0.0,0.0,0.0
39,2011.0,0.0,Polio,All,1.8461538461538465,0.0,0.0,,1.0459685551826878,-0.8654700564368439,0.0,0.0,0.0,1.8461538461538465,0.0,44.366,1.8461538461538465,1.8461538461538465,0.0,1.8461538461538465,0.0,0.0,0.0,0.0
40,2011.0,0.0,Polio,All,1.8461538461538465,0.0,0.0,,1.0459685551826878,-0.8654700564368439,0.0,0.0,0.0,1.8461538461538465,0.0,44.366,1.8461538461538465,1.8461538461538465,0.0,1.8461538461538465,0.0,0.0,0.0,0.0
41,2011.0,0.0,Polio,All,1.8461538461538465,0.0,0.0,,1.0459685551826878,-0.8654700564368439,0.0,0.0,0.0,1.8461538461538465,0.0,44.366,1.8461538461538465,1.8461538461538465,0.0,1.8461538461538465,0.0,0.0,0.0,0.0
42,2011.0,0.0,Polio,All,1.8461538461538465,0.0,0.0,,1.0459685551826878,-0.8654700564368439,0.0,0.0,0.0,1.8461538461538465,0.0,44.366,1.8461538461538465,1.8461538461538465,0.0,1.8461538461538465,0.0,0.0,0.0,0.0
43,2011.0,0.0,Polio,All,1.8461538461538465,0.0,0.0,,1.0459685551826878,-0.8654700564368439,0.0,0.0,0.0,1.8461538461538465,0.0,44.366,1.8461538461538465,1.8461538461538465,0.0,1.8461538461538465,0.0,0.0,0.0,0.0
44,2011.0,0.0,Polio,All,1.8461538461538465,0.0,0.0,,1.0459685551826878,-0.8654700564368439,0.0,0.0,0.0,1.8461538461538465,0.0,44.366,1.8461538461538465,1.8461538461538465,0.0,1.8461538461538465,0.0,0.0,0.0,0.0
45,2011.0,0.0,Polio,All,1.8461538461538465,0.0,0.0,,1.0459685551826878,-0.8654700564368439,0.0,0.0,0.0,1.8461538461538465,0.0,44.366,1.8461538461538465,1.8461538461538465,0.0,1.8461538461538465,0.0,0.0,0.0,0.0
46,2011.0,0.0,Polio,All,1.8461538461538465,0.0,0.0,,1.0459685551826878,-0.8654700564368439,0.0,0.0,0.0,1.8461538461538465,0.0,44.366,1.8461538461538465,1.8461538461538465,0.0,1.8461538461538465,0.0,0.0,0.0,0.0
47,2011.0,0.0,Polio,All,1.8461538461538465,0.0,0.0,,1.0459685551826878,-0.8654700564368439,0.0,0.0,0.0,1.8461538461538465,0.0,44.366,1.8461538461538465,1.8461538461538465,0.0,1.8461538461538465,0.0,0.0,0.0,0.0
48,2011.0,0.0,Polio,All,1.8461538461538465,0.0,0.0,,1.0459685551826878,-0.8654700564368439,0.0,0.0,0.0,1.8461538461538465,0.0,44.366,1.8461538461538465,1.8461538461538465,0.0,1.8461538461538465,0.0,0.0,0.0,0.0
49,2011.0,0.0,Polio,All,1.8461538461538465,0.0,0.0,,1.0459685551826878,-0.8654700564368439,0.0,0.0,0.0,1.8461538461538465,0.0,44.366,1.8461538461538465,1.8461538461538465,0.0,1.8461538461538465,0.0,0.0,0.0,0.0
50,2011.0,0.0,Polio,All,1.8461538461538465,0.0,0.0,,1.0459685551826878,-0.8654700564368439,0.0,0.0,0.0,1.8461538461538465,0.0,44.366,1.8461538461538465,1.8461538461538465,0.0,1.8461538461538465,0.0,0.0,0.0,0.0
51,2011.0,0.0,Polio,All,1.8461538461538465,0.0,0.0,,1.0459685551826878,-0.8654700564368439,0.0,0.0,0.0,1.8461538461538465,0.0,44.366,1.8461538461538465,1.8461538461538465,0.0,1.8461538461538465,0.0,0.0,0.0,0.0
52,2011.0,0.0,Polio,All,1.8461538461538465,0.0,0.0,,1.0459685551826878,-0.8654700564368439,0.0,0.0,0.0,1.8461538461538465,0.0,44.366,1.8461538461538465,1.8461538461538465,0.0,1.8461538461538465,0.0,0.0,0.0,0.0
1,2012.0,0.0,Polio,All,2.5,0.0,0.0,,1.252762968495368,-0.7882733473723603,0.0,0.0,0.0,2.5,0.0,45.246,1.8461538461538465,1.8461538461538465,0.0,2.009615384615385,0.32692307692272404,0.0,0.3541666666666664,0.0
2,2012.0,0.0,Polio,All,2.5,0.0,0.0,,1.252762968495368,-0.7882733473723603,0.0,0.0,0.0,2.5,0.0,45.246,2.5,2.1730769230769234,0.0,2.1730769230769234,0.3774982529313731,0.0,0.0,0.0
3,2012.0,0.0,Polio,All,2.5,0.0,0.0,,1.252762968495368,-0.7882733473723603,0.0,0.0,0.0,2.5,0.0,45.246,2.5,2.5,0.0,2.3365384615384617,0.32692307692272504,0.0,0.0,0.0
4,2012.0,0.0,Polio,All,2.5,0.0,0.0,,1.252762968495368,-0.7882733473723603,0.0,0.0,0.0,2.5,0.0,45.246,2.5,2.5,0.0,2.5,0.0,0.0,0.0,0.0
5,2012.0,0.0,Polio,All,2.5,0.0,0.0,,1.252762968495368,-0.7882733473723603,0.0,0.0,0.0,2.5,0.0,45.246,2.5,2.5,0.0,2.5,0.0,0.0,0.0,0.0
6,2012.0,0.0,Polio,All,2.5,0.0,0.0,,1.252762968495368,-0.7882733473723603,0.0,0.0,0.0,2.5,0.0,45.246,2.5,2.5,0.0,2.5,0.0,0.0,0.0,0.0
7,2012.0,0.0,Polio,All,2.5,0.0,0.0,,1.252762968495368,-0.7882733473723603,0.0,0.0,0.0,2.5,0.0,45.246,2.5,2.5,0.0,2.5,0.0,0.0,0.0,0.0
8,2012.0,0.0,Polio,All,2.5,0.0,0.0,,1.252762968495368,-0.7882733473723603,0.0,0.0,0.0,2.5,0.0,45.246,2.5,2.5,0.0,2.5,0.0,0.0,0.0,0.0
9,2012.0,0.0,Polio,All,2.5,0.0,0.0,,1.252762968495368,-0.7882733473723603,0.0,0.0,0.0,2.5,0.0,45.246,2.5,2.5,0.0,2.5,0.0,0.0,0.0,0.0
10,2012.0,0.0,Polio,All,2.5,0.0,0.0,,1.252762968495368,-0.7882733473723603,0.0,0.0,0.0,2.5,0.0,45.246,2.5,2.5,0.0,2.5,0.0,0.0,0.0,0.0
11,2012.0,0.0,Polio,All,2.5,0.0,0.0,,1.252762968495368,-0.7882733473723603,0.0,0.0,0.0,2.5,0.0,45.246,2.5,2.5,0.0,2.5,0.0,0.0,0.0,0.0
12,2012.0,0.0,Polio,All,2.5,0.0,0.0,,1.252762968495368,-0.7882733473723603,0.0,0.0,0.0,2.5,0.0,45.246,2.5,2.5,0.0,2.5,0.0,0.0,0.0,0.0
13,2012.0,0.0,Polio,All,2.5,0.0,0.0,,1.252762968495368,-0.7882733473723603,0.0,0.0,0.0,2.5,0.0,45.246,2.5,2.5,0.0,2.5,0.0,0.0,0.0,0.0
14,2012.0,0.0,Polio,All,2.5,0.0,0.0,,1.252762968495368,-0.7882733473723603,0.0,0.0,0.0,2.5,0.0,45.246,2.5,2.5,0.0,2.5,0.0,0.0,0.0,0.0
15,2012.0,0.0,Polio,All,2.5,0.0,0.0,,1.252762968495368,-0.7882733473723603,0.0,0.0,0.0,2.5,0.0,45.246,2.5,2.5,0.0,2.5,0.0,0.0,0.0,0.0
16,2012.0,0.0,Polio,All,2.5,0.0,0.0,,1.252762968495368,-0.7882733473723603,0.0,0.0,0.0,2.5,0.0,45.246,2.5,2.5,0.0,2.5,0.0,0.0,0.0,0.0
17,2012.0,0.0,Polio,All,2.5,0.0,0.0,,1.252762968495368,-0.7882733473723603,0.0,0.0,0.0,2.5,0.0,45.246,2.5,2.5,0.0,2.5,0.0,0.0,0.0,0.0
18,2012.0,0.0,Polio,All,2.5,0.0,0.0,,1.252762968495368,-0.7882733473723603,0.0,0.0,0.0,2.5,0.0,45.246,2.5,2.5,0.0,2.5,0.0,0.0,0.0,0.0
19,2012.0,0.0,Polio,All,2.5,0.0,0.0,,1.252762968495368,-0.7882733473723603,0.0,0.0,0.0,2.5,0.0,45.246,2.5,2.5,0.0,2.5,0.0,0.0,0.0,0.0
20,2012.0,0.0,Polio,All,2.5,0.0,0.0,,1.252762968495368,-0.7882733473723603,0.0,0.0,0.0,2.5,0.0,45.246,2.5,2.5,0.0,2.5,0.0,0.0,0.0,0.0
21,2012.0,0.0,Polio,All,2.5,0.0,0.0,,1.252762968495368,-0.7882733473723603,0.0,0.0,0.0,2.5,0.0,45.246,2.5,2.5,0.0,2.5,0.0,0.0,0.0,0.0
22,2012.0,0.0,Polio,All,2.5,0.0,0.0,,1.252762968495368,-0.7882733473723603,0.0,0.0,0.0,2.5,0.0,45.246,2.5,2.5,0.0,2.5,0.0,0.0,0.0,0.0
23,2012.0,0.0,Polio,All,2.5,0.0,0.0,,1.252762968495368,-0.7882733473723603,0.0,0.0,0.0,2.5,0.0,45.246,2.5,2.5,0.0,2.5,0.0,0.0,0.0,0.0
24,2012.0,0.0,Polio,All,2.5,0.0,0.0,,1.252762968495368,-0.7882733473723603,0.0,0.0,0.0,2.5,0.0,45.246,2.5,2.5,0.0,2.5,0.0,0.0,0.0,0.0
25,2012.0,0.0,Polio,All,2.5,0.0,0.0,,1.252762968495368,-0.7882733473723603,0.0,0.0,0.0,2.5,0.0,45.246,2.5,2.5,0.0,2.5,0.0,0.0,0.0,0.0
26,2012.0,0.0,Polio,All,2.5,0.0,0.0,,1.252762968495368,-0.7882733473723603,0.0,0.0,0.0,2.5,0.0,45.246,2.5,2.5,0.0,2.5,0.0,0.0,0.0,0.0
27,2012.0,0.0,Polio,All,2.5,0.0,0.0,,1.252762968495368,-0.7882733473723603,0.0,0.0,0.0,2.5,0.0,45.246,2.5,2.5,0.0,2.5,0.0,0.0,0.0,0.0
28,2012.0,0.0,Polio,All,2.5,0.0,0.0,,1.252762968495368,-0.7882733473723603,0.0,0.0,0.0,2.5,0.0,45.246,2.5,2.5,0.0,2.5,0.0,0.0,0.0,0.0
29,2012.0,0.0,Polio,All,2.5,0.0,0.0,,1.252762968495368,-0.7882733473723603,0.0,0.0,0.0,2.5,0.0,45.246,2.5,2.5,0.0,2.5,0.0,0.0,0.0,0.0
30,2012.0,0.0,Polio,All,2.5,0.0,0.0,,1.252762968495368,-0.7882733473723603,0.0,0.0,0.0,2.5,0.0,45.246,2.5,2.5,0.0,2.5,0.0,0.0,0.0,0.0
31,2012.0,0.0,Polio,All,2.5,0.0,0.0,,1.252762968495368,-0.7882733473723603,0.0,0.0,0.0,2.5,0.0,45.246,2.5,2.5,0.0,2.5,0.0,0.0,0.0,0.0
32,2012.0,0.0,Polio,All,2.5,0.0,0.0,,1.252762968495368,-0.7882733473723603,0.0,0.0,0.0,2.5,0.0,45.246,2.5,2.5,0.0,2.5,0.0,0.0,0.0,0.0
33,2012.0,0.0,Polio,All,2.5,0.0,0.0,,1.252762968495368,-0.7882733473723603,0.0,0.0,0.0,2.5,0.0,45.246,2.5,2.5,0.0,2.5,0.0,0.0,0.0,0.0
34,2012.0,0.0,Polio,All,2.5,0.0,0.0,,1.252762968495368,-0.7882733473723603,0.0,0.0,0.0,2.5,0.0,45.246,2.5,2.5,0.0,2.5,0.0,0.0,0.0,0.0
35,2012.0,0.0,Polio,All,2.5,0.0,0.0,,1.252762968495368,-0.7882733473723603,0.0,0.0,0.0,2.5,0.0,45.246,2.5,2.5,0.0,2.5,0.0,0.0,0.0,0.0
36,2012.0,0.0,Polio,All,2.5,0.0,0.0,,1.252762968495368,-0.7882733473723603,0.0,0.0,0.0,2.5,0.0,45.246,2.5,2.5,0.0,2.5,0.0,0.0,0.0,0.0
37,2012.0,0.0,Polio,All,2.5,0.0,0.0,,1.252762968495368,-0.7882733473723603,0.0,0.0,0.0,2.5,0.0,45.246,2.5,2.5,0.0,2.5,0.0,0.0,0.0,0.0
38,2012.0,0.0,Polio,All,2.5,0.0,0.0,,1.252762968495368,-0.7882733473723603,0.0,0.0,0.0,2.5,0.0,45.246,2.5,2.5,0.0,2.5,0.0,0.0,0.0,0.0
39,2012.0,0.0,Polio,All,2.5,0.0,0.0,,1.252762968495368,-0.7882733473723603,0.0,0.0,0.0,2.5,0.0,45.246,2.5,2.5,0.0,2.5,0.0,0.0,0.0,0.0
40,2012.0,0.0,Polio,All,2.5,0.0,0.0,,1.252762968495368,-0.7882733473723603,0.0,0.0,0.0,2.5,0.0,45.246,2.5,2.5,0.0,2.5,0.0,0.0,0.0,0.0
41,2012.0,0.0,Polio,All,2.5,0.0,0.0,,1.252762968495368,-0.7882733473723603,0.0,0.0,0.0,2.5,0.0,45.246,2.5,2.5,0.0,2.5,0.0,0.0,0.0,0.0
42,2012.0,0.0,Polio,All,2.5,0.0,0.0,,1.252762968495368,-0.7882733473723603,0.0,0.0,0.0,2.5,0.0,45.246,2.5,2.5,0.0,2.5,0.0,0.0,0.0,0.0
43,2012.0,0.0,Polio,All,2.5,0.0,0.0,,1.252762968495368,-0.7882733473723603,0.0,0.0,0.0,2.5,0.0,45.246,2.5,2.5,0.0,2.5,0.0,0.0,0.0,0.0
44,2012.0,0.0,Polio,All,2.5,0.0,0.0,,1.252762968495368,-0.7882733473723603,0.0,0.0,0.0,2.5,0.0,45.246,2.5,2.5,0.0,2.5,0.0,0.0,0.0,0.0
45,2012.0,0.0,Polio,All,2.5,0.0,0.0,,1.252762968495368,-0.7882733473723603,0.0,0.0,0.0,2.5,0.0,45.246,2.5,2.5,0.0,2.5,0.0,0.0,0.0,0.0
46,2012.0,0.0,Polio,All,2.5,0.0,0.0,,1.252762968495368,-0.7882733473723603,0.0,0.0,0.0,2.5,0.0,45.246,2.5,2.5,0.0,2.5,0.0,0.0,0.0,0.0
47,2012.0,0.0,Polio,All,2.5,0.0,0.0,,1.252762968495368,-0.7882733473723603,0.0,0.0,0.0,2.5,0.0,45.246,2.5,2.5,0.0,2.5,0.0,0.0,0.0,0.0
48,2012.0,0.0,Polio,All,2.5,0.0,0.0,,1.252762968495368,-0.7882733473723603,0.0,0.0,0.0,2.5,0.0,45.246,2.5,2.5,0.0,2.5,0.0,0.0,0.0,0.0
49,2012.0,0.0,Polio,All,2.5,0.0,0.0,,1.252762968495368,-0.7882733473723603,0.0,0.0,0.0,2.5,0.0,45.246,2.5,2.5,0.0,2.5,0.0,0.0,0.0,0.0
50,2012.0,0.0,Polio,All,2.5,0.0,0.0,,1.252762968495368,-0.7882733473723603,0.0,0.0,0.0,2.5,0.0,45.246,2.5,2.5,0.0,2.5,0.0,0.0,0.0,0.0
51,2012.0,0.0,Polio,All,2.5,0.0,0.0,,1.252762968495368,-0.7882733473723603,0.0,0.0,0.0,2.5,0.0,45.246,2.5,2.5,0.0,2.5,0.0,0.0,0.0,0.0
52,2012.0,0.0,Polio,All,2.5,0.0,0.0,,1.252762968495368,-0.7882733473723603,0.0,0.0,0.0,2.5,0.0,45.246,2.5,2.5,0.0,2.5,0.0,0.0,0.0,0.0
1,2013.0,0.0,Polio,All,1.0961538461538465,0.0,0.0,,0.7401041636477165,-0.9540192227166927,0.0,0.0,0.0,1.0961538461538465,0.0,46.118,2.5,2.5,0.0,2.1490384615384617,0.7019230769229126,0.0,-0.5615384615384614,0.0
2,2013.0,0.0,Polio,All,1.0961538461538465,0.0,0.0,,0.7401041636477165,-0.9540192227166927,0.0,0.0,0.0,1.0961538461538465,0.0,46.118,1.0961538461538465,1.7980769230769234,0.0,1.7980769230769231,0.8105109548237549,0.0,0.0,0.0
3,2013.0,0.0,Polio,All,1.0961538461538465,0.0,0.0,,0.7401041636477165,-0.9540192227166927,0.0,0.0,0.0,1.0961538461538465,0.0,46.118,1.0961538461538465,1.0961538461538465,0.0,1.447115384615385,0.7019230769229114,0.0,0.0,0.0
4,2013.0,0.0,Polio,All,1.0961538461538465,0.0,0.0,,0.7401041636477165,-0.9540192227166927,0.0,0.0,0.0,1.0961538461538465,0.0,46.118,1.0961538461538465,1.0961538461538465,0.0,1.0961538461538465,0.0,0.0,0.0,0.0
5,2013.0,0.0,Polio,All,1.0961538461538465,0.0,0.0,,0.7401041636477165,-0.9540192227166927,0.0,0.0,0.0,1.0961538461538465,0.0,46.118,1.0961538461538465,1.0961538461538465,0.0,1.0961538461538465,0.0,0.0,0.0,0.0
6,2013.0,0.0,Polio,All,1.0961538461538465,0.0,0.0,,0.7401041636477165,-0.9540192227166927,0.0,0.0,0.0,1.0961538461538465,0.0,46.118,1.0961538461538465,1.0961538461538465,0.0,1.0961538461538465,0.0,0.0,0.0,0.0
7,2013.0,0.0,Polio,All,1.0961538461538465,0.0,0.0,,0.7401041636477165,-0.9540192227166927,0.0,0.0,0.0,1.0961538461538465,0.0,46.118,1.0961538461538465,1.0961538461538465,0.0,1.0961538461538465,0.0,0.0,0.0,0.0
8,2013.0,0.0,Polio,All,1.0961538461538465,0.0,0.0,,0.7401041636477165,-0.9540192227166927,0.0,0.0,0.0,1.0961538461538465,0.0,46.118,1.0961538461538465,1.0961538461538465,0.0,1.0961538461538465,0.0,0.0,0.0,0.0
9,2013.0,0.0,Polio,All,1.0961538461538465,0.0,0.0,,0.7401041636477165,-0.9540192227166927,0.0,0.0,0.0,1.0961538461538465,0.0,46.118,1.0961538461538465,1.0961538461538465,0.0,1.0961538461538465,0.0,0.0,0.0,0.0
10,2013.0,0.0,Polio,All,1.0961538461538465,0.0,0.0,,0.7401041636477165,-0.9540192227166927,0.0,0.0,0.0,1.0961538461538465,0.0,46.118,1.0961538461538465,1.0961538461538465,0.0,1.0961538461538465,0.0,0.0,0.0,0.0
11,2013.0,0.0,Polio,All,1.0961538461538465,0.0,0.0,,0.7401041636477165,-0.9540192227166927,0.0,0.0,0.0,1.0961538461538465,0.0,46.118,1.0961538461538465,1.0961538461538465,0.0,1.0961538461538465,0.0,0.0,0.0,0.0
12,2013.0,0.0,Polio,All,1.0961538461538465,0.0,0.0,,0.7401041636477165,-0.9540192227166927,0.0,0.0,0.0,1.0961538461538465,0.0,46.118,1.0961538461538465,1.0961538461538465,0.0,1.0961538461538465,0.0,0.0,0.0,0.0
13,2013.0,0.0,Polio,All,1.0961538461538465,0.0,0.0,,0.7401041636477165,-0.9540192227166927,0.0,0.0,0.0,1.0961538461538465,0.0,46.118,1.0961538461538465,1.0961538461538465,0.0,1.0961538461538465,0.0,0.0,0.0,0.0
14,2013.0,0.0,Polio,All,1.0961538461538465,0.0,0.0,,0.7401041636477165,-0.9540192227166927,0.0,0.0,0.0,1.0961538461538465,0.0,46.118,1.0961538461538465,1.0961538461538465,0.0,1.0961538461538465,0.0,0.0,0.0,0.0
15,2013.0,0.0,Polio,All,1.0961538461538465,0.0,0.0,,0.7401041636477165,-0.9540192227166927,0.0,0.0,0.0,1.0961538461538465,0.0,46.118,1.0961538461538465,1.0961538461538465,0.0,1.0961538461538465,0.0,0.0,0.0,0.0
16,2013.0,0.0,Polio,All,1.0961538461538465,0.0,0.0,,0.7401041636477165,-0.9540192227166927,0.0,0.0,0.0,1.0961538461538465,0.0,46.118,1.0961538461538465,1.0961538461538465,0.0,1.0961538461538465,0.0,0.0,0.0,0.0
17,2013.0,0.0,Polio,All,1.0961538461538465,0.0,0.0,,0.7401041636477165,-0.9540192227166927,0.0,0.0,0.0,1.0961538461538465,0.0,46.118,1.0961538461538465,1.0961538461538465,0.0,1.0961538461538465,0.0,0.0,0.0,0.0
18,2013.0,0.0,Polio,All,1.0961538461538465,0.0,0.0,,0.7401041636477165,-0.9540192227166927,0.0,0.0,0.0,1.0961538461538465,0.0,46.118,1.0961538461538465,1.0961538461538465,0.0,1.0961538461538465,0.0,0.0,0.0,0.0
19,2013.0,0.0,Polio,All,1.0961538461538465,0.0,0.0,,0.7401041636477165,-0.9540192227166927,0.0,0.0,0.0,1.0961538461538465,0.0,46.118,1.0961538461538465,1.0961538461538465,0.0,1.0961538461538465,0.0,0.0,0.0,0.0
20,2013.0,0.0,Polio,All,1.0961538461538465,0.0,0.0,,0.7401041636477165,-0.9540192227166927,0.0,0.0,0.0,1.0961538461538465,0.0,46.118,1.0961538461538465,1.0961538461538465,0.0,1.0961538461538465,0.0,0.0,0.0,0.0
21,2013.0,0.0,Polio,All,1.0961538461538465,0.0,0.0,,0.7401041636477165,-0.9540192227166927,0.0,0.0,0.0,1.0961538461538465,0.0,46.118,1.0961538461538465,1.0961538461538465,0.0,1.0961538461538465,0.0,0.0,0.0,0.0
22,2013.0,0.0,Polio,All,1.0961538461538465,0.0,0.0,,0.7401041636477165,-0.9540192227166927,0.0,0.0,0.0,1.0961538461538465,0.0,46.118,1.0961538461538465,1.0961538461538465,0.0,1.0961538461538465,0.0,0.0,0.0,0.0
23,2013.0,0.0,Polio,All,1.0961538461538465,0.0,0.0,,0.7401041636477165,-0.9540192227166927,0.0,0.0,0.0,1.0961538461538465,0.0,46.118,1.0961538461538465,1.0961538461538465,0.0,1.0961538461538465,0.0,0.0,0.0,0.0
24,2013.0,0.0,Polio,All,1.0961538461538465,0.0,0.0,,0.7401041636477165,-0.9540192227166927,0.0,0.0,0.0,1.0961538461538465,0.0,46.118,1.0961538461538465,1.0961538461538465,0.0,1.0961538461538465,0.0,0.0,0.0,0.0
25,2013.0,0.0,Polio,All,1.0961538461538465,0.0,0.0,,0.7401041636477165,-0.9540192227166927,0.0,0.0,0.0,1.0961538461538465,0.0,46.118,1.0961538461538465,1.0961538461538465,0.0,1.0961538461538465,0.0,0.0,0.0,0.0
26,2013.0,0.0,Polio,All,1.0961538461538465,0.0,0.0,,0.7401041636477165,-0.9540192227166927,0.0,0.0,0.0,1.0961538461538465,0.0,46.118,1.0961538461538465,1.0961538461538465,0.0,1.0961538461538465,0.0,0.0,0.0,0.0
27,2013.0,0.0,Polio,All,1.0961538461538465,0.0,0.0,,0.7401041636477165,-0.9540192227166927,0.0,0.0,0.0,1.0961538461538465,0.0,46.118,1.0961538461538465,1.0961538461538465,0.0,1.0961538461538465,0.0,0.0,0.0,0.0
28,2013.0,0.0,Polio,All,1.0961538461538465,0.0,0.0,,0.7401041636477165,-0.9540192227166927,0.0,0.0,0.0,1.0961538461538465,0.0,46.118,1.0961538461538465,1.0961538461538465,0.0,1.0961538461538465,0.0,0.0,0.0,0.0
29,2013.0,0.0,Polio,All,1.0961538461538465,0.0,0.0,,0.7401041636477165,-0.9540192227166927,0.0,0.0,0.0,1.0961538461538465,0.0,46.118,1.0961538461538465,1.0961538461538465,0.0,1.0961538461538465,0.0,0.0,0.0,0.0
30,2013.0,0.0,Polio,All,1.0961538461538465,0.0,0.0,,0.7401041636477165,-0.9540192227166927,0.0,0.0,0.0,1.0961538461538465,0.0,46.118,1.0961538461538465,1.0961538461538465,0.0,1.0961538461538465,0.0,0.0,0.0,0.0
31,2013.0,0.0,Polio,All,1.0961538461538465,0.0,0.0,,0.7401041636477165,-0.9540192227166927,0.0,0.0,0.0,1.0961538461538465,0.0,46.118,1.0961538461538465,1.0961538461538465,0.0,1.0961538461538465,0.0,0.0,0.0,0.0
32,2013.0,0.0,Polio,All,1.0961538461538465,0.0,0.0,,0.7401041636477165,-0.9540192227166927,0.0,0.0,0.0,1.0961538461538465,0.0,46.118,1.0961538461538465,1.0961538461538465,0.0,1.0961538461538465,0.0,0.0,0.0,0.0
33,2013.0,0.0,Polio,All,1.0961538461538465,0.0,0.0,,0.7401041636477165,-0.9540192227166927,0.0,0.0,0.0,1.0961538461538465,0.0,46.118,1.0961538461538465,1.0961538461538465,0.0,1.0961538461538465,0.0,0.0,0.0,0.0
34,2013.0,0.0,Polio,All,1.0961538461538465,0.0,0.0,,0.7401041636477165,-0.9540192227166927,0.0,0.0,0.0,1.0961538461538465,0.0,46.118,1.0961538461538465,1.0961538461538465,0.0,1.0961538461538465,0.0,0.0,0.0,0.0
35,2013.0,0.0,Polio,All,1.0961538461538465,0.0,0.0,,0.7401041636477165,-0.9540192227166927,0.0,0.0,0.0,1.0961538461538465,0.0,46.118,1.0961538461538465,1.0961538461538465,0.0,1.0961538461538465,0.0,0.0,0.0,0.0
36,2013.0,0.0,Polio,All,1.0961538461538465,0.0,0.0,,0.7401041636477165,-0.9540192227166927,0.0,0.0,0.0,1.0961538461538465,0.0,46.118,1.0961538461538465,1.0961538461538465,0.0,1.0961538461538465,0.0,0.0,0.0,0.0
37,2013.0,0.0,Polio,All,1.0961538461538465,0.0,0.0,,0.7401041636477165,-0.9540192227166927,0.0,0.0,0.0,1.0961538461538465,0.0,46.118,1.0961538461538465,1.0961538461538465,0.0,1.0961538461538465,0.0,0.0,0.0,0.0
38,2013.0,0.0,Polio,All,1.0961538461538465,0.0,0.0,,0.7401041636477165,-0.9540192227166927,0.0,0.0,0.0,1.0961538461538465,0.0,46.118,1.0961538461538465,1.0961538461538465,0.0,1.0961538461538465,0.0,0.0,0.0,0.0
39,2013.0,0.0,Polio,All,1.0961538461538465,0.0,0.0,,0.7401041636477165,-0.9540192227166927,0.0,0.0,0.0,1.0961538461538465,0.0,46.118,1.0961538461538465,1.0961538461538465,0.0,1.0961538461538465,0.0,0.0,0.0,0.0
40,2013.0,0.0,Polio,All,1.0961538461538465,0.0,0.0,,0.7401041636477165,-0.9540192227166927,0.0,0.0,0.0,1.0961538461538465,0.0,46.118,1.0961538461538465,1.0961538461538465,0.0,1.0961538461538465,0.0,0.0,0.0,0.0
41,2013.0,0.0,Polio,All,1.0961538461538465,0.0,0.0,,0.7401041636477165,-0.9540192227166927,0.0,0.0,0.0,1.0961538461538465,0.0,46.118,1.0961538461538465,1.0961538461538465,0.0,1.0961538461538465,0.0,0.0,0.0,0.0
42,2013.0,0.0,Polio,All,1.0961538461538465,0.0,0.0,,0.7401041636477165,-0.9540192227166927,0.0,0.0,0.0,1.0961538461538465,0.0,46.118,1.0961538461538465,1.0961538461538465,0.0,1.0961538461538465,0.0,0.0,0.0,0.0
43,2013.0,0.0,Polio,All,1.0961538461538465,0.0,0.0,,0.7401041636477165,-0.9540192227166927,0.0,0.0,0.0,1.0961538461538465,0.0,46.118,1.0961538461538465,1.0961538461538465,0.0,1.0961538461538465,0.0,0.0,0.0,0.0
44,2013.0,0.0,Polio,All,1.0961538461538465,0.0,0.0,,0.7401041636477165,-0.9540192227166927,0.0,0.0,0.0,1.0961538461538465,0.0,46.118,1.0961538461538465,1.0961538461538465,0.0,1.0961538461538465,0.0,0.0,0.0,0.0
45,2013.0,0.0,Polio,All,1.0961538461538465,0.0,0.0,,0.7401041636477165,-0.9540192227166927,0.0,0.0,0.0,1.0961538461538465,0.0,46.118,1.0961538461538465,1.0961538461538465,0.0,1.0961538461538465,0.0,0.0,0.0,0.0
46,2013.0,0.0,Polio,All,1.0961538461538465,0.0,0.0,,0.7401041636477165,-0.9540192227166927,0.0,0.0,0.0,1.0961538461538465,0.0,46.118,1.0961538461538465,1.0961538461538465,0.0,1.0961538461538465,0.0,0.0,0.0,0.0
47,2013.0,0.0,Polio,All,1.0961538461538465,0.0,0.0,,0.7401041636477165,-0.9540192227166927,0.0,0.0,0.0,1.0961538461538465,0.0,46.118,1.0961538461538465,1.0961538461538465,0.0,1.0961538461538465,0.0,0.0,0.0,0.0
48,2013.0,0.0,Polio,All,1.0961538461538465,0.0,0.0,,0.7401041636477165,-0.9540192227166927,0.0,0.0,0.0,1.0961538461538465,0.0,46.118,1.0961538461538465,1.0961538461538465,0.0,1.0961538461538465,0.0,0.0,0.0,0.0
49,2013.0,0.0,Polio,All,1.0961538461538465,0.0,0.0,,0.7401041636477165,-0.9540192227166927,0.0,0.0,0.0,1.0961538461538465,0.0,46.118,1.0961538461538465,1.0961538461538465,0.0,1.0961538461538465,0.0,0.0,0.0,0.0
50,2013.0,0.0,Polio,All,1.0961538461538465,0.0,0.0,,0.7401041636477165,-0.9540192227166927,0.0,0.0,0.0,1.0961538461538465,0.0,46.118,1.0961538461538465,1.0961538461538465,0.0,1.0961538461538465,0.0,0.0,0.0,0.0
51,2013.0,0.0,Polio,All,1.0961538461538465,0.0,0.0,,0.7401041636477165,-0.9540192227166927,0.0,0.0,0.0,1.0961538461538465,0.0,46.118,1.0961538461538465,1.0961538461538465,0.0,1.0961538461538465,0.0,0.0,0.0,0.0
52,2013.0,0.0,Polio,All,1.0961538461538465,0.0,0.0,,0.7401041636477165,-0.9540192227166927,0.0,0.0,0.0,1.0961538461538465,0.0,46.118,1.0961538461538465,1.0961538461538465,0.0,1.0961538461538465,0.0,0.0,0.0,0.0
1,2014.0,0.0,Polio,All,0.6923076923076923,0.0,0.0,,0.5260930958967791,-1.0016995430212268,0.0,0.0,0.0,0.6923076923076923,0.0,46.982,1.0961538461538465,1.0961538461538465,0.0,0.9951923076923079,0.20192307692250042,0.0,-0.36842105263157915,0.0
2,2014.0,0.0,Polio,All,0.6923076923076923,0.0,0.0,,0.5260930958967791,-1.0016995430212268,0.0,0.0,0.0,0.6923076923076923,0.0,46.982,0.6923076923076923,0.8942307692307694,0.0,0.8942307692307694,0.23316068563377235,0.0,0.0,0.0
3,2014.0,0.0,Polio,All,0.6923076923076923,0.0,0.0,,0.5260930958967791,-1.0016995430212268,0.0,0.0,0.0,0.6923076923076923,0.0,46.982,0.6923076923076923,0.6923076923076923,0.0,0.7932692307692308,0.20192307692249956,0.0,0.0,0.0
4,2014.0,0.0,Polio,All,0.6923076923076923,0.0,0.0,,0.5260930958967791,-1.0016995430212268,0.0,0.0,0.0,0.6923076923076923,0.0,46.982,0.6923076923076923,0.6923076923076923,0.0,0.6923076923076923,0.0,0.0,0.0,0.0
5,2014.0,0.0,Polio,All,0.6923076923076923,0.0,0.0,,0.5260930958967791,-1.0016995430212268,0.0,0.0,0.0,0.6923076923076923,0.0,46.982,0.6923076923076923,0.6923076923076923,0.0,0.6923076923076923,0.0,0.0,0.0,0.0
6,2014.0,0.0,Polio,All,0.6923076923076923,0.0,0.0,,0.5260930958967791,-1.0016995430212268,0.0,0.0,0.0,0.6923076923076923,0.0,46.982,0.6923076923076923,0.6923076923076923,0.0,0.6923076923076923,0.0,0.0,0.0,0.0
7,2014.0,0.0,Polio,All,0.6923076923076923,0.0,0.0,,0.5260930958967791,-1.0016995430212268,0.0,0.0,0.0,0.6923076923076923,0.0,46.982,0.6923076923076923,0.6923076923076923,0.0,0.6923076923076923,0.0,0.0,0.0,0.0
8,2014.0,0.0,Polio,All,0.6923076923076923,0.0,0.0,,0.5260930958967791,-1.0016995430212268,0.0,0.0,0.0,0.6923076923076923,0.0,46.982,0.6923076923076923,0.6923076923076923,0.0,0.6923076923076923,0.0,0.0,0.0,0.0
9,2014.0,0.0,Polio,All,0.6923076923076923,0.0,0.0,,0.5260930958967791,-1.0016995430212268,0.0,0.0,0.0,0.6923076923076923,0.0,46.982,0.6923076923076923,0.6923076923076923,0.0,0.6923076923076923,0.0,0.0,0.0,0.0
10,2014.0,0.0,Polio,All,0.6923076923076923,0.0,0.0,,0.5260930958967791,-1.0016995430212268,0.0,0.0,0.0,0.6923076923076923,0.0,46.982,0.6923076923076923,0.6923076923076923,0.0,0.6923076923076923,0.0,0.0,0.0,0.0
11,2014.0,0.0,Polio,All,0.6923076923076923,0.0,0.0,,0.5260930958967791,-1.0016995430212268,0.0,0.0,0.0,0.6923076923076923,0.0,46.982,0.6923076923076923,0.6923076923076923,0.0,0.6923076923076923,0.0,0.0,0.0,0.0
12,2014.0,0.0,Polio,All,0.6923076923076923,0.0,0.0,,0.5260930958967791,-1.0016995430212268,0.0,0.0,0.0,0.6923076923076923,0.0,46.982,0.6923076923076923,0.6923076923076923,0.0,0.6923076923076923,0.0,0.0,0.0,0.0
13,2014.0,0.0,Polio,All,0.6923076923076923,0.0,0.0,,0.5260930958967791,-1.0016995430212268,0.0,0.0,0.0,0.6923076923076923,0.0,46.982,0.6923076923076923,0.6923076923076923,0.0,0.6923076923076923,0.0,0.0,0.0,0.0
14,2014.0,0.0,Polio,All,0.6923076923076923,0.0,0.0,,0.5260930958967791,-1.0016995430212268,0.0,0.0,0.0,0.6923076923076923,0.0,46.982,0.6923076923076923,0.6923076923076923,0.0,0.6923076923076923,0.0,0.0,0.0,0.0
15,2014.0,0.0,Polio,All,0.6923076923076923,0.0,0.0,,0.5260930958967791,-1.0016995430212268,0.0,0.0,0.0,0.6923076923076923,0.0,46.982,0.6923076923076923,0.6923076923076923,0.0,0.6923076923076923,0.0,0.0,0.0,0.0
16,2014.0,0.0,Polio,All,0.6923076923076923,0.0,0.0,,0.5260930958967791,-1.0016995430212268,0.0,0.0,0.0,0.6923076923076923,0.0,46.982,0.6923076923076923,0.6923076923076923,0.0,0.6923076923076923,0.0,0.0,0.0,0.0
17,2014.0,0.0,Polio,All,0.6923076923076923,0.0,0.0,,0.5260930958967791,-1.0016995430212268,0.0,0.0,0.0,0.6923076923076923,0.0,46.982,0.6923076923076923,0.6923076923076923,0.0,0.6923076923076923,0.0,0.0,0.0,0.0
18,2014.0,0.0,Polio,All,0.6923076923076923,0.0,0.0,,0.5260930958967791,-1.0016995430212268,0.0,0.0,0.0,0.6923076923076923,0.0,46.982,0.6923076923076923,0.6923076923076923,0.0,0.6923076923076923,0.0,0.0,0.0,0.0
19,2014.0,0.0,Polio,All,0.6923076923076923,0.0,0.0,,0.5260930958967791,-1.0016995430212268,0.0,0.0,0.0,0.6923076923076923,0.0,46.982,0.6923076923076923,0.6923076923076923,0.0,0.6923076923076923,0.0,0.0,0.0,0.0
20,2014.0,0.0,Polio,All,0.6923076923076923,0.0,0.0,,0.5260930958967791,-1.0016995430212268,0.0,0.0,0.0,0.6923076923076923,0.0,46.982,0.6923076923076923,0.6923076923076923,0.0,0.6923076923076923,0.0,0.0,0.0,0.0
21,2014.0,0.0,Polio,All,0.6923076923076923,0.0,0.0,,0.5260930958967791,-1.0016995430212268,0.0,0.0,0.0,0.6923076923076923,0.0,46.982,0.6923076923076923,0.6923076923076923,0.0,0.6923076923076923,0.0,0.0,0.0,0.0
22,2014.0,0.0,Polio,All,0.6923076923076923,0.0,0.0,,0.5260930958967791,-1.0016995430212268,0.0,0.0,0.0,0.6923076923076923,0.0,46.982,0.6923076923076923,0.6923076923076923,0.0,0.6923076923076923,0.0,0.0,0.0,0.0
23,2014.0,0.0,Polio,All,0.6923076923076923,0.0,0.0,,0.5260930958967791,-1.0016995430212268,0.0,0.0,0.0,0.6923076923076923,0.0,46.982,0.6923076923076923,0.6923076923076923,0.0,0.6923076923076923,0.0,0.0,0.0,0.0
24,2014.0,0.0,Polio,All,0.6923076923076923,0.0,0.0,,0.5260930958967791,-1.0016995430212268,0.0,0.0,0.0,0.6923076923076923,0.0,46.982,0.6923076923076923,0.6923076923076923,0.0,0.6923076923076923,0.0,0.0,0.0,0.0
25,2014.0,0.0,Polio,All,0.6923076923076923,0.0,0.0,,0.5260930958967791,-1.0016995430212268,0.0,0.0,0.0,0.6923076923076923,0.0,46.982,0.6923076923076923,0.6923076923076923,0.0,0.6923076923076923,0.0,0.0,0.0,0.0
26,2014.0,0.0,Polio,All,0.6923076923076923,0.0,0.0,,0.5260930958967791,-1.0016995430212268,0.0,0.0,0.0,0.6923076923076923,0.0,46.982,0.6923076923076923,0.6923076923076923,0.0,0.6923076923076923,0.0,0.0,0.0,0.0
27,2014.0,0.0,Polio,All,0.6923076923076923,0.0,0.0,,0.5260930958967791,-1.0016995430212268,0.0,0.0,0.0,0.6923076923076923,0.0,46.982,0.6923076923076923,0.6923076923076923,0.0,0.6923076923076923,0.0,0.0,0.0,0.0
28,2014.0,0.0,Polio,All,0.6923076923076923,0.0,0.0,,0.5260930958967791,-1.0016995430212268,0.0,0.0,0.0,0.6923076923076923,0.0,46.982,0.6923076923076923,0.6923076923076923,0.0,0.6923076923076923,0.0,0.0,0.0,0.0
29,2014.0,0.0,Polio,All,0.6923076923076923,0.0,0.0,,0.5260930958967791,-1.0016995430212268,0.0,0.0,0.0,0.6923076923076923,0.0,46.982,0.6923076923076923,0.6923076923076923,0.0,0.6923076923076923,0.0,0.0,0.0,0.0
30,2014.0,0.0,Polio,All,0.6923076923076923,0.0,0.0,,0.5260930958967791,-1.0016995430212268,0.0,0.0,0.0,0.6923076923076923,0.0,46.982,0.6923076923076923,0.6923076923076923,0.0,0.6923076923076923,0.0,0.0,0.0,0.0
31,2014.0,0.0,Polio,All,0.6923076923076923,0.0,0.0,,0.5260930958967791,-1.0016995430212268,0.0,0.0,0.0,0.6923076923076923,0.0,46.982,0.6923076923076923,0.6923076923076923,0.0,0.6923076923076923,0.0,0.0,0.0,0.0
32,2014.0,0.0,Polio,All,0.6923076923076923,0.0,0.0,,0.5260930958967791,-1.0016995430212268,0.0,0.0,0.0,0.6923076923076923,0.0,46.982,0.6923076923076923,0.6923076923076923,0.0,0.6923076923076923,0.0,0.0,0.0,0.0
33,2014.0,0.0,Polio,All,0.6923076923076923,0.0,0.0,,0.5260930958967791,-1.0016995430212268,0.0,0.0,0.0,0.6923076923076923,0.0,46.982,0.6923076923076923,0.6923076923076923,0.0,0.6923076923076923,0.0,0.0,0.0,0.0
34,2014.0,0.0,Polio,All,0.6923076923076923,0.0,0.0,,0.5260930958967791,-1.0016995430212268,0.0,0.0,0.0,0.6923076923076923,0.0,46.982,0.6923076923076923,0.6923076923076923,0.0,0.6923076923076923,0.0,0.0,0.0,0.0
35,2014.0,0.0,Polio,All,0.6923076923076923,0.0,0.0,,0.5260930958967791,-1.0016995430212268,0.0,0.0,0.0,0.6923076923076923,0.0,46.982,0.6923076923076923,0.6923076923076923,0.0,0.6923076923076923,0.0,0.0,0.0,0.0
36,2014.0,0.0,Polio,All,0.6923076923076923,0.0,0.0,,0.5260930958967791,-1.0016995430212268,0.0,0.0,0.0,0.6923076923076923,0.0,46.982,0.6923076923076923,0.6923076923076923,0.0,0.6923076923076923,0.0,0.0,0.0,0.0
37,2014.0,0.0,Polio,All,0.6923076923076923,0.0,0.0,,0.5260930958967791,-1.0016995430212268,0.0,0.0,0.0,0.6923076923076923,0.0,46.982,0.6923076923076923,0.6923076923076923,0.0,0.6923076923076923,0.0,0.0,0.0,0.0
38,2014.0,0.0,Polio,All,0.6923076923076923,0.0,0.0,,0.5260930958967791,-1.0016995430212268,0.0,0.0,0.0,0.6923076923076923,0.0,46.982,0.6923076923076923,0.6923076923076923,0.0,0.6923076923076923,0.0,0.0,0.0,0.0
39,2014.0,0.0,Polio,All,0.6923076923076923,0.0,0.0,,0.5260930958967791,-1.0016995430212268,0.0,0.0,0.0,0.6923076923076923,0.0,46.982,0.6923076923076923,0.6923076923076923,0.0,0.6923076923076923,0.0,0.0,0.0,0.0
40,2014.0,0.0,Polio,All,0.6923076923076923,0.0,0.0,,0.5260930958967791,-1.0016995430212268,0.0,0.0,0.0,0.6923076923076923,0.0,46.982,0.6923076923076923,0.6923076923076923,0.0,0.6923076923076923,0.0,0.0,0.0,0.0
41,2014.0,0.0,Polio,All,0.6923076923076923,0.0,0.0,,0.5260930958967791,-1.0016995430212268,0.0,0.0,0.0,0.6923076923076923,0.0,46.982,0.6923076923076923,0.6923076923076923,0.0,0.6923076923076923,0.0,0.0,0.0,0.0
42,2014.0,0.0,Polio,All,0.6923076923076923,0.0,0.0,,0.5260930958967791,-1.0016995430212268,0.0,0.0,0.0,0.6923076923076923,0.0,46.982,0.6923076923076923,0.6923076923076923,0.0,0.6923076923076923,0.0,0.0,0.0,0.0
43,2014.0,0.0,Polio,All,0.6923076923076923,0.0,0.0,,0.5260930958967791,-1.0016995430212268,0.0,0.0,0.0,0.6923076923076923,0.0,46.982,0.6923076923076923,0.6923076923076923,0.0,0.6923076923076923,0.0,0.0,0.0,0.0
44,2014.0,0.0,Polio,All,0.6923076923076923,0.0,0.0,,0.5260930958967791,-1.0016995430212268,0.0,0.0,0.0,0.6923076923076923,0.0,46.982,0.6923076923076923,0.6923076923076923,0.0,0.6923076923076923,0.0,0.0,0.0,0.0
45,2014.0,0.0,Polio,All,0.6923076923076923,0.0,0.0,,0.5260930958967791,-1.0016995430212268,0.0,0.0,0.0,0.6923076923076923,0.0,46.982,0.6923076923076923,0.6923076923076923,0.0,0.6923076923076923,0.0,0.0,0.0,0.0
46,2014.0,0.0,Polio,All,0.6923076923076923,0.0,0.0,,0.5260930958967791,-1.0016995430212268,0.0,0.0,0.0,0.6923076923076923,0.0,46.982,0.6923076923076923,0.6923076923076923,0.0,0.6923076923076923,0.0,0.0,0.0,0.0
47,2014.0,0.0,Polio,All,0.6923076923076923,0.0,0.0,,0.5260930958967791,-1.0016995430212268,0.0,0.0,0.0,0.6923076923076923,0.0,46.982,0.6923076923076923,0.6923076923076923,0.0,0.6923076923076923,0.0,0.0,0.0,0.0
48,2014.0,0.0,Polio,All,0.6923076923076923,0.0,0.0,,0.5260930958967791,-1.0016995430212268,0.0,0.0,0.0,0.6923076923076923,0.0,46.982,0.6923076923076923,0.6923076923076923,0.0,0.6923076923076923,0.0,0.0,0.0,0.0
49,2014.0,0.0,Polio,All,0.6923076923076923,0.0,0.0,,0.5260930958967791,-1.0016995430212268,0.0,0.0,0.0,0.6923076923076923,0.0,46.982,0.6923076923076923,0.6923076923076923,0.0,0.6923076923076923,0.0,0.0,0.0,0.0
50,2014.0,0.0,Polio,All,0.6923076923076923,0.0,0.0,,0.5260930958967791,-1.0016995430212268,0.0,0.0,0.0,0.6923076923076923,0.0,46.982,0.6923076923076923,0.6923076923076923,0.0,0.6923076923076923,0.0,0.0,0.0,0.0
51,2014.0,0.0,Polio,All,0.6923076923076923,0.0,0.0,,0.5260930958967791,-1.0016995430212268,0.0,0.0,0.0,0.6923076923076923,0.0,46.982,0.6923076923076923,0.6923076923076923,0.0,0.6923076923076923,0.0,0.0,0.0,0.0
52,2014.0,0.0,Polio,All,0.6923076923076923,0.0,0.0,,0.5260930958967791,-1.0016995430212268,0.0,0.0,0.0,0.6923076923076923,0.0,46.982,0.6923076923076923,0.6923076923076923,0.0,0.6923076923076923,0.0,0.0,0.0,0.0
1,2015.0,0.0,Polio,All,0.0192307692307692,0.0,0.0,,0.01904819497069445,-1.0811667435287833,0.0,0.0,0.0,0.0192307692307692,0.0,47.838,0.6923076923076923,0.6923076923076923,0.0,0.5240384615384615,0.3365384615381143,0.0,-0.9722222222222223,0.0
2,2015.0,0.0,Polio,All,0.0192307692307692,0.0,0.0,,0.01904819497069445,-1.0811667435287833,0.0,0.0,0.0,0.0192307692307692,0.0,47.838,0.0192307692307692,0.3557692307692307,0.0,0.3557692307692307,0.38860114272348545,0.0,0.0,0.0
3,2015.0,0.0,Polio,All,0.0192307692307692,0.0,0.0,,0.01904819497069445,-1.0811667435287833,0.0,0.0,0.0,0.0192307692307692,0.0,47.838,0.0192307692307692,0.0192307692307692,0.0,0.18749999999999997,0.3365384615381133,0.0,0.0,0.0
4,2015.0,0.0,Polio,All,0.0192307692307692,0.0,0.0,,0.01904819497069445,-1.0811667435287833,0.0,0.0,0.0,0.0192307692307692,0.0,47.838,0.0192307692307692,0.0192307692307692,0.0,0.0192307692307692,0.0,0.0,0.0,0.0
5,2015.0,0.0,Polio,All,0.0192307692307692,0.0,0.0,,0.01904819497069445,-1.0811667435287833,0.0,0.0,0.0,0.0192307692307692,0.0,47.838,0.0192307692307692,0.0192307692307692,0.0,0.0192307692307692,0.0,0.0,0.0,0.0
6,2015.0,0.0,Polio,All,0.0192307692307692,0.0,0.0,,0.01904819497069445,-1.0811667435287833,0.0,0.0,0.0,0.0192307692307692,0.0,47.838,0.0192307692307692,0.0192307692307692,0.0,0.0192307692307692,0.0,0.0,0.0,0.0
7,2015.0,0.0,Polio,All,0.0192307692307692,0.0,0.0,,0.01904819497069445,-1.0811667435287833,0.0,0.0,0.0,0.0192307692307692,0.0,47.838,0.0192307692307692,0.0192307692307692,0.0,0.0192307692307692,0.0,0.0,0.0,0.0
8,2015.0,0.0,Polio,All,0.0192307692307692,0.0,0.0,,0.01904819497069445,-1.0811667435287833,0.0,0.0,0.0,0.0192307692307692,0.0,47.838,0.0192307692307692,0.0192307692307692,0.0,0.0192307692307692,0.0,0.0,0.0,0.0
9,2015.0,0.0,Polio,All,0.0192307692307692,0.0,0.0,,0.01904819497069445,-1.0811667435287833,0.0,0.0,0.0,0.0192307692307692,0.0,47.838,0.0192307692307692,0.0192307692307692,0.0,0.0192307692307692,0.0,0.0,0.0,0.0
10,2015.0,0.0,Polio,All,0.0192307692307692,0.0,0.0,,0.01904819497069445,-1.0811667435287833,0.0,0.0,0.0,0.0192307692307692,0.0,47.838,0.0192307692307692,0.0192307692307692,0.0,0.0192307692307692,0.0,0.0,0.0,0.0
11,2015.0,0.0,Polio,All,0.0192307692307692,0.0,0.0,,0.01904819497069445,-1.0811667435287833,0.0,0.0,0.0,0.0192307692307692,0.0,47.838,0.0192307692307692,0.0192307692307692,0.0,0.0192307692307692,0.0,0.0,0.0,0.0
12,2015.0,0.0,Polio,All,0.0192307692307692,0.0,0.0,,0.01904819497069445,-1.0811667435287833,0.0,0.0,0.0,0.0192307692307692,0.0,47.838,0.0192307692307692,0.0192307692307692,0.0,0.0192307692307692,0.0,0.0,0.0,0.0
13,2015.0,0.0,Polio,All,0.0192307692307692,0.0,0.0,,0.01904819497069445,-1.0811667435287833,0.0,0.0,0.0,0.0192307692307692,0.0,47.838,0.0192307692307692,0.0192307692307692,0.0,0.0192307692307692,0.0,0.0,0.0,0.0
14,2015.0,0.0,Polio,All,0.0192307692307692,0.0,0.0,,0.01904819497069445,-1.0811667435287833,0.0,0.0,0.0,0.0192307692307692,0.0,47.838,0.0192307692307692,0.0192307692307692,0.0,0.0192307692307692,0.0,0.0,0.0,0.0
15,2015.0,0.0,Polio,All,0.0192307692307692,0.0,0.0,,0.01904819497069445,-1.0811667435287833,0.0,0.0,0.0,0.0192307692307692,0.0,47.838,0.0192307692307692,0.0192307692307692,0.0,0.0192307692307692,0.0,0.0,0.0,0.0
16,2015.0,0.0,Polio,All,0.0192307692307692,0.0,0.0,,0.01904819497069445,-1.0811667435287833,0.0,0.0,0.0,0.0192307692307692,0.0,47.838,0.0192307692307692,0.0192307692307692,0.0,0.0192307692307692,0.0,0.0,0.0,0.0
17,2015.0,0.0,Polio,All,0.0192307692307692,0.0,0.0,,0.01904819497069445,-1.0811667435287833,0.0,0.0,0.0,0.0192307692307692,0.0,47.838,0.0192307692307692,0.0192307692307692,0.0,0.0192307692307692,0.0,0.0,0.0,0.0
18,2015.0,0.0,Polio,All,0.0192307692307692,0.0,0.0,,0.01904819497069445,-1.0811667435287833,0.0,0.0,0.0,0.0192307692307692,0.0,47.838,0.0192307692307692,0.0192307692307692,0.0,0.0192307692307692,0.0,0.0,0.0,0.0
19,2015.0,0.0,Polio,All,0.0192307692307692,0.0,0.0,,0.01904819497069445,-1.0811667435287833,0.0,0.0,0.0,0.0192307692307692,0.0,47.838,0.0192307692307692,0.0192307692307692,0.0,0.0192307692307692,0.0,0.0,0.0,0.0
20,2015.0,0.0,Polio,All,0.0192307692307692,0.0,0.0,,0.01904819497069445,-1.0811667435287833,0.0,0.0,0.0,0.0192307692307692,0.0,47.838,0.0192307692307692,0.0192307692307692,0.0,0.0192307692307692,0.0,0.0,0.0,0.0
21,2015.0,0.0,Polio,All,0.0192307692307692,0.0,0.0,,0.01904819497069445,-1.0811667435287833,0.0,0.0,0.0,0.0192307692307692,0.0,47.838,0.0192307692307692,0.0192307692307692,0.0,0.0192307692307692,0.0,0.0,0.0,0.0
22,2015.0,0.0,Polio,All,0.0192307692307692,0.0,0.0,,0.01904819497069445,-1.0811667435287833,0.0,0.0,0.0,0.0192307692307692,0.0,47.838,0.0192307692307692,0.0192307692307692,0.0,0.0192307692307692,0.0,0.0,0.0,0.0
23,2015.0,0.0,Polio,All,0.0192307692307692,0.0,0.0,,0.01904819497069445,-1.0811667435287833,0.0,0.0,0.0,0.0192307692307692,0.0,47.838,0.0192307692307692,0.0192307692307692,0.0,0.0192307692307692,0.0,0.0,0.0,0.0
24,2015.0,0.0,Polio,All,0.0192307692307692,0.0,0.0,,0.01904819497069445,-1.0811667435287833,0.0,0.0,0.0,0.0192307692307692,0.0,47.838,0.0192307692307692,0.0192307692307692,0.0,0.0192307692307692,0.0,0.0,0.0,0.0
25,2015.0,0.0,Polio,All,0.0192307692307692,0.0,0.0,,0.01904819497069445,-1.0811667435287833,0.0,0.0,0.0,0.0192307692307692,0.0,47.838,0.0192307692307692,0.0192307692307692,0.0,0.0192307692307692,0.0,0.0,0.0,0.0
26,2015.0,0.0,Polio,All,0.0192307692307692,0.0,0.0,,0.01904819497069445,-1.0811667435287833,0.0,0.0,0.0,0.0192307692307692,0.0,47.838,0.0192307692307692,0.0192307692307692,0.0,0.0192307692307692,0.0,0.0,0.0,0.0
27,2015.0,0.0,Polio,All,0.0192307692307692,0.0,0.0,,0.01904819497069445,-1.0811667435287833,0.0,0.0,0.0,0.0192307692307692,0.0,47.838,0.0192307692307692,0.0192307692307692,0.0,0.0192307692307692,0.0,0.0,0.0,0.0
28,2015.0,0.0,Polio,All,0.0192307692307692,0.0,0.0,,0.01904819497069445,-1.0811667435287833,0.0,0.0,0.0,0.0192307692307692,0.0,47.838,0.0192307692307692,0.0192307692307692,0.0,0.0192307692307692,0.0,0.0,0.0,0.0
29,2015.0,0.0,Polio,All,0.0192307692307692,0.0,0.0,,0.01904819497069445,-1.0811667435287833,0.0,0.0,0.0,0.0192307692307692,0.0,47.838,0.0192307692307692,0.0192307692307692,0.0,0.0192307692307692,0.0,0.0,0.0,0.0
30,2015.0,0.0,Polio,All,0.0192307692307692,0.0,0.0,,0.01904819497069445,-1.0811667435287833,0.0,0.0,0.0,0.0192307692307692,0.0,47.838,0.0192307692307692,0.0192307692307692,0.0,0.0192307692307692,0.0,0.0,0.0,0.0
31,2015.0,0.0,Polio,All,0.0192307692307692,0.0,0.0,,0.01904819497069445,-1.0811667435287833,0.0,0.0,0.0,0.0192307692307692,0.0,47.838,0.0192307692307692,0.0192307692307692,0.0,0.0192307692307692,0.0,0.0,0.0,0.0
32,2015.0,0.0,Polio,All,0.0192307692307692,0.0,0.0,,0.01904819497069445,-1.0811667435287833,0.0,0.0,0.0,0.0192307692307692,0.0,47.838,0.0192307692307692,0.0192307692307692,0.0,0.0192307692307692,0.0,0.0,0.0,0.0
33,2015.0,0.0,Polio,All,0.0192307692307692,0.0,0.0,,0.01904819497069445,-1.0811667435287833,0.0,0.0,0.0,0.0192307692307692,0.0,47.838,0.0192307692307692,0.0192307692307692,0.0,0.0192307692307692,0.0,0.0,0.0,0.0
34,2015.0,0.0,Polio,All,0.0192307692307692,0.0,0.0,,0.01904819497069445,-1.0811667435287833,0.0,0.0,0.0,0.0192307692307692,0.0,47.838,0.0192307692307692,0.0192307692307692,0.0,0.0192307692307692,0.0,0.0,0.0,0.0
35,2015.0,0.0,Polio,All,0.0192307692307692,0.0,0.0,,0.01904819497069445,-1.0811667435287833,0.0,0.0,0.0,0.0192307692307692,0.0,47.838,0.0192307692307692,0.0192307692307692,0.0,0.0192307692307692,0.0,0.0,0.0,0.0
36,2015.0,0.0,Polio,All,0.0192307692307692,0.0,0.0,,0.01904819497069445,-1.0811667435287833,0.0,0.0,0.0,0.0192307692307692,0.0,47.838,0.0192307692307692,0.0192307692307692,0.0,0.0192307692307692,0.0,0.0,0.0,0.0
37,2015.0,0.0,Polio,All,0.0192307692307692,0.0,0.0,,0.01904819497069445,-1.0811667435287833,0.0,0.0,0.0,0.0192307692307692,0.0,47.838,0.0192307692307692,0.0192307692307692,0.0,0.0192307692307692,0.0,0.0,0.0,0.0
38,2015.0,0.0,Polio,All,0.0192307692307692,0.0,0.0,,0.01904819497069445,-1.0811667435287833,0.0,0.0,0.0,0.0192307692307692,0.0,47.838,0.0192307692307692,0.0192307692307692,0.0,0.0192307692307692,0.0,0.0,0.0,0.0
39,2015.0,0.0,Polio,All,0.0192307692307692,0.0,0.0,,0.01904819497069445,-1.0811667435287833,0.0,0.0,0.0,0.0192307692307692,0.0,47.838,0.0192307692307692,0.0192307692307692,0.0,0.0192307692307692,0.0,0.0,0.0,0.0
40,2015.0,0.0,Polio,All,0.0192307692307692,0.0,0.0,,0.01904819497069445,-1.0811667435287833,0.0,0.0,0.0,0.0192307692307692,0.0,47.838,0.0192307692307692,0.0192307692307692,0.0,0.0192307692307692,0.0,0.0,0.0,0.0
41,2015.0,0.0,Polio,All,0.0192307692307692,0.0,0.0,,0.01904819497069445,-1.0811667435287833,0.0,0.0,0.0,0.0192307692307692,0.0,47.838,0.0192307692307692,0.0192307692307692,0.0,0.0192307692307692,0.0,0.0,0.0,0.0
42,2015.0,0.0,Polio,All,0.0192307692307692,0.0,0.0,,0.01904819497069445,-1.0811667435287833,0.0,0.0,0.0,0.0192307692307692,0.0,47.838,0.0192307692307692,0.0192307692307692,0.0,0.0192307692307692,0.0,0.0,0.0,0.0
43,2015.0,0.0,Polio,All,0.0192307692307692,0.0,0.0,,0.01904819497069445,-1.0811667435287833,0.0,0.0,0.0,0.0192307692307692,0.0,47.838,0.0192307692307692,0.0192307692307692,0.0,0.0192307692307692,0.0,0.0,0.0,0.0
44,2015.0,0.0,Polio,All,0.0192307692307692,0.0,0.0,,0.01904819497069445,-1.0811667435287833,0.0,0.0,0.0,0.0192307692307692,0.0,47.838,0.0192307692307692,0.0192307692307692,0.0,0.0192307692307692,0.0,0.0,0.0,0.0
45,2015.0,0.0,Polio,All,0.0192307692307692,0.0,0.0,,0.01904819497069445,-1.0811667435287833,0.0,0.0,0.0,0.0192307692307692,0.0,47.838,0.0192307692307692,0.0192307692307692,0.0,0.0192307692307692,0.0,0.0,0.0,0.0
46,2015.0,0.0,Polio,All,0.0192307692307692,0.0,0.0,,0.01904819497069445,-1.0811667435287833,0.0,0.0,0.0,0.0192307692307692,0.0,47.838,0.0192307692307692,0.0192307692307692,0.0,0.0192307692307692,0.0,0.0,0.0,0.0
47,2015.0,0.0,Polio,All,0.0192307692307692,0.0,0.0,,0.01904819497069445,-1.0811667435287833,0.0,0.0,0.0,0.0192307692307692,0.0,47.838,0.0192307692307692,0.0192307692307692,0.0,0.0192307692307692,0.0,0.0,0.0,0.0
48,2015.0,0.0,Polio,All,0.0192307692307692,0.0,0.0,,0.01904819497069445,-1.0811667435287833,0.0,0.0,0.0,0.0192307692307692,0.0,47.838,0.0192307692307692,0.0192307692307692,0.0,0.0192307692307692,0.0,0.0,0.0,0.0
49,2015.0,0.0,Polio,All,0.0192307692307692,0.0,0.0,,0.01904819497069445,-1.0811667435287833,0.0,0.0,0.0,0.0192307692307692,0.0,47.838,0.0192307692307692,0.0192307692307692,0.0,0.0192307692307692,0.0,0.0,0.0,0.0
50,2015.0,0.0,Polio,All,0.0192307692307692,0.0,0.0,,0.01904819497069445,-1.0811667435287833,0.0,0.0,0.0,0.0192307692307692,0.0,47.838,0.0192307692307692,0.0192307692307692,0.0,0.0192307692307692,0.0,0.0,0.0,0.0
51,2015.0,0.0,Polio,All,0.0192307692307692,0.0,0.0,,0.01904819497069445,-1.0811667435287833,0.0,0.0,0.0,0.0192307692307692,0.0,47.838,0.0192307692307692,0.0192307692307692,0.0,0.0192307692307692,0.0,0.0,0.0,0.0
52,2015.0,0.0,Polio,All,0.0192307692307692,0.0,0.0,,0.01904819497069445,-1.0811667435287833,0.0,0.0,0.0,0.0192307692307692,0.0,47.838,0.0192307692307692,0.0192307692307692,0.0,0.0192307692307692,0.0,0.0,0.0,0.0
1,2016.0,0.0,Polio,All,0.17307692307692302,0.0,0.0,,0.15963014559188382,-1.063002811984199,0.0,0.0,0.0,0.17307692307692302,0.0,48.683,0.0192307692307692,0.0192307692307692,0.0,0.057692307692307654,0.07692307692155162,0.0,8.000000000000012,0.0
2,2016.0,0.0,Polio,All,0.17307692307692302,0.0,0.0,,0.15963014559188382,-1.063002811984199,0.0,0.0,0.0,0.17307692307692302,0.0,48.683,0.17307692307692302,0.0961538461538461,0.0,0.09615384615384612,0.08882311833554497,0.0,0.0,0.0
3,2016.0,0.0,Polio,All,0.17307692307692302,0.0,0.0,,0.15963014559188382,-1.063002811984199,0.0,0.0,0.0,0.17307692307692302,0.0,48.683,0.17307692307692302,0.17307692307692302,0.0,0.13461538461538455,0.07692307692155262,0.0,0.0,0.0
4,2016.0,0.0,Polio,All,0.17307692307692302,0.0,0.0,,0.15963014559188382,-1.063002811984199,0.0,0.0,0.0,0.17307692307692302,0.0,48.683,0.17307692307692302,0.17307692307692302,0.0,0.17307692307692302,0.0,0.0,0.0,0.0
5,2016.0,0.0,Polio,All,0.17307692307692302,0.0,0.0,,0.15963014559188382,-1.063002811984199,0.0,0.0,0.0,0.17307692307692302,0.0,48.683,0.17307692307692302,0.17307692307692302,0.0,0.17307692307692302,0.0,0.0,0.0,0.0
6,2016.0,0.0,Polio,All,0.17307692307692302,0.0,0.0,,0.15963014559188382,-1.063002811984199,0.0,0.0,0.0,0.17307692307692302,0.0,48.683,0.17307692307692302,0.17307692307692302,0.0,0.17307692307692302,0.0,0.0,0.0,0.0
7,2016.0,0.0,Polio,All,0.17307692307692302,0.0,0.0,,0.15963014559188382,-1.063002811984199,0.0,0.0,0.0,0.17307692307692302,0.0,48.683,0.17307692307692302,0.17307692307692302,0.0,0.17307692307692302,0.0,0.0,0.0,0.0
8,2016.0,0.0,Polio,All,0.17307692307692302,0.0,0.0,,0.15963014559188382,-1.063002811984199,0.0,0.0,0.0,0.17307692307692302,0.0,48.683,0.17307692307692302,0.17307692307692302,0.0,0.17307692307692302,0.0,0.0,0.0,0.0
9,2016.0,0.0,Polio,All,0.17307692307692302,0.0,0.0,,0.15963014559188382,-1.063002811984199,0.0,0.0,0.0,0.17307692307692302,0.0,48.683,0.17307692307692302,0.17307692307692302,0.0,0.17307692307692302,0.0,0.0,0.0,0.0
10,2016.0,0.0,Polio,All,0.17307692307692302,0.0,0.0,,0.15963014559188382,-1.063002811984199,0.0,0.0,0.0,0.17307692307692302,0.0,48.683,0.17307692307692302,0.17307692307692302,0.0,0.17307692307692302,0.0,0.0,0.0,0.0
11,2016.0,0.0,Polio,All,0.17307692307692302,0.0,0.0,,0.15963014559188382,-1.063002811984199,0.0,0.0,0.0,0.17307692307692302,0.0,48.683,0.17307692307692302,0.17307692307692302,0.0,0.17307692307692302,0.0,0.0,0.0,0.0
12,2016.0,0.0,Polio,All,0.17307692307692302,0.0,0.0,,0.15963014559188382,-1.063002811984199,0.0,0.0,0.0,0.17307692307692302,0.0,48.683,0.17307692307692302,0.17307692307692302,0.0,0.17307692307692302,0.0,0.0,0.0,0.0
13,2016.0,0.0,Polio,All,0.17307692307692302,0.0,0.0,,0.15963014559188382,-1.063002811984199,0.0,0.0,0.0,0.17307692307692302,0.0,48.683,0.17307692307692302,0.17307692307692302,0.0,0.17307692307692302,0.0,0.0,0.0,0.0
14,2016.0,0.0,Polio,All,0.17307692307692302,0.0,0.0,,0.15963014559188382,-1.063002811984199,0.0,0.0,0.0,0.17307692307692302,0.0,48.683,0.17307692307692302,0.17307692307692302,0.0,0.17307692307692302,0.0,0.0,0.0,0.0
15,2016.0,0.0,Polio,All,0.17307692307692302,0.0,0.0,,0.15963014559188382,-1.063002811984199,0.0,0.0,0.0,0.17307692307692302,0.0,48.683,0.17307692307692302,0.17307692307692302,0.0,0.17307692307692302,0.0,0.0,0.0,0.0
16,2016.0,0.0,Polio,All,0.17307692307692302,0.0,0.0,,0.15963014559188382,-1.063002811984199,0.0,0.0,0.0,0.17307692307692302,0.0,48.683,0.17307692307692302,0.17307692307692302,0.0,0.17307692307692302,0.0,0.0,0.0,0.0
17,2016.0,0.0,Polio,All,0.17307692307692302,0.0,0.0,,0.15963014559188382,-1.063002811984199,0.0,0.0,0.0,0.17307692307692302,0.0,48.683,0.17307692307692302,0.17307692307692302,0.0,0.17307692307692302,0.0,0.0,0.0,0.0
18,2016.0,0.0,Polio,All,0.17307692307692302,0.0,0.0,,0.15963014559188382,-1.063002811984199,0.0,0.0,0.0,0.17307692307692302,0.0,48.683,0.17307692307692302,0.17307692307692302,0.0,0.17307692307692302,0.0,0.0,0.0,0.0
19,2016.0,0.0,Polio,All,0.17307692307692302,0.0,0.0,,0.15963014559188382,-1.063002811984199,0.0,0.0,0.0,0.17307692307692302,0.0,48.683,0.17307692307692302,0.17307692307692302,0.0,0.17307692307692302,0.0,0.0,0.0,0.0
20,2016.0,0.0,Polio,All,0.17307692307692302,0.0,0.0,,0.15963014559188382,-1.063002811984199,0.0,0.0,0.0,0.17307692307692302,0.0,48.683,0.17307692307692302,0.17307692307692302,0.0,0.17307692307692302,0.0,0.0,0.0,0.0
21,2016.0,0.0,Polio,All,0.17307692307692302,0.0,0.0,,0.15963014559188382,-1.063002811984199,0.0,0.0,0.0,0.17307692307692302,0.0,48.683,0.17307692307692302,0.17307692307692302,0.0,0.17307692307692302,0.0,0.0,0.0,0.0
22,2016.0,0.0,Polio,All,0.17307692307692302,0.0,0.0,,0.15963014559188382,-1.063002811984199,0.0,0.0,0.0,0.17307692307692302,0.0,48.683,0.17307692307692302,0.17307692307692302,0.0,0.17307692307692302,0.0,0.0,0.0,0.0
23,2016.0,0.0,Polio,All,0.17307692307692302,0.0,0.0,,0.15963014559188382,-1.063002811984199,0.0,0.0,0.0,0.17307692307692302,0.0,48.683,0.17307692307692302,0.17307692307692302,0.0,0.17307692307692302,0.0,0.0,0.0,0.0
24,2016.0,0.0,Polio,All,0.17307692307692302,0.0,0.0,,0.15963014559188382,-1.063002811984199,0.0,0.0,0.0,0.17307692307692302,0.0,48.683,0.17307692307692302,0.17307692307692302,0.0,0.17307692307692302,0.0,0.0,0.0,0.0
25,2016.0,0.0,Polio,All,0.17307692307692302,0.0,0.0,,0.15963014559188382,-1.063002811984199,0.0,0.0,0.0,0.17307692307692302,0.0,48.683,0.17307692307692302,0.17307692307692302,0.0,0.17307692307692302,0.0,0.0,0.0,0.0
26,2016.0,0.0,Polio,All,0.17307692307692302,0.0,0.0,,0.15963014559188382,-1.063002811984199,0.0,0.0,0.0,0.17307692307692302,0.0,48.683,0.17307692307692302,0.17307692307692302,0.0,0.17307692307692302,0.0,0.0,0.0,0.0
27,2016.0,0.0,Polio,All,0.17307692307692302,0.0,0.0,,0.15963014559188382,-1.063002811984199,0.0,0.0,0.0,0.17307692307692302,0.0,48.683,0.17307692307692302,0.17307692307692302,0.0,0.17307692307692302,0.0,0.0,0.0,0.0
28,2016.0,0.0,Polio,All,0.17307692307692302,0.0,0.0,,0.15963014559188382,-1.063002811984199,0.0,0.0,0.0,0.17307692307692302,0.0,48.683,0.17307692307692302,0.17307692307692302,0.0,0.17307692307692302,0.0,0.0,0.0,0.0
29,2016.0,0.0,Polio,All,0.17307692307692302,0.0,0.0,,0.15963014559188382,-1.063002811984199,0.0,0.0,0.0,0.17307692307692302,0.0,48.683,0.17307692307692302,0.17307692307692302,0.0,0.17307692307692302,0.0,0.0,0.0,0.0
30,2016.0,0.0,Polio,All,0.17307692307692302,0.0,0.0,,0.15963014559188382,-1.063002811984199,0.0,0.0,0.0,0.17307692307692302,0.0,48.683,0.17307692307692302,0.17307692307692302,0.0,0.17307692307692302,0.0,0.0,0.0,0.0
31,2016.0,0.0,Polio,All,0.17307692307692302,0.0,0.0,,0.15963014559188382,-1.063002811984199,0.0,0.0,0.0,0.17307692307692302,0.0,48.683,0.17307692307692302,0.17307692307692302,0.0,0.17307692307692302,0.0,0.0,0.0,0.0
32,2016.0,0.0,Polio,All,0.17307692307692302,0.0,0.0,,0.15963014559188382,-1.063002811984199,0.0,0.0,0.0,0.17307692307692302,0.0,48.683,0.17307692307692302,0.17307692307692302,0.0,0.17307692307692302,0.0,0.0,0.0,0.0
33,2016.0,0.0,Polio,All,0.17307692307692302,0.0,0.0,,0.15963014559188382,-1.063002811984199,0.0,0.0,0.0,0.17307692307692302,0.0,48.683,0.17307692307692302,0.17307692307692302,0.0,0.17307692307692302,0.0,0.0,0.0,0.0
34,2016.0,0.0,Polio,All,0.17307692307692302,0.0,0.0,,0.15963014559188382,-1.063002811984199,0.0,0.0,0.0,0.17307692307692302,0.0,48.683,0.17307692307692302,0.17307692307692302,0.0,0.17307692307692302,0.0,0.0,0.0,0.0
35,2016.0,0.0,Polio,All,0.17307692307692302,0.0,0.0,,0.15963014559188382,-1.063002811984199,0.0,0.0,0.0,0.17307692307692302,0.0,48.683,0.17307692307692302,0.17307692307692302,0.0,0.17307692307692302,0.0,0.0,0.0,0.0
36,2016.0,0.0,Polio,All,0.17307692307692302,0.0,0.0,,0.15963014559188382,-1.063002811984199,0.0,0.0,0.0,0.17307692307692302,0.0,48.683,0.17307692307692302,0.17307692307692302,0.0,0.17307692307692302,0.0,0.0,0.0,0.0
37,2016.0,0.0,Polio,All,0.17307692307692302,0.0,0.0,,0.15963014559188382,-1.063002811984199,0.0,0.0,0.0,0.17307692307692302,0.0,48.683,0.17307692307692302,0.17307692307692302,0.0,0.17307692307692302,0.0,0.0,0.0,0.0
38,2016.0,0.0,Polio,All,0.17307692307692302,0.0,0.0,,0.15963014559188382,-1.063002811984199,0.0,0.0,0.0,0.17307692307692302,0.0,48.683,0.17307692307692302,0.17307692307692302,0.0,0.17307692307692302,0.0,0.0,0.0,0.0
39,2016.0,0.0,Polio,All,0.17307692307692302,0.0,0.0,,0.15963014559188382,-1.063002811984199,0.0,0.0,0.0,0.17307692307692302,0.0,48.683,0.17307692307692302,0.17307692307692302,0.0,0.17307692307692302,0.0,0.0,0.0,0.0
40,2016.0,0.0,Polio,All,0.17307692307692302,0.0,0.0,,0.15963014559188382,-1.063002811984199,0.0,0.0,0.0,0.17307692307692302,0.0,48.683,0.17307692307692302,0.17307692307692302,0.0,0.17307692307692302,0.0,0.0,0.0,0.0
41,2016.0,0.0,Polio,All,0.17307692307692302,0.0,0.0,,0.15963014559188382,-1.063002811984199,0.0,0.0,0.0,0.17307692307692302,0.0,48.683,0.17307692307692302,0.17307692307692302,0.0,0.17307692307692302,0.0,0.0,0.0,0.0
42,2016.0,0.0,Polio,All,0.17307692307692302,0.0,0.0,,0.15963014559188382,-1.063002811984199,0.0,0.0,0.0,0.17307692307692302,0.0,48.683,0.17307692307692302,0.17307692307692302,0.0,0.17307692307692302,0.0,0.0,0.0,0.0
43,2016.0,0.0,Polio,All,0.17307692307692302,0.0,0.0,,0.15963014559188382,-1.063002811984199,0.0,0.0,0.0,0.17307692307692302,0.0,48.683,0.17307692307692302,0.17307692307692302,0.0,0.17307692307692302,0.0,0.0,0.0,0.0
44,2016.0,0.0,Polio,All,0.17307692307692302,0.0,0.0,,0.15963014559188382,-1.063002811984199,0.0,0.0,0.0,0.17307692307692302,0.0,48.683,0.17307692307692302,0.17307692307692302,0.0,0.17307692307692302,0.0,0.0,0.0,0.0
45,2016.0,0.0,Polio,All,0.17307692307692302,0.0,0.0,,0.15963014559188382,-1.063002811984199,0.0,0.0,0.0,0.17307692307692302,0.0,48.683,0.17307692307692302,0.17307692307692302,0.0,0.17307692307692302,0.0,0.0,0.0,0.0
46,2016.0,0.0,Polio,All,0.17307692307692302,0.0,0.0,,0.15963014559188382,-1.063002811984199,0.0,0.0,0.0,0.17307692307692302,0.0,48.683,0.17307692307692302,0.17307692307692302,0.0,0.17307692307692302,0.0,0.0,0.0,0.0
47,2016.0,0.0,Polio,All,0.17307692307692302,0.0,0.0,,0.15963014559188382,-1.063002811984199,0.0,0.0,0.0,0.17307692307692302,0.0,48.683,0.17307692307692302,0.17307692307692302,0.0,0.17307692307692302,0.0,0.0,0.0,0.0
48,2016.0,0.0,Polio,All,0.17307692307692302,0.0,0.0,,0.15963014559188382,-1.063002811984199,0.0,0.0,0.0,0.17307692307692302,0.0,48.683,0.17307692307692302,0.17307692307692302,0.0,0.17307692307692302,0.0,0.0,0.0,0.0
49,2016.0,0.0,Polio,All,0.17307692307692302,0.0,0.0,,0.15963014559188382,-1.063002811984199,0.0,0.0,0.0,0.17307692307692302,0.0,48.683,0.17307692307692302,0.17307692307692302,0.0,0.17307692307692302,0.0,0.0,0.0,0.0
50,2016.0,0.0,Polio,All,0.17307692307692302,0.0,0.0,,0.15963014559188382,-1.063002811984199,0.0,0.0,0.0,0.17307692307692302,0.0,48.683,0.17307692307692302,0.17307692307692302,0.0,0.17307692307692302,0.0,0.0,0.0,0.0
51,2016.0,0.0,Polio,All,0.17307692307692302,0.0,0.0,,0.15963014559188382,-1.063002811984199,0.0,0.0,0.0,0.17307692307692302,0.0,48.683,0.17307692307692302,0.17307692307692302,0.0,0.17307692307692302,0.0,0.0,0.0,0.0
52,2016.0,0.0,Polio,All,0.17307692307692302,0.0,0.0,,0.15963014559188382,-1.063002811984199,0.0,0.0,0.0,0.17307692307692302,0.0,48.683,0.17307692307692302,0.17307692307692302,0.0,0.17307692307692302,0.0,0.0,0.0,0.0
1,2017.0,0.0,Polio,All,0.0,0.0,0.0,,0.0,-1.0834372349718564,0.0,0.0,0.0,0.0,0.0,49.519,0.17307692307692302,0.17307692307692302,0.0,0.12980769230769226,0.08653846153710654,0.0,-1.0,0.0
2,2017.0,0.0,Polio,All,0.0,0.0,0.0,,0.0,-1.0834372349718564,0.0,0.0,0.0,0.0,0.0,49.519,0.0,0.08653846153846151,0.0,0.08653846153846151,0.09992600812779978,0.0,0.0,0.0
3,2017.0,0.0,Polio,All,0.0,0.0,0.0,,0.0,-1.0834372349718564,0.0,0.0,0.0,0.0,0.0,49.519,0.0,0.0,0.0,0.043269230769230754,0.08653846153710552,0.0,0.0,0.0
4,2017.0,0.0,Polio,All,0.0,0.0,0.0,,0.0,-1.0834372349718564,0.0,0.0,0.0,0.0,0.0,49.519,0.0,0.0,0.0,0.0,0.0,0.0,0.0,0.0
5,2017.0,0.0,Polio,All,0.0,0.0,0.0,,0.0,-1.0834372349718564,0.0,0.0,0.0,0.0,0.0,49.519,0.0,0.0,0.0,0.0,0.0,0.0,0.0,0.0
6,2017.0,0.0,Polio,All,0.0,0.0,0.0,,0.0,-1.0834372349718564,0.0,0.0,0.0,0.0,0.0,49.519,0.0,0.0,0.0,0.0,0.0,0.0,0.0,0.0
7,2017.0,0.0,Polio,All,0.0,0.0,0.0,,0.0,-1.0834372349718564,0.0,0.0,0.0,0.0,0.0,49.519,0.0,0.0,0.0,0.0,0.0,0.0,0.0,0.0
8,2017.0,0.0,Polio,All,0.0,0.0,0.0,,0.0,-1.0834372349718564,0.0,0.0,0.0,0.0,0.0,49.519,0.0,0.0,0.0,0.0,0.0,0.0,0.0,0.0
9,2017.0,0.0,Polio,All,0.0,0.0,0.0,,0.0,-1.0834372349718564,0.0,0.0,0.0,0.0,0.0,49.519,0.0,0.0,0.0,0.0,0.0,0.0,0.0,0.0
10,2017.0,0.0,Polio,All,0.0,0.0,0.0,,0.0,-1.0834372349718564,0.0,0.0,0.0,0.0,0.0,49.519,0.0,0.0,0.0,0.0,0.0,0.0,0.0,0.0
11,2017.0,0.0,Polio,All,0.0,0.0,0.0,,0.0,-1.0834372349718564,0.0,0.0,0.0,0.0,0.0,49.519,0.0,0.0,0.0,0.0,0.0,0.0,0.0,0.0
12,2017.0,0.0,Polio,All,0.0,0.0,0.0,,0.0,-1.0834372349718564,0.0,0.0,0.0,0.0,0.0,49.519,0.0,0.0,0.0,0.0,0.0,0.0,0.0,0.0
13,2017.0,0.0,Polio,All,0.0,0.0,0.0,,0.0,-1.0834372349718564,0.0,0.0,0.0,0.0,0.0,49.519,0.0,0.0,0.0,0.0,0.0,0.0,0.0,0.0
14,2017.0,0.0,Polio,All,0.0,0.0,0.0,,0.0,-1.0834372349718564,0.0,0.0,0.0,0.0,0.0,49.519,0.0,0.0,0.0,0.0,0.0,0.0,0.0,0.0
15,2017.0,0.0,Polio,All,0.0,0.0,0.0,,0.0,-1.0834372349718564,0.0,0.0,0.0,0.0,0.0,49.519,0.0,0.0,0.0,0.0,0.0,0.0,0.0,0.0
16,2017.0,0.0,Polio,All,0.0,0.0,0.0,,0.0,-1.0834372349718564,0.0,0.0,0.0,0.0,0.0,49.519,0.0,0.0,0.0,0.0,0.0,0.0,0.0,0.0
17,2017.0,0.0,Polio,All,0.0,0.0,0.0,,0.0,-1.0834372349718564,0.0,0.0,0.0,0.0,0.0,49.519,0.0,0.0,0.0,0.0,0.0,0.0,0.0,0.0
18,2017.0,0.0,Polio,All,0.0,0.0,0.0,,0.0,-1.0834372349718564,0.0,0.0,0.0,0.0,0.0,49.519,0.0,0.0,0.0,0.0,0.0,0.0,0.0,0.0
19,2017.0,0.0,Polio,All,0.0,0.0,0.0,,0.0,-1.0834372349718564,0.0,0.0,0.0,0.0,0.0,49.519,0.0,0.0,0.0,0.0,0.0,0.0,0.0,0.0
20,2017.0,0.0,Polio,All,0.0,0.0,0.0,,0.0,-1.0834372349718564,0.0,0.0,0.0,0.0,0.0,49.519,0.0,0.0,0.0,0.0,0.0,0.0,0.0,0.0
21,2017.0,0.0,Polio,All,0.0,0.0,0.0,,0.0,-1.0834372349718564,0.0,0.0,0.0,0.0,0.0,49.519,0.0,0.0,0.0,0.0,0.0,0.0,0.0,0.0
22,2017.0,0.0,Polio,All,0.0,0.0,0.0,,0.0,-1.0834372349718564,0.0,0.0,0.0,0.0,0.0,49.519,0.0,0.0,0.0,0.0,0.0,0.0,0.0,0.0
23,2017.0,0.0,Polio,All,0.0,0.0,0.0,,0.0,-1.0834372349718564,0.0,0.0,0.0,0.0,0.0,49.519,0.0,0.0,0.0,0.0,0.0,0.0,0.0,0.0
24,2017.0,0.0,Polio,All,0.0,0.0,0.0,,0.0,-1.0834372349718564,0.0,0.0,0.0,0.0,0.0,49.519,0.0,0.0,0.0,0.0,0.0,0.0,0.0,0.0
25,2017.0,0.0,Polio,All,0.0,0.0,0.0,,0.0,-1.0834372349718564,0.0,0.0,0.0,0.0,0.0,49.519,0.0,0.0,0.0,0.0,0.0,0.0,0.0,0.0
26,2017.0,0.0,Polio,All,0.0,0.0,0.0,,0.0,-1.0834372349718564,0.0,0.0,0.0,0.0,0.0,49.519,0.0,0.0,0.0,0.0,0.0,0.0,0.0,0.0
27,2017.0,0.0,Polio,All,0.0,0.0,0.0,,0.0,-1.0834372349718564,0.0,0.0,0.0,0.0,0.0,49.519,0.0,0.0,0.0,0.0,0.0,0.0,0.0,0.0
28,2017.0,0.0,Polio,All,0.0,0.0,0.0,,0.0,-1.0834372349718564,0.0,0.0,0.0,0.0,0.0,49.519,0.0,0.0,0.0,0.0,0.0,0.0,0.0,0.0
29,2017.0,0.0,Polio,All,0.0,0.0,0.0,,0.0,-1.0834372349718564,0.0,0.0,0.0,0.0,0.0,49.519,0.0,0.0,0.0,0.0,0.0,0.0,0.0,0.0
30,2017.0,0.0,Polio,All,0.0,0.0,0.0,,0.0,-1.0834372349718564,0.0,0.0,0.0,0.0,0.0,49.519,0.0,0.0,0.0,0.0,0.0,0.0,0.0,0.0
31,2017.0,0.0,Polio,All,0.0,0.0,0.0,,0.0,-1.0834372349718564,0.0,0.0,0.0,0.0,0.0,49.519,0.0,0.0,0.0,0.0,0.0,0.0,0.0,0.0
32,2017.0,0.0,Polio,All,0.0,0.0,0.0,,0.0,-1.0834372349718564,0.0,0.0,0.0,0.0,0.0,49.519,0.0,0.0,0.0,0.0,0.0,0.0,0.0,0.0
33,2017.0,0.0,Polio,All,0.0,0.0,0.0,,0.0,-1.0834372349718564,0.0,0.0,0.0,0.0,0.0,49.519,0.0,0.0,0.0,0.0,0.0,0.0,0.0,0.0
34,2017.0,0.0,Polio,All,0.0,0.0,0.0,,0.0,-1.0834372349718564,0.0,0.0,0.0,0.0,0.0,49.519,0.0,0.0,0.0,0.0,0.0,0.0,0.0,0.0
35,2017.0,0.0,Polio,All,0.0,0.0,0.0,,0.0,-1.0834372349718564,0.0,0.0,0.0,0.0,0.0,49.519,0.0,0.0,0.0,0.0,0.0,0.0,0.0,0.0
36,2017.0,0.0,Polio,All,0.0,0.0,0.0,,0.0,-1.0834372349718564,0.0,0.0,0.0,0.0,0.0,49.519,0.0,0.0,0.0,0.0,0.0,0.0,0.0,0.0
37,2017.0,0.0,Polio,All,0.0,0.0,0.0,,0.0,-1.0834372349718564,0.0,0.0,0.0,0.0,0.0,49.519,0.0,0.0,0.0,0.0,0.0,0.0,0.0,0.0
38,2017.0,0.0,Polio,All,0.0,0.0,0.0,,0.0,-1.0834372349718564,0.0,0.0,0.0,0.0,0.0,49.519,0.0,0.0,0.0,0.0,0.0,0.0,0.0,0.0
39,2017.0,0.0,Polio,All,0.0,0.0,0.0,,0.0,-1.0834372349718564,0.0,0.0,0.0,0.0,0.0,49.519,0.0,0.0,0.0,0.0,0.0,0.0,0.0,0.0
40,2017.0,0.0,Polio,All,0.0,0.0,0.0,,0.0,-1.0834372349718564,0.0,0.0,0.0,0.0,0.0,49.519,0.0,0.0,0.0,0.0,0.0,0.0,0.0,0.0
41,2017.0,0.0,Polio,All,0.0,0.0,0.0,,0.0,-1.0834372349718564,0.0,0.0,0.0,0.0,0.0,49.519,0.0,0.0,0.0,0.0,0.0,0.0,0.0,0.0
42,2017.0,0.0,Polio,All,0.0,0.0,0.0,,0.0,-1.0834372349718564,0.0,0.0,0.0,0.0,0.0,49.519,0.0,0.0,0.0,0.0,0.0,0.0,0.0,0.0
43,2017.0,0.0,Polio,All,0.0,0.0,0.0,,0.0,-1.0834372349718564,0.0,0.0,0.0,0.0,0.0,49.519,0.0,0.0,0.0,0.0,0.0,0.0,0.0,0.0
44,2017.0,0.0,Polio,All,0.0,0.0,0.0,,0.0,-1.0834372349718564,0.0,0.0,0.0,0.0,0.0,49.519,0.0,0.0,0.0,0.0,0.0,0.0,0.0,0.0
45,2017.0,0.0,Polio,All,0.0,0.0,0.0,,0.0,-1.0834372349718564,0.0,0.0,0.0,0.0,0.0,49.519,0.0,0.0,0.0,0.0,0.0,0.0,0.0,0.0
46,2017.0,0.0,Polio,All,0.0,0.0,0.0,,0.0,-1.0834372349718564,0.0,0.0,0.0,0.0,0.0,49.519,0.0,0.0,0.0,0.0,0.0,0.0,0.0,0.0
47,2017.0,0.0,Polio,All,0.0,0.0,0.0,,0.0,-1.0834372349718564,0.0,0.0,0.0,0.0,0.0,49.519,0.0,0.0,0.0,0.0,0.0,0.0,0.0,0.0
48,2017.0,0.0,Polio,All,0.0,0.0,0.0,,0.0,-1.0834372349718564,0.0,0.0,0.0,0.0,0.0,49.519,0.0,0.0,0.0,0.0,0.0,0.0,0.0,0.0
49,2017.0,0.0,Polio,All,0.0,0.0,0.0,,0.0,-1.0834372349718564,0.0,0.0,0.0,0.0,0.0,49.519,0.0,0.0,0.0,0.0,0.0,0.0,0.0,0.0
50,2017.0,0.0,Polio,All,0.0,0.0,0.0,,0.0,-1.0834372349718564,0.0,0.0,0.0,0.0,0.0,49.519,0.0,0.0,0.0,0.0,0.0,0.0,0.0,0.0
51,2017.0,0.0,Polio,All,0.0,0.0,0.0,,0.0,-1.0834372349718564,0.0,0.0,0.0,0.0,0.0,49.519,0.0,0.0,0.0,0.0,0.0,0.0,0.0,0.0
52,2017.0,0.0,Polio,All,0.0,0.0,0.0,,0.0,-1.0834372349718564,0.0,0.0,0.0,0.0,0.0,49.519,0.0,0.0,0.0,0.0,0.0,0.0,0.0,0.0
1,2018.0,0.0,Polio,All,0.6538461538461539,0.0,0.0,,0.5031035776720805,-1.0062405259073728,0.0,0.0,0.0,0.6538461538461539,204938755.0,50.344,0.0,0.0,0.0,0.16346153846153846,0.3269230769227184,0.0,0.0,0.0003190446598771198
2,2018.0,0.0,Polio,All,0.6538461538461539,0.0,0.0,,0.5031035776720805,-1.0062405259073728,0.0,0.0,0.0,0.6538461538461539,204938755.0,50.344,0.6538461538461539,0.3269230769230769,0.0,0.3269230769230769,0.3774982529313683,0.0,0.0,0.0003190446598771198
3,2018.0,0.0,Polio,All,0.6538461538461539,0.0,0.0,,0.5031035776720805,-1.0062405259073728,0.0,0.0,0.0,0.6538461538461539,204938755.0,50.344,0.6538461538461539,0.6538461538461539,0.0,0.4903846153846154,0.3269230769227194,0.0,0.0,0.0003190446598771198
4,2018.0,0.0,Polio,All,0.6538461538461539,0.0,0.0,,0.5031035776720805,-1.0062405259073728,0.0,0.0,0.0,0.6538461538461539,204938755.0,50.344,0.6538461538461539,0.6538461538461539,0.0,0.6538461538461539,0.0,0.0,0.0,0.0003190446598771198
5,2018.0,0.0,Polio,All,0.6538461538461539,0.0,0.0,,0.5031035776720805,-1.0062405259073728,0.0,0.0,0.0,0.6538461538461539,204938755.0,50.344,0.6538461538461539,0.6538461538461539,0.0,0.6538461538461539,0.0,0.0,0.0,0.0003190446598771198
6,2018.0,0.0,Polio,All,0.6538461538461539,0.0,0.0,,0.5031035776720805,-1.0062405259073728,0.0,0.0,0.0,0.6538461538461539,204938755.0,50.344,0.6538461538461539,0.6538461538461539,0.0,0.6538461538461539,0.0,0.0,0.0,0.0003190446598771198
7,2018.0,0.0,Polio,All,0.6538461538461539,0.0,0.0,,0.5031035776720805,-1.0062405259073728,0.0,0.0,0.0,0.6538461538461539,204938755.0,50.344,0.6538461538461539,0.6538461538461539,0.0,0.6538461538461539,0.0,0.0,0.0,0.0003190446598771198
8,2018.0,0.0,Polio,All,0.6538461538461539,0.0,0.0,,0.5031035776720805,-1.0062405259073728,0.0,0.0,0.0,0.6538461538461539,204938755.0,50.344,0.6538461538461539,0.6538461538461539,0.0,0.6538461538461539,0.0,0.0,0.0,0.0003190446598771198
9,2018.0,0.0,Polio,All,0.6538461538461539,0.0,0.0,,0.5031035776720805,-1.0062405259073728,0.0,0.0,0.0,0.6538461538461539,204938755.0,50.344,0.6538461538461539,0.6538461538461539,0.0,0.6538461538461539,0.0,0.0,0.0,0.0003190446598771198
10,2018.0,0.0,Polio,All,0.6538461538461539,0.0,0.0,,0.5031035776720805,-1.0062405259073728,0.0,0.0,0.0,0.6538461538461539,204938755.0,50.344,0.6538461538461539,0.6538461538461539,0.0,0.6538461538461539,0.0,0.0,0.0,0.0003190446598771198
11,2018.0,0.0,Polio,All,0.6538461538461539,0.0,0.0,,0.5031035776720805,-1.0062405259073728,0.0,0.0,0.0,0.6538461538461539,204938755.0,50.344,0.6538461538461539,0.6538461538461539,0.0,0.6538461538461539,0.0,0.0,0.0,0.0003190446598771198
12,2018.0,0.0,Polio,All,0.6538461538461539,0.0,0.0,,0.5031035776720805,-1.0062405259073728,0.0,0.0,0.0,0.6538461538461539,204938755.0,50.344,0.6538461538461539,0.6538461538461539,0.0,0.6538461538461539,0.0,0.0,0.0,0.0003190446598771198
13,2018.0,0.0,Polio,All,0.6538461538461539,0.0,0.0,,0.5031035776720805,-1.0062405259073728,0.0,0.0,0.0,0.6538461538461539,204938755.0,50.344,0.6538461538461539,0.6538461538461539,0.0,0.6538461538461539,0.0,0.0,0.0,0.0003190446598771198
14,2018.0,0.0,Polio,All,0.6538461538461539,0.0,0.0,,0.5031035776720805,-1.0062405259073728,0.0,0.0,0.0,0.6538461538461539,204938755.0,50.344,0.6538461538461539,0.6538461538461539,0.0,0.6538461538461539,0.0,0.0,0.0,0.0003190446598771198
15,2018.0,0.0,Polio,All,0.6538461538461539,0.0,0.0,,0.5031035776720805,-1.0062405259073728,0.0,0.0,0.0,0.6538461538461539,204938755.0,50.344,0.6538461538461539,0.6538461538461539,0.0,0.6538461538461539,0.0,0.0,0.0,0.0003190446598771198
16,2018.0,0.0,Polio,All,0.6538461538461539,0.0,0.0,,0.5031035776720805,-1.0062405259073728,0.0,0.0,0.0,0.6538461538461539,204938755.0,50.344,0.6538461538461539,0.6538461538461539,0.0,0.6538461538461539,0.0,0.0,0.0,0.0003190446598771198
17,2018.0,0.0,Polio,All,0.6538461538461539,0.0,0.0,,0.5031035776720805,-1.0062405259073728,0.0,0.0,0.0,0.6538461538461539,204938755.0,50.344,0.6538461538461539,0.6538461538461539,0.0,0.6538461538461539,0.0,0.0,0.0,0.0003190446598771198
18,2018.0,0.0,Polio,All,0.6538461538461539,0.0,0.0,,0.5031035776720805,-1.0062405259073728,0.0,0.0,0.0,0.6538461538461539,204938755.0,50.344,0.6538461538461539,0.6538461538461539,0.0,0.6538461538461539,0.0,0.0,0.0,0.0003190446598771198
19,2018.0,0.0,Polio,All,0.6538461538461539,0.0,0.0,,0.5031035776720805,-1.0062405259073728,0.0,0.0,0.0,0.6538461538461539,204938755.0,50.344,0.6538461538461539,0.6538461538461539,0.0,0.6538461538461539,0.0,0.0,0.0,0.0003190446598771198
20,2018.0,0.0,Polio,All,0.6538461538461539,0.0,0.0,,0.5031035776720805,-1.0062405259073728,0.0,0.0,0.0,0.6538461538461539,204938755.0,50.344,0.6538461538461539,0.6538461538461539,0.0,0.6538461538461539,0.0,0.0,0.0,0.0003190446598771198
21,2018.0,0.0,Polio,All,0.6538461538461539,0.0,0.0,,0.5031035776720805,-1.0062405259073728,0.0,0.0,0.0,0.6538461538461539,204938755.0,50.344,0.6538461538461539,0.6538461538461539,0.0,0.6538461538461539,0.0,0.0,0.0,0.0003190446598771198
22,2018.0,0.0,Polio,All,0.6538461538461539,0.0,0.0,,0.5031035776720805,-1.0062405259073728,0.0,0.0,0.0,0.6538461538461539,204938755.0,50.344,0.6538461538461539,0.6538461538461539,0.0,0.6538461538461539,0.0,0.0,0.0,0.0003190446598771198
23,2018.0,0.0,Polio,All,0.6538461538461539,0.0,0.0,,0.5031035776720805,-1.0062405259073728,0.0,0.0,0.0,0.6538461538461539,204938755.0,50.344,0.6538461538461539,0.6538461538461539,0.0,0.6538461538461539,0.0,0.0,0.0,0.0003190446598771198
24,2018.0,0.0,Polio,All,0.6538461538461539,0.0,0.0,,0.5031035776720805,-1.0062405259073728,0.0,0.0,0.0,0.6538461538461539,204938755.0,50.344,0.6538461538461539,0.6538461538461539,0.0,0.6538461538461539,0.0,0.0,0.0,0.0003190446598771198
25,2018.0,0.0,Polio,All,0.6538461538461539,0.0,0.0,,0.5031035776720805,-1.0062405259073728,0.0,0.0,0.0,0.6538461538461539,204938755.0,50.344,0.6538461538461539,0.6538461538461539,0.0,0.6538461538461539,0.0,0.0,0.0,0.0003190446598771198
26,2018.0,0.0,Polio,All,0.6538461538461539,0.0,0.0,,0.5031035776720805,-1.0062405259073728,0.0,0.0,0.0,0.6538461538461539,204938755.0,50.344,0.6538461538461539,0.6538461538461539,0.0,0.6538461538461539,0.0,0.0,0.0,0.0003190446598771198
27,2018.0,0.0,Polio,All,0.6538461538461539,0.0,0.0,,0.5031035776720805,-1.0062405259073728,0.0,0.0,0.0,0.6538461538461539,204938755.0,50.344,0.6538461538461539,0.6538461538461539,0.0,0.6538461538461539,0.0,0.0,0.0,0.0003190446598771198
28,2018.0,0.0,Polio,All,0.6538461538461539,0.0,0.0,,0.5031035776720805,-1.0062405259073728,0.0,0.0,0.0,0.6538461538461539,204938755.0,50.344,0.6538461538461539,0.6538461538461539,0.0,0.6538461538461539,0.0,0.0,0.0,0.0003190446598771198
29,2018.0,0.0,Polio,All,0.6538461538461539,0.0,0.0,,0.5031035776720805,-1.0062405259073728,0.0,0.0,0.0,0.6538461538461539,204938755.0,50.344,0.6538461538461539,0.6538461538461539,0.0,0.6538461538461539,0.0,0.0,0.0,0.0003190446598771198
30,2018.0,0.0,Polio,All,0.6538461538461539,0.0,0.0,,0.5031035776720805,-1.0062405259073728,0.0,0.0,0.0,0.6538461538461539,204938755.0,50.344,0.6538461538461539,0.6538461538461539,0.0,0.6538461538461539,0.0,0.0,0.0,0.0003190446598771198
31,2018.0,0.0,Polio,All,0.6538461538461539,0.0,0.0,,0.5031035776720805,-1.0062405259073728,0.0,0.0,0.0,0.6538461538461539,204938755.0,50.344,0.6538461538461539,0.6538461538461539,0.0,0.6538461538461539,0.0,0.0,0.0,0.0003190446598771198
32,2018.0,0.0,Polio,All,0.6538461538461539,0.0,0.0,,0.5031035776720805,-1.0062405259073728,0.0,0.0,0.0,0.6538461538461539,204938755.0,50.344,0.6538461538461539,0.6538461538461539,0.0,0.6538461538461539,0.0,0.0,0.0,0.0003190446598771198
33,2018.0,0.0,Polio,All,0.6538461538461539,0.0,0.0,,0.5031035776720805,-1.0062405259073728,0.0,0.0,0.0,0.6538461538461539,204938755.0,50.344,0.6538461538461539,0.6538461538461539,0.0,0.6538461538461539,0.0,0.0,0.0,0.0003190446598771198
34,2018.0,0.0,Polio,All,0.6538461538461539,0.0,0.0,,0.5031035776720805,-1.0062405259073728,0.0,0.0,0.0,0.6538461538461539,204938755.0,50.344,0.6538461538461539,0.6538461538461539,0.0,0.6538461538461539,0.0,0.0,0.0,0.0003190446598771198
35,2018.0,0.0,Polio,All,0.6538461538461539,0.0,0.0,,0.5031035776720805,-1.0062405259073728,0.0,0.0,0.0,0.6538461538461539,204938755.0,50.344,0.6538461538461539,0.6538461538461539,0.0,0.6538461538461539,0.0,0.0,0.0,0.0003190446598771198
36,2018.0,0.0,Polio,All,0.6538461538461539,0.0,0.0,,0.5031035776720805,-1.0062405259073728,0.0,0.0,0.0,0.6538461538461539,204938755.0,50.344,0.6538461538461539,0.6538461538461539,0.0,0.6538461538461539,0.0,0.0,0.0,0.0003190446598771198
37,2018.0,0.0,Polio,All,0.6538461538461539,0.0,0.0,,0.5031035776720805,-1.0062405259073728,0.0,0.0,0.0,0.6538461538461539,204938755.0,50.344,0.6538461538461539,0.6538461538461539,0.0,0.6538461538461539,0.0,0.0,0.0,0.0003190446598771198
38,2018.0,0.0,Polio,All,0.6538461538461539,0.0,0.0,,0.5031035776720805,-1.0062405259073728,0.0,0.0,0.0,0.6538461538461539,204938755.0,50.344,0.6538461538461539,0.6538461538461539,0.0,0.6538461538461539,0.0,0.0,0.0,0.0003190446598771198
39,2018.0,0.0,Polio,All,0.6538461538461539,0.0,0.0,,0.5031035776720805,-1.0062405259073728,0.0,0.0,0.0,0.6538461538461539,204938755.0,50.344,0.6538461538461539,0.6538461538461539,0.0,0.6538461538461539,0.0,0.0,0.0,0.0003190446598771198
40,2018.0,0.0,Polio,All,0.6538461538461539,0.0,0.0,,0.5031035776720805,-1.0062405259073728,0.0,0.0,0.0,0.6538461538461539,204938755.0,50.344,0.6538461538461539,0.6538461538461539,0.0,0.6538461538461539,0.0,0.0,0.0,0.0003190446598771198
41,2018.0,0.0,Polio,All,0.6538461538461539,0.0,0.0,,0.5031035776720805,-1.0062405259073728,0.0,0.0,0.0,0.6538461538461539,204938755.0,50.344,0.6538461538461539,0.6538461538461539,0.0,0.6538461538461539,0.0,0.0,0.0,0.0003190446598771198
42,2018.0,0.0,Polio,All,0.6538461538461539,0.0,0.0,,0.5031035776720805,-1.0062405259073728,0.0,0.0,0.0,0.6538461538461539,204938755.0,50.344,0.6538461538461539,0.6538461538461539,0.0,0.6538461538461539,0.0,0.0,0.0,0.0003190446598771198
43,2018.0,0.0,Polio,All,0.6538461538461539,0.0,0.0,,0.5031035776720805,-1.0062405259073728,0.0,0.0,0.0,0.6538461538461539,204938755.0,50.344,0.6538461538461539,0.6538461538461539,0.0,0.6538461538461539,0.0,0.0,0.0,0.0003190446598771198
44,2018.0,0.0,Polio,All,0.6538461538461539,0.0,0.0,,0.5031035776720805,-1.0062405259073728,0.0,0.0,0.0,0.6538461538461539,204938755.0,50.344,0.6538461538461539,0.6538461538461539,0.0,0.6538461538461539,0.0,0.0,0.0,0.0003190446598771198
45,2018.0,0.0,Polio,All,0.6538461538461539,0.0,0.0,,0.5031035776720805,-1.0062405259073728,0.0,0.0,0.0,0.6538461538461539,204938755.0,50.344,0.6538461538461539,0.6538461538461539,0.0,0.6538461538461539,0.0,0.0,0.0,0.0003190446598771198
46,2018.0,0.0,Polio,All,0.6538461538461539,0.0,0.0,,0.5031035776720805,-1.0062405259073728,0.0,0.0,0.0,0.6538461538461539,204938755.0,50.344,0.6538461538461539,0.6538461538461539,0.0,0.6538461538461539,0.0,0.0,0.0,0.0003190446598771198
47,2018.0,0.0,Polio,All,0.6538461538461539,0.0,0.0,,0.5031035776720805,-1.0062405259073728,0.0,0.0,0.0,0.6538461538461539,204938755.0,50.344,0.6538461538461539,0.6538461538461539,0.0,0.6538461538461539,0.0,0.0,0.0,0.0003190446598771198
48,2018.0,0.0,Polio,All,0.6538461538461539,0.0,0.0,,0.5031035776720805,-1.0062405259073728,0.0,0.0,0.0,0.6538461538461539,204938755.0,50.344,0.6538461538461539,0.6538461538461539,0.0,0.6538461538461539,0.0,0.0,0.0,0.0003190446598771198
49,2018.0,0.0,Polio,All,0.6538461538461539,0.0,0.0,,0.5031035776720805,-1.0062405259073728,0.0,0.0,0.0,0.6538461538461539,204938755.0,50.344,0.6538461538461539,0.6538461538461539,0.0,0.6538461538461539,0.0,0.0,0.0,0.0003190446598771198
50,2018.0,0.0,Polio,All,0.6538461538461539,0.0,0.0,,0.5031035776720805,-1.0062405259073728,0.0,0.0,0.0,0.6538461538461539,204938755.0,50.344,0.6538461538461539,0.6538461538461539,0.0,0.6538461538461539,0.0,0.0,0.0,0.0003190446598771198
51,2018.0,0.0,Polio,All,0.6538461538461539,0.0,0.0,,0.5031035776720805,-1.0062405259073728,0.0,0.0,0.0,0.6538461538461539,204938755.0,50.344,0.6538461538461539,0.6538461538461539,0.0,0.6538461538461539,0.0,0.0,0.0,0.0003190446598771198
52,2018.0,0.0,Polio,All,0.6538461538461539,0.0,0.0,,0.5031035776720805,-1.0062405259073728,0.0,0.0,0.0,0.6538461538461539,204938755.0,50.344,0.6538461538461539,0.6538461538461539,0.0,0.6538461538461539,0.0,0.0,0.0,0.0003190446598771198
1,2019.0,0.0,Polio,All,0.0,0.0,0.0,,0.0,-1.0834372349718564,0.0,0.0,0.0,0.0,209485641.0,51.157,0.6538461538461539,0.6538461538461539,0.0,0.4903846153846154,0.32692307692271944,0.0,-1.0,0.0
2,2019.0,0.0,Polio,All,0.0,0.0,0.0,,0.0,-1.0834372349718564,0.0,0.0,0.0,0.0,209485641.0,51.157,0.0,0.3269230769230769,0.0,0.3269230769230769,0.3774982529313684,0.0,0.0,0.0
3,2019.0,0.0,Polio,All,0.0,0.0,0.0,,0.0,-1.0834372349718564,0.0,0.0,0.0,0.0,209485641.0,51.157,0.0,0.0,0.0,0.16346153846153846,0.32692307692271855,0.0,0.0,0.0
4,2019.0,0.0,Polio,All,0.0,0.0,0.0,,0.0,-1.0834372349718564,0.0,0.0,0.0,0.0,209485641.0,51.157,0.0,0.0,0.0,0.0,0.0,0.0,0.0,0.0
5,2019.0,0.0,Polio,All,0.0,0.0,0.0,,0.0,-1.0834372349718564,0.0,0.0,0.0,0.0,209485641.0,51.157,0.0,0.0,0.0,0.0,0.0,0.0,0.0,0.0
6,2019.0,0.0,Polio,All,0.0,0.0,0.0,,0.0,-1.0834372349718564,0.0,0.0,0.0,0.0,209485641.0,51.157,0.0,0.0,0.0,0.0,0.0,0.0,0.0,0.0
7,2019.0,0.0,Polio,All,0.0,0.0,0.0,,0.0,-1.0834372349718564,0.0,0.0,0.0,0.0,209485641.0,51.157,0.0,0.0,0.0,0.0,0.0,0.0,0.0,0.0
8,2019.0,0.0,Polio,All,0.0,0.0,0.0,,0.0,-1.0834372349718564,0.0,0.0,0.0,0.0,209485641.0,51.157,0.0,0.0,0.0,0.0,0.0,0.0,0.0,0.0
9,2019.0,0.0,Polio,All,0.0,0.0,0.0,,0.0,-1.0834372349718564,0.0,0.0,0.0,0.0,209485641.0,51.157,0.0,0.0,0.0,0.0,0.0,0.0,0.0,0.0
10,2019.0,0.0,Polio,All,0.0,0.0,0.0,,0.0,-1.0834372349718564,0.0,0.0,0.0,0.0,209485641.0,51.157,0.0,0.0,0.0,0.0,0.0,0.0,0.0,0.0
11,2019.0,0.0,Polio,All,0.0,0.0,0.0,,0.0,-1.0834372349718564,0.0,0.0,0.0,0.0,209485641.0,51.157,0.0,0.0,0.0,0.0,0.0,0.0,0.0,0.0
12,2019.0,0.0,Polio,All,0.0,0.0,0.0,,0.0,-1.0834372349718564,0.0,0.0,0.0,0.0,209485641.0,51.157,0.0,0.0,0.0,0.0,0.0,0.0,0.0,0.0
13,2019.0,0.0,Polio,All,0.0,0.0,0.0,,0.0,-1.0834372349718564,0.0,0.0,0.0,0.0,209485641.0,51.157,0.0,0.0,0.0,0.0,0.0,0.0,0.0,0.0
14,2019.0,0.0,Polio,All,0.0,0.0,0.0,,0.0,-1.0834372349718564,0.0,0.0,0.0,0.0,209485641.0,51.157,0.0,0.0,0.0,0.0,0.0,0.0,0.0,0.0
15,2019.0,0.0,Polio,All,0.0,0.0,0.0,,0.0,-1.0834372349718564,0.0,0.0,0.0,0.0,209485641.0,51.157,0.0,0.0,0.0,0.0,0.0,0.0,0.0,0.0
16,2019.0,0.0,Polio,All,0.0,0.0,0.0,,0.0,-1.0834372349718564,0.0,0.0,0.0,0.0,209485641.0,51.157,0.0,0.0,0.0,0.0,0.0,0.0,0.0,0.0
17,2019.0,0.0,Polio,All,0.0,0.0,0.0,,0.0,-1.0834372349718564,0.0,0.0,0.0,0.0,209485641.0,51.157,0.0,0.0,0.0,0.0,0.0,0.0,0.0,0.0
18,2019.0,0.0,Polio,All,0.0,0.0,0.0,,0.0,-1.0834372349718564,0.0,0.0,0.0,0.0,209485641.0,51.157,0.0,0.0,0.0,0.0,0.0,0.0,0.0,0.0
19,2019.0,0.0,Polio,All,0.0,0.0,0.0,,0.0,-1.0834372349718564,0.0,0.0,0.0,0.0,209485641.0,51.157,0.0,0.0,0.0,0.0,0.0,0.0,0.0,0.0
20,2019.0,0.0,Polio,All,0.0,0.0,0.0,,0.0,-1.0834372349718564,0.0,0.0,0.0,0.0,209485641.0,51.157,0.0,0.0,0.0,0.0,0.0,0.0,0.0,0.0
21,2019.0,0.0,Polio,All,0.0,0.0,0.0,,0.0,-1.0834372349718564,0.0,0.0,0.0,0.0,209485641.0,51.157,0.0,0.0,0.0,0.0,0.0,0.0,0.0,0.0
22,2019.0,0.0,Polio,All,0.0,0.0,0.0,,0.0,-1.0834372349718564,0.0,0.0,0.0,0.0,209485641.0,51.157,0.0,0.0,0.0,0.0,0.0,0.0,0.0,0.0
23,2019.0,0.0,Polio,All,0.0,0.0,0.0,,0.0,-1.0834372349718564,0.0,0.0,0.0,0.0,209485641.0,51.157,0.0,0.0,0.0,0.0,0.0,0.0,0.0,0.0
24,2019.0,0.0,Polio,All,0.0,0.0,0.0,,0.0,-1.0834372349718564,0.0,0.0,0.0,0.0,209485641.0,51.157,0.0,0.0,0.0,0.0,0.0,0.0,0.0,0.0
25,2019.0,0.0,Polio,All,0.0,0.0,0.0,,0.0,-1.0834372349718564,0.0,0.0,0.0,0.0,209485641.0,51.157,0.0,0.0,0.0,0.0,0.0,0.0,0.0,0.0
26,2019.0,0.0,Polio,All,0.0,0.0,0.0,,0.0,-1.0834372349718564,0.0,0.0,0.0,0.0,209485641.0,51.157,0.0,0.0,0.0,0.0,0.0,0.0,0.0,0.0
27,2019.0,0.0,Polio,All,0.0,0.0,0.0,,0.0,-1.0834372349718564,0.0,0.0,0.0,0.0,209485641.0,51.157,0.0,0.0,0.0,0.0,0.0,0.0,0.0,0.0
28,2019.0,0.0,Polio,All,0.0,0.0,0.0,,0.0,-1.0834372349718564,0.0,0.0,0.0,0.0,209485641.0,51.157,0.0,0.0,0.0,0.0,0.0,0.0,0.0,0.0
29,2019.0,0.0,Polio,All,0.0,0.0,0.0,,0.0,-1.0834372349718564,0.0,0.0,0.0,0.0,209485641.0,51.157,0.0,0.0,0.0,0.0,0.0,0.0,0.0,0.0
30,2019.0,0.0,Polio,All,0.0,0.0,0.0,,0.0,-1.0834372349718564,0.0,0.0,0.0,0.0,209485641.0,51.157,0.0,0.0,0.0,0.0,0.0,0.0,0.0,0.0
31,2019.0,0.0,Polio,All,0.0,0.0,0.0,,0.0,-1.0834372349718564,0.0,0.0,0.0,0.0,209485641.0,51.157,0.0,0.0,0.0,0.0,0.0,0.0,0.0,0.0
32,2019.0,0.0,Polio,All,0.0,0.0,0.0,,0.0,-1.0834372349718564,0.0,0.0,0.0,0.0,209485641.0,51.157,0.0,0.0,0.0,0.0,0.0,0.0,0.0,0.0
33,2019.0,0.0,Polio,All,0.0,0.0,0.0,,0.0,-1.0834372349718564,0.0,0.0,0.0,0.0,209485641.0,51.157,0.0,0.0,0.0,0.0,0.0,0.0,0.0,0.0
34,2019.0,0.0,Polio,All,0.0,0.0,0.0,,0.0,-1.0834372349718564,0.0,0.0,0.0,0.0,209485641.0,51.157,0.0,0.0,0.0,0.0,0.0,0.0,0.0,0.0
35,2019.0,0.0,Polio,All,0.0,0.0,0.0,,0.0,-1.0834372349718564,0.0,0.0,0.0,0.0,209485641.0,51.157,0.0,0.0,0.0,0.0,0.0,0.0,0.0,0.0
36,2019.0,0.0,Polio,All,0.0,0.0,0.0,,0.0,-1.0834372349718564,0.0,0.0,0.0,0.0,209485641.0,51.157,0.0,0.0,0.0,0.0,0.0,0.0,0.0,0.0
37,2019.0,0.0,Polio,All,0.0,0.0,0.0,,0.0,-1.0834372349718564,0.0,0.0,0.0,0.0,209485641.0,51.157,0.0,0.0,0.0,0.0,0.0,0.0,0.0,0.0
38,2019.0,0.0,Polio,All,0.0,0.0,0.0,,0.0,-1.0834372349718564,0.0,0.0,0.0,0.0,209485641.0,51.157,0.0,0.0,0.0,0.0,0.0,0.0,0.0,0.0
39,2019.0,0.0,Polio,All,0.0,0.0,0.0,,0.0,-1.0834372349718564,0.0,0.0,0.0,0.0,209485641.0,51.157,0.0,0.0,0.0,0.0,0.0,0.0,0.0,0.0
40,2019.0,0.0,Polio,All,0.0,0.0,0.0,,0.0,-1.0834372349718564,0.0,0.0,0.0,0.0,209485641.0,51.157,0.0,0.0,0.0,0.0,0.0,0.0,0.0,0.0
41,2019.0,0.0,Polio,All,0.0,0.0,0.0,,0.0,-1.0834372349718564,0.0,0.0,0.0,0.0,209485641.0,51.157,0.0,0.0,0.0,0.0,0.0,0.0,0.0,0.0
42,2019.0,0.0,Polio,All,0.0,0.0,0.0,,0.0,-1.0834372349718564,0.0,0.0,0.0,0.0,209485641.0,51.157,0.0,0.0,0.0,0.0,0.0,0.0,0.0,0.0
43,2019.0,0.0,Polio,All,0.0,0.0,0.0,,0.0,-1.0834372349718564,0.0,0.0,0.0,0.0,209485641.0,51.157,0.0,0.0,0.0,0.0,0.0,0.0,0.0,0.0
44,2019.0,0.0,Polio,All,0.0,0.0,0.0,,0.0,-1.0834372349718564,0.0,0.0,0.0,0.0,209485641.0,51.157,0.0,0.0,0.0,0.0,0.0,0.0,0.0,0.0
45,2019.0,0.0,Polio,All,0.0,0.0,0.0,,0.0,-1.0834372349718564,0.0,0.0,0.0,0.0,209485641.0,51.157,0.0,0.0,0.0,0.0,0.0,0.0,0.0,0.0
46,2019.0,0.0,Polio,All,0.0,0.0,0.0,,0.0,-1.0834372349718564,0.0,0.0,0.0,0.0,209485641.0,51.157,0.0,0.0,0.0,0.0,0.0,0.0,0.0,0.0
47,2019.0,0.0,Polio,All,0.0,0.0,0.0,,0.0,-1.0834372349718564,0.0,0.0,0.0,0.0,209485641.0,51.157,0.0,0.0,0.0,0.0,0.0,0.0,0.0,0.0
48,2019.0,0.0,Polio,All,0.0,0.0,0.0,,0.0,-1.0834372349718564,0.0,0.0,0.0,0.0,209485641.0,51.157,0.0,0.0,0.0,0.0,0.0,0.0,0.0,0.0
49,2019.0,0.0,Polio,All,0.0,0.0,0.0,,0.0,-1.0834372349718564,0.0,0.0,0.0,0.0,209485641.0,51.157,0.0,0.0,0.0,0.0,0.0,0.0,0.0,0.0
50,2019.0,0.0,Polio,All,0.0,0.0,0.0,,0.0,-1.0834372349718564,0.0,0.0,0.0,0.0,209485641.0,51.157,0.0,0.0,0.0,0.0,0.0,0.0,0.0,0.0
51,2019.0,0.0,Polio,All,0.0,0.0,0.0,,0.0,-1.0834372349718564,0.0,0.0,0.0,0.0,209485641.0,51.157,0.0,0.0,0.0,0.0,0.0,0.0,0.0,0.0
52,2019.0,0.0,Polio,All,0.0,0.0,0.0,,0.0,-1.0834372349718564,0.0,0.0,0.0,0.0,209485641.0,51.157,0.0,0.0,0.0,0.0,0.0,0.0,0.0,0.0
1,2020.0,0.0,Polio,All,0.0,0.0,0.0,,0.0,-1.0834372349718564,0.0,0.0,0.0,0.0,213996181.0,51.958,0.0,0.0,0.0,0.0,0.0,0.0,0.0,0.0
2,2020.0,0.0,Polio,All,0.0,0.0,0.0,,0.0,-1.0834372349718564,0.0,0.0,0.0,0.0,213996181.0,51.958,0.0,0.0,0.0,0.0,0.0,0.0,0.0,0.0
3,2020.0,0.0,Polio,All,0.0,0.0,0.0,,0.0,-1.0834372349718564,0.0,0.0,0.0,0.0,213996181.0,51.958,0.0,0.0,0.0,0.0,0.0,0.0,0.0,0.0
4,2020.0,0.0,Polio,All,0.0,0.0,0.0,,0.0,-1.0834372349718564,0.0,0.0,0.0,0.0,213996181.0,51.958,0.0,0.0,0.0,0.0,0.0,0.0,0.0,0.0
5,2020.0,0.0,Polio,All,0.0,0.0,0.0,,0.0,-1.0834372349718564,0.0,0.0,0.0,0.0,213996181.0,51.958,0.0,0.0,0.0,0.0,0.0,0.0,0.0,0.0
6,2020.0,0.0,Polio,All,0.0,0.0,0.0,,0.0,-1.0834372349718564,0.0,0.0,0.0,0.0,213996181.0,51.958,0.0,0.0,0.0,0.0,0.0,0.0,0.0,0.0
7,2020.0,0.0,Polio,All,0.0,0.0,0.0,,0.0,-1.0834372349718564,0.0,0.0,0.0,0.0,213996181.0,51.958,0.0,0.0,0.0,0.0,0.0,0.0,0.0,0.0
8,2020.0,0.0,Polio,All,0.0,0.0,0.0,,0.0,-1.0834372349718564,0.0,0.0,0.0,0.0,213996181.0,51.958,0.0,0.0,0.0,0.0,0.0,0.0,0.0,0.0
9,2020.0,0.0,Polio,All,0.0,0.0,0.0,,0.0,-1.0834372349718564,0.0,0.0,0.0,0.0,213996181.0,51.958,0.0,0.0,0.0,0.0,0.0,0.0,0.0,0.0
10,2020.0,0.0,Polio,All,0.0,0.0,0.0,,0.0,-1.0834372349718564,0.0,0.0,0.0,0.0,213996181.0,51.958,0.0,0.0,0.0,0.0,0.0,0.0,0.0,0.0
11,2020.0,0.0,Polio,All,0.0,0.0,0.0,,0.0,-1.0834372349718564,0.0,0.0,0.0,0.0,213996181.0,51.958,0.0,0.0,0.0,0.0,0.0,0.0,0.0,0.0
12,2020.0,0.0,Polio,All,0.0,0.0,0.0,,0.0,-1.0834372349718564,0.0,0.0,0.0,0.0,213996181.0,51.958,0.0,0.0,0.0,0.0,0.0,0.0,0.0,0.0
13,2020.0,0.0,Polio,All,0.0,0.0,0.0,,0.0,-1.0834372349718564,0.0,0.0,0.0,0.0,213996181.0,51.958,0.0,0.0,0.0,0.0,0.0,0.0,0.0,0.0
14,2020.0,0.0,Polio,All,0.0,0.0,0.0,,0.0,-1.0834372349718564,0.0,0.0,0.0,0.0,213996181.0,51.958,0.0,0.0,0.0,0.0,0.0,0.0,0.0,0.0
15,2020.0,0.0,Polio,All,0.0,0.0,0.0,,0.0,-1.0834372349718564,0.0,0.0,0.0,0.0,213996181.0,51.958,0.0,0.0,0.0,0.0,0.0,0.0,0.0,0.0
16,2020.0,0.0,Polio,All,0.0,0.0,0.0,,0.0,-1.0834372349718564,0.0,0.0,0.0,0.0,213996181.0,51.958,0.0,0.0,0.0,0.0,0.0,0.0,0.0,0.0
17,2020.0,0.0,Polio,All,0.0,0.0,0.0,,0.0,-1.0834372349718564,0.0,0.0,0.0,0.0,213996181.0,51.958,0.0,0.0,0.0,0.0,0.0,0.0,0.0,0.0
18,2020.0,0.0,Polio,All,0.0,0.0,0.0,,0.0,-1.0834372349718564,0.0,0.0,0.0,0.0,213996181.0,51.958,0.0,0.0,0.0,0.0,0.0,0.0,0.0,0.0
19,2020.0,0.0,Polio,All,0.0,0.0,0.0,,0.0,-1.0834372349718564,0.0,0.0,0.0,0.0,213996181.0,51.958,0.0,0.0,0.0,0.0,0.0,0.0,0.0,0.0
20,2020.0,0.0,Polio,All,0.0,0.0,0.0,,0.0,-1.0834372349718564,0.0,0.0,0.0,0.0,213996181.0,51.958,0.0,0.0,0.0,0.0,0.0,0.0,0.0,0.0
21,2020.0,0.0,Polio,All,0.0,0.0,0.0,,0.0,-1.0834372349718564,0.0,0.0,0.0,0.0,213996181.0,51.958,0.0,0.0,0.0,0.0,0.0,0.0,0.0,0.0
22,2020.0,0.0,Polio,All,0.0,0.0,0.0,,0.0,-1.0834372349718564,0.0,0.0,0.0,0.0,213996181.0,51.958,0.0,0.0,0.0,0.0,0.0,0.0,0.0,0.0
23,2020.0,0.0,Polio,All,0.0,0.0,0.0,,0.0,-1.0834372349718564,0.0,0.0,0.0,0.0,213996181.0,51.958,0.0,0.0,0.0,0.0,0.0,0.0,0.0,0.0
24,2020.0,0.0,Polio,All,0.0,0.0,0.0,,0.0,-1.0834372349718564,0.0,0.0,0.0,0.0,213996181.0,51.958,0.0,0.0,0.0,0.0,0.0,0.0,0.0,0.0
25,2020.0,0.0,Polio,All,0.0,0.0,0.0,,0.0,-1.0834372349718564,0.0,0.0,0.0,0.0,213996181.0,51.958,0.0,0.0,0.0,0.0,0.0,0.0,0.0,0.0
26,2020.0,0.0,Polio,All,0.0,0.0,0.0,,0.0,-1.0834372349718564,0.0,0.0,0.0,0.0,213996181.0,51.958,0.0,0.0,0.0,0.0,0.0,0.0,0.0,0.0
27,2020.0,0.0,Polio,All,0.0,0.0,0.0,,0.0,-1.0834372349718564,0.0,0.0,0.0,0.0,213996181.0,51.958,0.0,0.0,0.0,0.0,0.0,0.0,0.0,0.0
28,2020.0,0.0,Polio,All,0.0,0.0,0.0,,0.0,-1.0834372349718564,0.0,0.0,0.0,0.0,213996181.0,51.958,0.0,0.0,0.0,0.0,0.0,0.0,0.0,0.0
29,2020.0,0.0,Polio,All,0.0,0.0,0.0,,0.0,-1.0834372349718564,0.0,0.0,0.0,0.0,213996181.0,51.958,0.0,0.0,0.0,0.0,0.0,0.0,0.0,0.0
30,2020.0,0.0,Polio,All,0.0,0.0,0.0,,0.0,-1.0834372349718564,0.0,0.0,0.0,0.0,213996181.0,51.958,0.0,0.0,0.0,0.0,0.0,0.0,0.0,0.0
31,2020.0,0.0,Polio,All,0.0,0.0,0.0,,0.0,-1.0834372349718564,0.0,0.0,0.0,0.0,213996181.0,51.958,0.0,0.0,0.0,0.0,0.0,0.0,0.0,0.0
32,2020.0,0.0,Polio,All,0.0,0.0,0.0,,0.0,-1.0834372349718564,0.0,0.0,0.0,0.0,213996181.0,51.958,0.0,0.0,0.0,0.0,0.0,0.0,0.0,0.0
33,2020.0,0.0,Polio,All,0.0,0.0,0.0,,0.0,-1.0834372349718564,0.0,0.0,0.0,0.0,213996181.0,51.958,0.0,0.0,0.0,0.0,0.0,0.0,0.0,0.0
34,2020.0,0.0,Polio,All,0.0,0.0,0.0,,0.0,-1.0834372349718564,0.0,0.0,0.0,0.0,213996181.0,51.958,0.0,0.0,0.0,0.0,0.0,0.0,0.0,0.0
35,2020.0,0.0,Polio,All,0.0,0.0,0.0,,0.0,-1.0834372349718564,0.0,0.0,0.0,0.0,213996181.0,51.958,0.0,0.0,0.0,0.0,0.0,0.0,0.0,0.0
36,2020.0,0.0,Polio,All,0.0,0.0,0.0,,0.0,-1.0834372349718564,0.0,0.0,0.0,0.0,213996181.0,51.958,0.0,0.0,0.0,0.0,0.0,0.0,0.0,0.0
37,2020.0,0.0,Polio,All,0.0,0.0,0.0,,0.0,-1.0834372349718564,0.0,0.0,0.0,0.0,213996181.0,51.958,0.0,0.0,0.0,0.0,0.0,0.0,0.0,0.0
38,2020.0,0.0,Polio,All,0.0,0.0,0.0,,0.0,-1.0834372349718564,0.0,0.0,0.0,0.0,213996181.0,51.958,0.0,0.0,0.0,0.0,0.0,0.0,0.0,0.0
39,2020.0,0.0,Polio,All,0.0,0.0,0.0,,0.0,-1.0834372349718564,0.0,0.0,0.0,0.0,213996181.0,51.958,0.0,0.0,0.0,0.0,0.0,0.0,0.0,0.0
40,2020.0,0.0,Polio,All,0.0,0.0,0.0,,0.0,-1.0834372349718564,0.0,0.0,0.0,0.0,213996181.0,51.958,0.0,0.0,0.0,0.0,0.0,0.0,0.0,0.0
41,2020.0,0.0,Polio,All,0.0,0.0,0.0,,0.0,-1.0834372349718564,0.0,0.0,0.0,0.0,213996181.0,51.958,0.0,0.0,0.0,0.0,0.0,0.0,0.0,0.0
42,2020.0,0.0,Polio,All,0.0,0.0,0.0,,0.0,-1.0834372349718564,0.0,0.0,0.0,0.0,213996181.0,51.958,0.0,0.0,0.0,0.0,0.0,0.0,0.0,0.0
43,2020.0,0.0,Polio,All,0.0,0.0,0.0,,0.0,-1.0834372349718564,0.0,0.0,0.0,0.0,213996181.0,51.958,0.0,0.0,0.0,0.0,0.0,0.0,0.0,0.0
44,2020.0,0.0,Polio,All,0.0,0.0,0.0,,0.0,-1.0834372349718564,0.0,0.0,0.0,0.0,213996181.0,51.958,0.0,0.0,0.0,0.0,0.0,0.0,0.0,0.0
45,2020.0,0.0,Polio,All,0.0,0.0,0.0,,0.0,-1.0834372349718564,0.0,0.0,0.0,0.0,213996181.0,51.958,0.0,0.0,0.0,0.0,0.0,0.0,0.0,0.0
46,2020.0,0.0,Polio,All,0.0,0.0,0.0,,0.0,-1.0834372349718564,0.0,0.0,0.0,0.0,213996181.0,51.958,0.0,0.0,0.0,0.0,0.0,0.0,0.0,0.0
47,2020.0,0.0,Polio,All,0.0,0.0,0.0,,0.0,-1.0834372349718564,0.0,0.0,0.0,0.0,213996181.0,51.958,0.0,0.0,0.0,0.0,0.0,0.0,0.0,0.0
48,2020.0,0.0,Polio,All,0.0,0.0,0.0,,0.0,-1.0834372349718564,0.0,0.0,0.0,0.0,213996181.0,51.958,0.0,0.0,0.0,0.0,0.0,0.0,0.0,0.0
49,2020.0,0.0,Polio,All,0.0,0.0,0.0,,0.0,-1.0834372349718564,0.0,0.0,0.0,0.0,213996181.0,51.958,0.0,0.0,0.0,0.0,0.0,0.0,0.0,0.0
50,2020.0,0.0,Polio,All,0.0,0.0,0.0,,0.0,-1.0834372349718564,0.0,0.0,0.0,0.0,213996181.0,51.958,0.0,0.0,0.0,0.0,0.0,0.0,0.0,0.0
51,2020.0,0.0,Polio,All,0.0,0.0,0.0,,0.0,-1.0834372349718564,0.0,0.0,0.0,0.0,213996181.0,51.958,0.0,0.0,0.0,0.0,0.0,0.0,0.0,0.0
52,2020.0,0.0,Polio,All,0.0,0.0,0.0,,0.0,-1.0834372349718564,0.0,0.0,0.0,0.0,213996181.0,51.958,0.0,0.0,0.0,0.0,0.0,0.0,0.0,0.0
1,2021.0,0.0,Polio,All,0.0,0.0,0.0,,0.0,-1.0834372349718564,0.0,0.0,0.0,0.0,218529286.0,52.746,0.0,0.0,0.0,0.0,0.0,0.0,0.0,0.0
2,2021.0,0.0,Polio,All,0.0,0.0,0.0,,0.0,-1.0834372349718564,0.0,0.0,0.0,0.0,218529286.0,52.746,0.0,0.0,0.0,0.0,0.0,0.0,0.0,0.0
3,2021.0,0.0,Polio,All,0.0,0.0,0.0,,0.0,-1.0834372349718564,0.0,0.0,0.0,0.0,218529286.0,52.746,0.0,0.0,0.0,0.0,0.0,0.0,0.0,0.0
4,2021.0,0.0,Polio,All,0.0,0.0,0.0,,0.0,-1.0834372349718564,0.0,0.0,0.0,0.0,218529286.0,52.746,0.0,0.0,0.0,0.0,0.0,0.0,0.0,0.0
5,2021.0,0.0,Polio,All,0.0,0.0,0.0,,0.0,-1.0834372349718564,0.0,0.0,0.0,0.0,218529286.0,52.746,0.0,0.0,0.0,0.0,0.0,0.0,0.0,0.0
6,2021.0,0.0,Polio,All,0.0,0.0,0.0,,0.0,-1.0834372349718564,0.0,0.0,0.0,0.0,218529286.0,52.746,0.0,0.0,0.0,0.0,0.0,0.0,0.0,0.0
7,2021.0,0.0,Polio,All,0.0,0.0,0.0,,0.0,-1.0834372349718564,0.0,0.0,0.0,0.0,218529286.0,52.746,0.0,0.0,0.0,0.0,0.0,0.0,0.0,0.0
8,2021.0,0.0,Polio,All,0.0,0.0,0.0,,0.0,-1.0834372349718564,0.0,0.0,0.0,0.0,218529286.0,52.746,0.0,0.0,0.0,0.0,0.0,0.0,0.0,0.0
9,2021.0,0.0,Polio,All,0.0,0.0,0.0,,0.0,-1.0834372349718564,0.0,0.0,0.0,0.0,218529286.0,52.746,0.0,0.0,0.0,0.0,0.0,0.0,0.0,0.0
10,2021.0,0.0,Polio,All,0.0,0.0,0.0,,0.0,-1.0834372349718564,0.0,0.0,0.0,0.0,218529286.0,52.746,0.0,0.0,0.0,0.0,0.0,0.0,0.0,0.0
11,2021.0,0.0,Polio,All,0.0,0.0,0.0,,0.0,-1.0834372349718564,0.0,0.0,0.0,0.0,218529286.0,52.746,0.0,0.0,0.0,0.0,0.0,0.0,0.0,0.0
12,2021.0,0.0,Polio,All,0.0,0.0,0.0,,0.0,-1.0834372349718564,0.0,0.0,0.0,0.0,218529286.0,52.746,0.0,0.0,0.0,0.0,0.0,0.0,0.0,0.0
13,2021.0,0.0,Polio,All,0.0,0.0,0.0,,0.0,-1.0834372349718564,0.0,0.0,0.0,0.0,218529286.0,52.746,0.0,0.0,0.0,0.0,0.0,0.0,0.0,0.0
14,2021.0,0.0,Polio,All,0.0,0.0,0.0,,0.0,-1.0834372349718564,0.0,0.0,0.0,0.0,218529286.0,52.746,0.0,0.0,0.0,0.0,0.0,0.0,0.0,0.0
15,2021.0,0.0,Polio,All,0.0,0.0,0.0,,0.0,-1.0834372349718564,0.0,0.0,0.0,0.0,218529286.0,52.746,0.0,0.0,0.0,0.0,0.0,0.0,0.0,0.0
16,2021.0,0.0,Polio,All,0.0,0.0,0.0,,0.0,-1.0834372349718564,0.0,0.0,0.0,0.0,218529286.0,52.746,0.0,0.0,0.0,0.0,0.0,0.0,0.0,0.0
17,2021.0,0.0,Polio,All,0.0,0.0,0.0,,0.0,-1.0834372349718564,0.0,0.0,0.0,0.0,218529286.0,52.746,0.0,0.0,0.0,0.0,0.0,0.0,0.0,0.0
18,2021.0,0.0,Polio,All,0.0,0.0,0.0,,0.0,-1.0834372349718564,0.0,0.0,0.0,0.0,218529286.0,52.746,0.0,0.0,0.0,0.0,0.0,0.0,0.0,0.0
19,2021.0,0.0,Polio,All,0.0,0.0,0.0,,0.0,-1.0834372349718564,0.0,0.0,0.0,0.0,218529286.0,52.746,0.0,0.0,0.0,0.0,0.0,0.0,0.0,0.0
20,2021.0,0.0,Polio,All,0.0,0.0,0.0,,0.0,-1.0834372349718564,0.0,0.0,0.0,0.0,218529286.0,52.746,0.0,0.0,0.0,0.0,0.0,0.0,0.0,0.0
21,2021.0,0.0,Polio,All,0.0,0.0,0.0,,0.0,-1.0834372349718564,0.0,0.0,0.0,0.0,218529286.0,52.746,0.0,0.0,0.0,0.0,0.0,0.0,0.0,0.0
22,2021.0,0.0,Polio,All,0.0,0.0,0.0,,0.0,-1.0834372349718564,0.0,0.0,0.0,0.0,218529286.0,52.746,0.0,0.0,0.0,0.0,0.0,0.0,0.0,0.0
23,2021.0,0.0,Polio,All,0.0,0.0,0.0,,0.0,-1.0834372349718564,0.0,0.0,0.0,0.0,218529286.0,52.746,0.0,0.0,0.0,0.0,0.0,0.0,0.0,0.0
24,2021.0,0.0,Polio,All,0.0,0.0,0.0,,0.0,-1.0834372349718564,0.0,0.0,0.0,0.0,218529286.0,52.746,0.0,0.0,0.0,0.0,0.0,0.0,0.0,0.0
25,2021.0,0.0,Polio,All,0.0,0.0,0.0,,0.0,-1.0834372349718564,0.0,0.0,0.0,0.0,218529286.0,52.746,0.0,0.0,0.0,0.0,0.0,0.0,0.0,0.0
26,2021.0,0.0,Polio,All,0.0,0.0,0.0,,0.0,-1.0834372349718564,0.0,0.0,0.0,0.0,218529286.0,52.746,0.0,0.0,0.0,0.0,0.0,0.0,0.0,0.0
27,2021.0,0.0,Polio,All,0.0,0.0,0.0,,0.0,-1.0834372349718564,0.0,0.0,0.0,0.0,218529286.0,52.746,0.0,0.0,0.0,0.0,0.0,0.0,0.0,0.0
28,2021.0,0.0,Polio,All,0.0,0.0,0.0,,0.0,-1.0834372349718564,0.0,0.0,0.0,0.0,218529286.0,52.746,0.0,0.0,0.0,0.0,0.0,0.0,0.0,0.0
29,2021.0,0.0,Polio,All,0.0,0.0,0.0,,0.0,-1.0834372349718564,0.0,0.0,0.0,0.0,218529286.0,52.746,0.0,0.0,0.0,0.0,0.0,0.0,0.0,0.0
30,2021.0,0.0,Polio,All,0.0,0.0,0.0,,0.0,-1.0834372349718564,0.0,0.0,0.0,0.0,218529286.0,52.746,0.0,0.0,0.0,0.0,0.0,0.0,0.0,0.0
31,2021.0,0.0,Polio,All,0.0,0.0,0.0,,0.0,-1.0834372349718564,0.0,0.0,0.0,0.0,218529286.0,52.746,0.0,0.0,0.0,0.0,0.0,0.0,0.0,0.0
32,2021.0,0.0,Polio,All,0.0,0.0,0.0,,0.0,-1.0834372349718564,0.0,0.0,0.0,0.0,218529286.0,52.746,0.0,0.0,0.0,0.0,0.0,0.0,0.0,0.0
33,2021.0,0.0,Polio,All,0.0,0.0,0.0,,0.0,-1.0834372349718564,0.0,0.0,0.0,0.0,218529286.0,52.746,0.0,0.0,0.0,0.0,0.0,0.0,0.0,0.0
34,2021.0,0.0,Polio,All,0.0,0.0,0.0,,0.0,-1.0834372349718564,0.0,0.0,0.0,0.0,218529286.0,52.746,0.0,0.0,0.0,0.0,0.0,0.0,0.0,0.0
35,2021.0,0.0,Polio,All,0.0,0.0,0.0,,0.0,-1.0834372349718564,0.0,0.0,0.0,0.0,218529286.0,52.746,0.0,0.0,0.0,0.0,0.0,0.0,0.0,0.0
36,2021.0,0.0,Polio,All,0.0,0.0,0.0,,0.0,-1.0834372349718564,0.0,0.0,0.0,0.0,218529286.0,52.746,0.0,0.0,0.0,0.0,0.0,0.0,0.0,0.0
37,2021.0,0.0,Polio,All,0.0,0.0,0.0,,0.0,-1.0834372349718564,0.0,0.0,0.0,0.0,218529286.0,52.746,0.0,0.0,0.0,0.0,0.0,0.0,0.0,0.0
38,2021.0,0.0,Polio,All,0.0,0.0,0.0,,0.0,-1.0834372349718564,0.0,0.0,0.0,0.0,218529286.0,52.746,0.0,0.0,0.0,0.0,0.0,0.0,0.0,0.0
39,2021.0,0.0,Polio,All,0.0,0.0,0.0,,0.0,-1.0834372349718564,0.0,0.0,0.0,0.0,218529286.0,52.746,0.0,0.0,0.0,0.0,0.0,0.0,0.0,0.0
40,2021.0,0.0,Polio,All,0.0,0.0,0.0,,0.0,-1.0834372349718564,0.0,0.0,0.0,0.0,218529286.0,52.746,0.0,0.0,0.0,0.0,0.0,0.0,0.0,0.0
41,2021.0,0.0,Polio,All,0.0,0.0,0.0,,0.0,-1.0834372349718564,0.0,0.0,0.0,0.0,218529286.0,52.746,0.0,0.0,0.0,0.0,0.0,0.0,0.0,0.0
42,2021.0,0.0,Polio,All,0.0,0.0,0.0,,0.0,-1.0834372349718564,0.0,0.0,0.0,0.0,218529286.0,52.746,0.0,0.0,0.0,0.0,0.0,0.0,0.0,0.0
43,2021.0,0.0,Polio,All,0.0,0.0,0.0,,0.0,-1.0834372349718564,0.0,0.0,0.0,0.0,218529286.0,52.746,0.0,0.0,0.0,0.0,0.0,0.0,0.0,0.0
44,2021.0,0.0,Polio,All,0.0,0.0,0.0,,0.0,-1.0834372349718564,0.0,0.0,0.0,0.0,218529286.0,52.746,0.0,0.0,0.0,0.0,0.0,0.0,0.0,0.0
45,2021.0,0.0,Polio,All,0.0,0.0,0.0,,0.0,-1.0834372349718564,0.0,0.0,0.0,0.0,218529286.0,52.746,0.0,0.0,0.0,0.0,0.0,0.0,0.0,0.0
46,2021.0,0.0,Polio,All,0.0,0.0,0.0,,0.0,-1.0834372349718564,0.0,0.0,0.0,0.0,218529286.0,52.746,0.0,0.0,0.0,0.0,0.0,0.0,0.0,0.0
47,2021.0,0.0,Polio,All,0.0,0.0,0.0,,0.0,-1.0834372349718564,0.0,0.0,0.0,0.0,218529286.0,52.746,0.0,0.0,0.0,0.0,0.0,0.0,0.0,0.0
48,2021.0,0.0,Polio,All,0.0,0.0,0.0,,0.0,-1.0834372349718564,0.0,0.0,0.0,0.0,218529286.0,52.746,0.0,0.0,0.0,0.0,0.0,0.0,0.0,0.0
49,2021.0,0.0,Polio,All,0.0,0.0,0.0,,0.0,-1.0834372349718564,0.0,0.0,0.0,0.0,218529286.0,52.746,0.0,0.0,0.0,0.0,0.0,0.0,0.0,0.0
50,2021.0,0.0,Polio,All,0.0,0.0,0.0,,0.0,-1.0834372349718564,0.0,0.0,0.0,0.0,218529286.0,52.746,0.0,0.0,0.0,0.0,0.0,0.0,0.0,0.0
51,2021.0,0.0,Polio,All,0.0,0.0,0.0,,0.0,-1.0834372349718564,0.0,0.0,0.0,0.0,218529286.0,52.746,0.0,0.0,0.0,0.0,0.0,0.0,0.0,0.0
52,2021.0,0.0,Polio,All,0.0,0.0,0.0,,0.0,-1.0834372349718564,0.0,0.0,0.0,0.0,218529286.0,52.746,0.0,0.0,0.0,0.0,0.0,0.0,0.0,0.0
1,2022.0,0.0,Polio,All,0.0,0.0,0.0,,0.0,-1.0834372349718564,0.0,0.0,0.0,0.0,223150896.0,53.521,0.0,0.0,0.0,0.0,0.0,0.0,0.0,0.0
2,2022.0,0.0,Polio,All,0.0,0.0,0.0,,0.0,-1.0834372349718564,0.0,0.0,0.0,0.0,223150896.0,53.521,0.0,0.0,0.0,0.0,0.0,0.0,0.0,0.0
3,2022.0,0.0,Polio,All,0.0,0.0,0.0,,0.0,-1.0834372349718564,0.0,0.0,0.0,0.0,223150896.0,53.521,0.0,0.0,0.0,0.0,0.0,0.0,0.0,0.0
4,2022.0,0.0,Polio,All,0.0,0.0,0.0,,0.0,-1.0834372349718564,0.0,0.0,0.0,0.0,223150896.0,53.521,0.0,0.0,0.0,0.0,0.0,0.0,0.0,0.0
5,2022.0,0.0,Polio,All,0.0,0.0,0.0,,0.0,-1.0834372349718564,0.0,0.0,0.0,0.0,223150896.0,53.521,0.0,0.0,0.0,0.0,0.0,0.0,0.0,0.0
6,2022.0,0.0,Polio,All,0.0,0.0,0.0,,0.0,-1.0834372349718564,0.0,0.0,0.0,0.0,223150896.0,53.521,0.0,0.0,0.0,0.0,0.0,0.0,0.0,0.0
7,2022.0,0.0,Polio,All,0.0,0.0,0.0,,0.0,-1.0834372349718564,0.0,0.0,0.0,0.0,223150896.0,53.521,0.0,0.0,0.0,0.0,0.0,0.0,0.0,0.0
8,2022.0,0.0,Polio,All,0.0,0.0,0.0,,0.0,-1.0834372349718564,0.0,0.0,0.0,0.0,223150896.0,53.521,0.0,0.0,0.0,0.0,0.0,0.0,0.0,0.0
9,2022.0,0.0,Polio,All,0.0,0.0,0.0,,0.0,-1.0834372349718564,0.0,0.0,0.0,0.0,223150896.0,53.521,0.0,0.0,0.0,0.0,0.0,0.0,0.0,0.0
10,2022.0,0.0,Polio,All,0.0,0.0,0.0,,0.0,-1.0834372349718564,0.0,0.0,0.0,0.0,223150896.0,53.521,0.0,0.0,0.0,0.0,0.0,0.0,0.0,0.0
11,2022.0,0.0,Polio,All,0.0,0.0,0.0,,0.0,-1.0834372349718564,0.0,0.0,0.0,0.0,223150896.0,53.521,0.0,0.0,0.0,0.0,0.0,0.0,0.0,0.0
12,2022.0,0.0,Polio,All,0.0,0.0,0.0,,0.0,-1.0834372349718564,0.0,0.0,0.0,0.0,223150896.0,53.521,0.0,0.0,0.0,0.0,0.0,0.0,0.0,0.0
13,2022.0,0.0,Polio,All,0.0,0.0,0.0,,0.0,-1.0834372349718564,0.0,0.0,0.0,0.0,223150896.0,53.521,0.0,0.0,0.0,0.0,0.0,0.0,0.0,0.0
14,2022.0,0.0,Polio,All,0.0,0.0,0.0,,0.0,-1.0834372349718564,0.0,0.0,0.0,0.0,223150896.0,53.521,0.0,0.0,0.0,0.0,0.0,0.0,0.0,0.0
15,2022.0,0.0,Polio,All,0.0,0.0,0.0,,0.0,-1.0834372349718564,0.0,0.0,0.0,0.0,223150896.0,53.521,0.0,0.0,0.0,0.0,0.0,0.0,0.0,0.0
16,2022.0,0.0,Polio,All,0.0,0.0,0.0,,0.0,-1.0834372349718564,0.0,0.0,0.0,0.0,223150896.0,53.521,0.0,0.0,0.0,0.0,0.0,0.0,0.0,0.0
17,2022.0,0.0,Polio,All,0.0,0.0,0.0,,0.0,-1.0834372349718564,0.0,0.0,0.0,0.0,223150896.0,53.521,0.0,0.0,0.0,0.0,0.0,0.0,0.0,0.0
18,2022.0,0.0,Polio,All,0.0,0.0,0.0,,0.0,-1.0834372349718564,0.0,0.0,0.0,0.0,223150896.0,53.521,0.0,0.0,0.0,0.0,0.0,0.0,0.0,0.0
19,2022.0,0.0,Polio,All,0.0,0.0,0.0,,0.0,-1.0834372349718564,0.0,0.0,0.0,0.0,223150896.0,53.521,0.0,0.0,0.0,0.0,0.0,0.0,0.0,0.0
20,2022.0,0.0,Polio,All,0.0,0.0,0.0,,0.0,-1.0834372349718564,0.0,0.0,0.0,0.0,223150896.0,53.521,0.0,0.0,0.0,0.0,0.0,0.0,0.0,0.0
21,2022.0,0.0,Polio,All,0.0,0.0,0.0,,0.0,-1.0834372349718564,0.0,0.0,0.0,0.0,223150896.0,53.521,0.0,0.0,0.0,0.0,0.0,0.0,0.0,0.0
22,2022.0,0.0,Polio,All,0.0,0.0,0.0,,0.0,-1.0834372349718564,0.0,0.0,0.0,0.0,223150896.0,53.521,0.0,0.0,0.0,0.0,0.0,0.0,0.0,0.0
23,2022.0,0.0,Polio,All,0.0,0.0,0.0,,0.0,-1.0834372349718564,0.0,0.0,0.0,0.0,223150896.0,53.521,0.0,0.0,0.0,0.0,0.0,0.0,0.0,0.0
24,2022.0,0.0,Polio,All,0.0,0.0,0.0,,0.0,-1.0834372349718564,0.0,0.0,0.0,0.0,223150896.0,53.521,0.0,0.0,0.0,0.0,0.0,0.0,0.0,0.0
25,2022.0,0.0,Polio,All,0.0,0.0,0.0,,0.0,-1.0834372349718564,0.0,0.0,0.0,0.0,223150896.0,53.521,0.0,0.0,0.0,0.0,0.0,0.0,0.0,0.0
26,2022.0,0.0,Polio,All,0.0,0.0,0.0,,0.0,-1.0834372349718564,0.0,0.0,0.0,0.0,223150896.0,53.521,0.0,0.0,0.0,0.0,0.0,0.0,0.0,0.0
27,2022.0,0.0,Polio,All,0.0,0.0,0.0,,0.0,-1.0834372349718564,0.0,0.0,0.0,0.0,223150896.0,53.521,0.0,0.0,0.0,0.0,0.0,0.0,0.0,0.0
28,2022.0,0.0,Polio,All,0.0,0.0,0.0,,0.0,-1.0834372349718564,0.0,0.0,0.0,0.0,223150896.0,53.521,0.0,0.0,0.0,0.0,0.0,0.0,0.0,0.0
29,2022.0,0.0,Polio,All,0.0,0.0,0.0,,0.0,-1.0834372349718564,0.0,0.0,0.0,0.0,223150896.0,53.521,0.0,0.0,0.0,0.0,0.0,0.0,0.0,0.0
30,2022.0,0.0,Polio,All,0.0,0.0,0.0,,0.0,-1.0834372349718564,0.0,0.0,0.0,0.0,223150896.0,53.521,0.0,0.0,0.0,0.0,0.0,0.0,0.0,0.0
31,2022.0,0.0,Polio,All,0.0,0.0,0.0,,0.0,-1.0834372349718564,0.0,0.0,0.0,0.0,223150896.0,53.521,0.0,0.0,0.0,0.0,0.0,0.0,0.0,0.0
32,2022.0,0.0,Polio,All,0.0,0.0,0.0,,0.0,-1.0834372349718564,0.0,0.0,0.0,0.0,223150896.0,53.521,0.0,0.0,0.0,0.0,0.0,0.0,0.0,0.0
33,2022.0,0.0,Polio,All,0.0,0.0,0.0,,0.0,-1.0834372349718564,0.0,0.0,0.0,0.0,223150896.0,53.521,0.0,0.0,0.0,0.0,0.0,0.0,0.0,0.0
34,2022.0,0.0,Polio,All,0.0,0.0,0.0,,0.0,-1.0834372349718564,0.0,0.0,0.0,0.0,223150896.0,53.521,0.0,0.0,0.0,0.0,0.0,0.0,0.0,0.0
35,2022.0,0.0,Polio,All,0.0,0.0,0.0,,0.0,-1.0834372349718564,0.0,0.0,0.0,0.0,223150896.0,53.521,0.0,0.0,0.0,0.0,0.0,0.0,0.0,0.0
36,2022.0,0.0,Polio,All,0.0,0.0,0.0,,0.0,-1.0834372349718564,0.0,0.0,0.0,0.0,223150896.0,53.521,0.0,0.0,0.0,0.0,0.0,0.0,0.0,0.0
37,2022.0,0.0,Polio,All,0.0,0.0,0.0,,0.0,-1.0834372349718564,0.0,0.0,0.0,0.0,223150896.0,53.521,0.0,0.0,0.0,0.0,0.0,0.0,0.0,0.0
38,2022.0,0.0,Polio,All,0.0,0.0,0.0,,0.0,-1.0834372349718564,0.0,0.0,0.0,0.0,223150896.0,53.521,0.0,0.0,0.0,0.0,0.0,0.0,0.0,0.0
39,2022.0,0.0,Polio,All,0.0,0.0,0.0,,0.0,-1.0834372349718564,0.0,0.0,0.0,0.0,223150896.0,53.521,0.0,0.0,0.0,0.0,0.0,0.0,0.0,0.0
40,2022.0,0.0,Polio,All,0.0,0.0,0.0,,0.0,-1.0834372349718564,0.0,0.0,0.0,0.0,223150896.0,53.521,0.0,0.0,0.0,0.0,0.0,0.0,0.0,0.0
41,2022.0,0.0,Polio,All,0.0,0.0,0.0,,0.0,-1.0834372349718564,0.0,0.0,0.0,0.0,223150896.0,53.521,0.0,0.0,0.0,0.0,0.0,0.0,0.0,0.0
42,2022.0,0.0,Polio,All,0.0,0.0,0.0,,0.0,-1.0834372349718564,0.0,0.0,0.0,0.0,223150896.0,53.521,0.0,0.0,0.0,0.0,0.0,0.0,0.0,0.0
43,2022.0,0.0,Polio,All,0.0,0.0,0.0,,0.0,-1.0834372349718564,0.0,0.0,0.0,0.0,223150896.0,53.521,0.0,0.0,0.0,0.0,0.0,0.0,0.0,0.0
44,2022.0,0.0,Polio,All,0.0,0.0,0.0,,0.0,-1.0834372349718564,0.0,0.0,0.0,0.0,223150896.0,53.521,0.0,0.0,0.0,0.0,0.0,0.0,0.0,0.0
45,2022.0,0.0,Polio,All,0.0,0.0,0.0,,0.0,-1.0834372349718564,0.0,0.0,0.0,0.0,223150896.0,53.521,0.0,0.0,0.0,0.0,0.0,0.0,0.0,0.0
46,2022.0,0.0,Polio,All,0.0,0.0,0.0,,0.0,-1.0834372349718564,0.0,0.0,0.0,0.0,223150896.0,53.521,0.0,0.0,0.0,0.0,0.0,0.0,0.0,0.0
47,2022.0,0.0,Polio,All,0.0,0.0,0.0,,0.0,-1.0834372349718564,0.0,0.0,0.0,0.0,223150896.0,53.521,0.0,0.0,0.0,0.0,0.0,0.0,0.0,0.0
48,2022.0,0.0,Polio,All,0.0,0.0,0.0,,0.0,-1.0834372349718564,0.0,0.0,0.0,0.0,223150896.0,53.521,0.0,0.0,0.0,0.0,0.0,0.0,0.0,0.0
49,2022.0,0.0,Polio,All,0.0,0.0,0.0,,0.0,-1.0834372349718564,0.0,0.0,0.0,0.0,223150896.0,53.521,0.0,0.0,0.0,0.0,0.0,0.0,0.0,0.0
50,2022.0,0.0,Polio,All,0.0,0.0,0.0,,0.0,-1.0834372349718564,0.0,0.0,0.0,0.0,223150896.0,53.521,0.0,0.0,0.0,0.0,0.0,0.0,0.0,0.0
51,2022.0,0.0,Polio,All,0.0,0.0,0.0,,0.0,-1.0834372349718564,0.0,0.0,0.0,0.0,223150896.0,53.521,0.0,0.0,0.0,0.0,0.0,0.0,0.0,0.0
52,2022.0,0.0,Polio,All,0.0,0.0,0.0,,0.0,-1.0834372349718564,0.0,0.0,0.0,0.0,223150896.0,53.521,0.0,0.0,0.0,0.0,0.0,0.0,0.0,0.0
1,2023.0,0.0,Polio,All,0.0,0.0,0.0,,0.0,-1.0834372349718564,0.0,0.0,0.0,0.0,227882945.0,54.283,0.0,0.0,0.0,0.0,0.0,0.0,0.0,0.0
2,2023.0,0.0,Polio,All,0.0,0.0,0.0,,0.0,-1.0834372349718564,0.0,0.0,0.0,0.0,227882945.0,54.283,0.0,0.0,0.0,0.0,0.0,0.0,0.0,0.0
3,2023.0,0.0,Polio,All,0.0,0.0,0.0,,0.0,-1.0834372349718564,0.0,0.0,0.0,0.0,227882945.0,54.283,0.0,0.0,0.0,0.0,0.0,0.0,0.0,0.0
4,2023.0,0.0,Polio,All,0.0,0.0,0.0,,0.0,-1.0834372349718564,0.0,0.0,0.0,0.0,227882945.0,54.283,0.0,0.0,0.0,0.0,0.0,0.0,0.0,0.0
5,2023.0,0.0,Polio,All,0.0,0.0,0.0,,0.0,-1.0834372349718564,0.0,0.0,0.0,0.0,227882945.0,54.283,0.0,0.0,0.0,0.0,0.0,0.0,0.0,0.0
6,2023.0,0.0,Polio,All,0.0,0.0,0.0,,0.0,-1.0834372349718564,0.0,0.0,0.0,0.0,227882945.0,54.283,0.0,0.0,0.0,0.0,0.0,0.0,0.0,0.0
7,2023.0,0.0,Polio,All,0.0,0.0,0.0,,0.0,-1.0834372349718564,0.0,0.0,0.0,0.0,227882945.0,54.283,0.0,0.0,0.0,0.0,0.0,0.0,0.0,0.0
8,2023.0,0.0,Polio,All,0.0,0.0,0.0,,0.0,-1.0834372349718564,0.0,0.0,0.0,0.0,227882945.0,54.283,0.0,0.0,0.0,0.0,0.0,0.0,0.0,0.0
9,2023.0,0.0,Polio,All,0.0,0.0,0.0,,0.0,-1.0834372349718564,0.0,0.0,0.0,0.0,227882945.0,54.283,0.0,0.0,0.0,0.0,0.0,0.0,0.0,0.0
10,2023.0,0.0,Polio,All,0.0,0.0,0.0,,0.0,-1.0834372349718564,0.0,0.0,0.0,0.0,227882945.0,54.283,0.0,0.0,0.0,0.0,0.0,0.0,0.0,0.0
11,2023.0,0.0,Polio,All,0.0,0.0,0.0,,0.0,-1.0834372349718564,0.0,0.0,0.0,0.0,227882945.0,54.283,0.0,0.0,0.0,0.0,0.0,0.0,0.0,0.0
12,2023.0,0.0,Polio,All,0.0,0.0,0.0,,0.0,-1.0834372349718564,0.0,0.0,0.0,0.0,227882945.0,54.283,0.0,0.0,0.0,0.0,0.0,0.0,0.0,0.0
13,2023.0,0.0,Polio,All,0.0,0.0,0.0,,0.0,-1.0834372349718564,0.0,0.0,0.0,0.0,227882945.0,54.283,0.0,0.0,0.0,0.0,0.0,0.0,0.0,0.0
14,2023.0,0.0,Polio,All,0.0,0.0,0.0,,0.0,-1.0834372349718564,0.0,0.0,0.0,0.0,227882945.0,54.283,0.0,0.0,0.0,0.0,0.0,0.0,0.0,0.0
15,2023.0,0.0,Polio,All,0.0,0.0,0.0,,0.0,-1.0834372349718564,0.0,0.0,0.0,0.0,227882945.0,54.283,0.0,0.0,0.0,0.0,0.0,0.0,0.0,0.0
16,2023.0,0.0,Polio,All,0.0,0.0,0.0,,0.0,-1.0834372349718564,0.0,0.0,0.0,0.0,227882945.0,54.283,0.0,0.0,0.0,0.0,0.0,0.0,0.0,0.0
17,2023.0,0.0,Polio,All,0.0,0.0,0.0,,0.0,-1.0834372349718564,0.0,0.0,0.0,0.0,227882945.0,54.283,0.0,0.0,0.0,0.0,0.0,0.0,0.0,0.0
18,2023.0,0.0,Polio,All,0.0,0.0,0.0,,0.0,-1.0834372349718564,0.0,0.0,0.0,0.0,227882945.0,54.283,0.0,0.0,0.0,0.0,0.0,0.0,0.0,0.0
19,2023.0,0.0,Polio,All,0.0,0.0,0.0,,0.0,-1.0834372349718564,0.0,0.0,0.0,0.0,227882945.0,54.283,0.0,0.0,0.0,0.0,0.0,0.0,0.0,0.0
20,2023.0,0.0,Polio,All,0.0,0.0,0.0,,0.0,-1.0834372349718564,0.0,0.0,0.0,0.0,227882945.0,54.283,0.0,0.0,0.0,0.0,0.0,0.0,0.0,0.0
21,2023.0,0.0,Polio,All,0.0,0.0,0.0,,0.0,-1.0834372349718564,0.0,0.0,0.0,0.0,227882945.0,54.283,0.0,0.0,0.0,0.0,0.0,0.0,0.0,0.0
22,2023.0,0.0,Polio,All,0.0,0.0,0.0,,0.0,-1.0834372349718564,0.0,0.0,0.0,0.0,227882945.0,54.283,0.0,0.0,0.0,0.0,0.0,0.0,0.0,0.0
23,2023.0,0.0,Polio,All,0.0,0.0,0.0,,0.0,-1.0834372349718564,0.0,0.0,0.0,0.0,227882945.0,54.283,0.0,0.0,0.0,0.0,0.0,0.0,0.0,0.0
24,2023.0,0.0,Polio,All,0.0,0.0,0.0,,0.0,-1.0834372349718564,0.0,0.0,0.0,0.0,227882945.0,54.283,0.0,0.0,0.0,0.0,0.0,0.0,0.0,0.0
25,2023.0,0.0,Polio,All,0.0,0.0,0.0,,0.0,-1.0834372349718564,0.0,0.0,0.0,0.0,227882945.0,54.283,0.0,0.0,0.0,0.0,0.0,0.0,0.0,0.0
26,2023.0,0.0,Polio,All,0.0,0.0,0.0,,0.0,-1.0834372349718564,0.0,0.0,0.0,0.0,227882945.0,54.283,0.0,0.0,0.0,0.0,0.0,0.0,0.0,0.0
27,2023.0,0.0,Polio,All,0.0,0.0,0.0,,0.0,-1.0834372349718564,0.0,0.0,0.0,0.0,227882945.0,54.283,0.0,0.0,0.0,0.0,0.0,0.0,0.0,0.0
28,2023.0,0.0,Polio,All,0.0,0.0,0.0,,0.0,-1.0834372349718564,0.0,0.0,0.0,0.0,227882945.0,54.283,0.0,0.0,0.0,0.0,0.0,0.0,0.0,0.0
29,2023.0,0.0,Polio,All,0.0,0.0,0.0,,0.0,-1.0834372349718564,0.0,0.0,0.0,0.0,227882945.0,54.283,0.0,0.0,0.0,0.0,0.0,0.0,0.0,0.0
30,2023.0,0.0,Polio,All,0.0,0.0,0.0,,0.0,-1.0834372349718564,0.0,0.0,0.0,0.0,227882945.0,54.283,0.0,0.0,0.0,0.0,0.0,0.0,0.0,0.0
31,2023.0,0.0,Polio,All,0.0,0.0,0.0,,0.0,-1.0834372349718564,0.0,0.0,0.0,0.0,227882945.0,54.283,0.0,0.0,0.0,0.0,0.0,0.0,0.0,0.0
32,2023.0,0.0,Polio,All,0.0,0.0,0.0,,0.0,-1.0834372349718564,0.0,0.0,0.0,0.0,227882945.0,54.283,0.0,0.0,0.0,0.0,0.0,0.0,0.0,0.0
33,2023.0,0.0,Polio,All,0.0,0.0,0.0,,0.0,-1.0834372349718564,0.0,0.0,0.0,0.0,227882945.0,54.283,0.0,0.0,0.0,0.0,0.0,0.0,0.0,0.0
34,2023.0,0.0,Polio,All,0.0,0.0,0.0,,0.0,-1.0834372349718564,0.0,0.0,0.0,0.0,227882945.0,54.283,0.0,0.0,0.0,0.0,0.0,0.0,0.0,0.0
35,2023.0,0.0,Polio,All,0.0,0.0,0.0,,0.0,-1.0834372349718564,0.0,0.0,0.0,0.0,227882945.0,54.283,0.0,0.0,0.0,0.0,0.0,0.0,0.0,0.0
36,2023.0,0.0,Polio,All,0.0,0.0,0.0,,0.0,-1.0834372349718564,0.0,0.0,0.0,0.0,227882945.0,54.283,0.0,0.0,0.0,0.0,0.0,0.0,0.0,0.0
37,2023.0,0.0,Polio,All,0.0,0.0,0.0,,0.0,-1.0834372349718564,0.0,0.0,0.0,0.0,227882945.0,54.283,0.0,0.0,0.0,0.0,0.0,0.0,0.0,0.0
38,2023.0,0.0,Polio,All,0.0,0.0,0.0,,0.0,-1.0834372349718564,0.0,0.0,0.0,0.0,227882945.0,54.283,0.0,0.0,0.0,0.0,0.0,0.0,0.0,0.0
39,2023.0,0.0,Polio,All,0.0,0.0,0.0,,0.0,-1.0834372349718564,0.0,0.0,0.0,0.0,227882945.0,54.283,0.0,0.0,0.0,0.0,0.0,0.0,0.0,0.0
40,2023.0,0.0,Polio,All,0.0,0.0,0.0,,0.0,-1.0834372349718564,0.0,0.0,0.0,0.0,227882945.0,54.283,0.0,0.0,0.0,0.0,0.0,0.0,0.0,0.0
41,2023.0,0.0,Polio,All,0.0,0.0,0.0,,0.0,-1.0834372349718564,0.0,0.0,0.0,0.0,227882945.0,54.283,0.0,0.0,0.0,0.0,0.0,0.0,0.0,0.0
42,2023.0,0.0,Polio,All,0.0,0.0,0.0,,0.0,-1.0834372349718564,0.0,0.0,0.0,0.0,227882945.0,54.283,0.0,0.0,0.0,0.0,0.0,0.0,0.0,0.0
43,2023.0,0.0,Polio,All,0.0,0.0,0.0,,0.0,-1.0834372349718564,0.0,0.0,0.0,0.0,227882945.0,54.283,0.0,0.0,0.0,0.0,0.0,0.0,0.0,0.0
44,2023.0,0.0,Polio,All,0.0,0.0,0.0,,0.0,-1.0834372349718564,0.0,0.0,0.0,0.0,227882945.0,54.283,0.0,0.0,0.0,0.0,0.0,0.0,0.0,0.0
45,2023.0,0.0,Polio,All,0.0,0.0,0.0,,0.0,-1.0834372349718564,0.0,0.0,0.0,0.0,227882945.0,54.283,0.0,0.0,0.0,0.0,0.0,0.0,0.0,0.0
46,2023.0,0.0,Polio,All,0.0,0.0,0.0,,0.0,-1.0834372349718564,0.0,0.0,0.0,0.0,227882945.0,54.283,0.0,0.0,0.0,0.0,0.0,0.0,0.0,0.0
47,2023.0,0.0,Polio,All,0.0,0.0,0.0,,0.0,-1.0834372349718564,0.0,0.0,0.0,0.0,227882945.0,54.283,0.0,0.0,0.0,0.0,0.0,0.0,0.0,0.0
48,2023.0,0.0,Polio,All,0.0,0.0,0.0,,0.0,-1.0834372349718564,0.0,0.0,0.0,0.0,227882945.0,54.283,0.0,0.0,0.0,0.0,0.0,0.0,0.0,0.0
49,2023.0,0.0,Polio,All,0.0,0.0,0.0,,0.0,-1.0834372349718564,0.0,0.0,0.0,0.0,227882945.0,54.283,0.0,0.0,0.0,0.0,0.0,0.0,0.0,0.0
50,2023.0,0.0,Polio,All,0.0,0.0,0.0,,0.0,-1.0834372349718564,0.0,0.0,0.0,0.0,227882945.0,54.283,0.0,0.0,0.0,0.0,0.0,0.0,0.0,0.0
51,2023.0,0.0,Polio,All,0.0,0.0,0.0,,0.0,-1.0834372349718564,0.0,0.0,0.0,0.0,227882945.0,54.283,0.0,0.0,0.0,0.0,0.0,0.0,0.0,0.0
52,2023.0,0.0,Polio,All,0.0,0.0,0.0,,0.0,-1.0834372349718564,0.0,0.0,0.0,0.0,227882945.0,54.283,0.0,0.0,0.0,0.0,0.0,0.0,0.0,0.0
1,1990.0,0.0,Tuberculosis,All,6348.5,0.0,0.0,,8.756131348629088,-1.3529849986017446,0.0,0.0,0.0,6348.5,0.0,29.68,0.0,0.0,0.0,6348.5,0.0,0.0,0.0,0.0
2,1990.0,0.0,Tuberculosis,All,6348.5,0.0,0.0,,8.756131348629088,-1.3529849986017446,0.0,0.0,0.0,6348.5,0.0,29.68,6348.5,0.0,0.0,6348.5,0.0,0.0,0.0,0.0
3,1990.0,0.0,Tuberculosis,All,6348.5,0.0,0.0,,8.756131348629088,-1.3529849986017446,0.0,0.0,0.0,6348.5,0.0,29.68,6348.5,6348.5,0.0,6348.5,0.0,0.0,0.0,0.0
4,1990.0,0.0,Tuberculosis,All,6348.5,0.0,0.0,,8.756131348629088,-1.3529849986017446,0.0,0.0,0.0,6348.5,0.0,29.68,6348.5,6348.5,0.0,6348.5,0.0,0.0,0.0,0.0
5,1990.0,0.0,Tuberculosis,All,6348.5,0.0,0.0,,8.756131348629088,-1.3529849986017446,0.0,0.0,0.0,6348.5,0.0,29.68,6348.5,6348.5,0.0,6348.5,0.0,0.0,0.0,0.0
6,1990.0,0.0,Tuberculosis,All,6348.5,0.0,0.0,,8.756131348629088,-1.3529849986017446,0.0,0.0,0.0,6348.5,0.0,29.68,6348.5,6348.5,0.0,6348.5,0.0,0.0,0.0,0.0
7,1990.0,0.0,Tuberculosis,All,6348.5,0.0,0.0,,8.756131348629088,-1.3529849986017446,0.0,0.0,0.0,6348.5,0.0,29.68,6348.5,6348.5,0.0,6348.5,0.0,0.0,0.0,0.0
8,1990.0,0.0,Tuberculosis,All,6348.5,0.0,0.0,,8.756131348629088,-1.3529849986017446,0.0,0.0,0.0,6348.5,0.0,29.68,6348.5,6348.5,0.0,6348.5,0.0,0.0,0.0,0.0
9,1990.0,0.0,Tuberculosis,All,6348.5,0.0,0.0,,8.756131348629088,-1.3529849986017446,0.0,0.0,0.0,6348.5,0.0,29.68,6348.5,6348.5,0.0,6348.5,0.0,0.0,0.0,0.0
10,1990.0,0.0,Tuberculosis,All,6348.5,0.0,0.0,,8.756131348629088,-1.3529849986017446,0.0,0.0,0.0,6348.5,0.0,29.68,6348.5,6348.5,0.0,6348.5,0.0,0.0,0.0,0.0
11,1990.0,0.0,Tuberculosis,All,6348.5,0.0,0.0,,8.756131348629088,-1.3529849986017446,0.0,0.0,0.0,6348.5,0.0,29.68,6348.5,6348.5,0.0,6348.5,0.0,0.0,0.0,0.0
12,1990.0,0.0,Tuberculosis,All,6348.5,0.0,0.0,,8.756131348629088,-1.3529849986017446,0.0,0.0,0.0,6348.5,0.0,29.68,6348.5,6348.5,0.0,6348.5,0.0,0.0,0.0,0.0
13,1990.0,0.0,Tuberculosis,All,6348.5,0.0,0.0,,8.756131348629088,-1.3529849986017446,0.0,0.0,0.0,6348.5,0.0,29.68,6348.5,6348.5,0.0,6348.5,0.0,0.0,0.0,0.0
14,1990.0,0.0,Tuberculosis,All,6348.5,0.0,0.0,,8.756131348629088,-1.3529849986017446,0.0,0.0,0.0,6348.5,0.0,29.68,6348.5,6348.5,0.0,6348.5,0.0,0.0,0.0,0.0
15,1990.0,0.0,Tuberculosis,All,6348.5,0.0,0.0,,8.756131348629088,-1.3529849986017446,0.0,0.0,0.0,6348.5,0.0,29.68,6348.5,6348.5,0.0,6348.5,0.0,0.0,0.0,0.0
16,1990.0,0.0,Tuberculosis,All,6348.5,0.0,0.0,,8.756131348629088,-1.3529849986017446,0.0,0.0,0.0,6348.5,0.0,29.68,6348.5,6348.5,0.0,6348.5,0.0,0.0,0.0,0.0
17,1990.0,0.0,Tuberculosis,All,6348.5,0.0,0.0,,8.756131348629088,-1.3529849986017446,0.0,0.0,0.0,6348.5,0.0,29.68,6348.5,6348.5,0.0,6348.5,0.0,0.0,0.0,0.0
18,1990.0,0.0,Tuberculosis,All,6348.5,0.0,0.0,,8.756131348629088,-1.3529849986017446,0.0,0.0,0.0,6348.5,0.0,29.68,6348.5,6348.5,0.0,6348.5,0.0,0.0,0.0,0.0
19,1990.0,0.0,Tuberculosis,All,6348.5,0.0,0.0,,8.756131348629088,-1.3529849986017446,0.0,0.0,0.0,6348.5,0.0,29.68,6348.5,6348.5,0.0,6348.5,0.0,0.0,0.0,0.0
20,1990.0,0.0,Tuberculosis,All,6348.5,0.0,0.0,,8.756131348629088,-1.3529849986017446,0.0,0.0,0.0,6348.5,0.0,29.68,6348.5,6348.5,0.0,6348.5,0.0,0.0,0.0,0.0
21,1990.0,0.0,Tuberculosis,All,6348.5,0.0,0.0,,8.756131348629088,-1.3529849986017446,0.0,0.0,0.0,6348.5,0.0,29.68,6348.5,6348.5,0.0,6348.5,0.0,0.0,0.0,0.0
22,1990.0,0.0,Tuberculosis,All,6348.5,0.0,0.0,,8.756131348629088,-1.3529849986017446,0.0,0.0,0.0,6348.5,0.0,29.68,6348.5,6348.5,0.0,6348.5,0.0,0.0,0.0,0.0
23,1990.0,0.0,Tuberculosis,All,6348.5,0.0,0.0,,8.756131348629088,-1.3529849986017446,0.0,0.0,0.0,6348.5,0.0,29.68,6348.5,6348.5,0.0,6348.5,0.0,0.0,0.0,0.0
24,1990.0,0.0,Tuberculosis,All,6348.5,0.0,0.0,,8.756131348629088,-1.3529849986017446,0.0,0.0,0.0,6348.5,0.0,29.68,6348.5,6348.5,0.0,6348.5,0.0,0.0,0.0,0.0
25,1990.0,0.0,Tuberculosis,All,6348.5,0.0,0.0,,8.756131348629088,-1.3529849986017446,0.0,0.0,0.0,6348.5,0.0,29.68,6348.5,6348.5,0.0,6348.5,0.0,0.0,0.0,0.0
26,1990.0,0.0,Tuberculosis,All,6348.5,0.0,0.0,,8.756131348629088,-1.3529849986017446,0.0,0.0,0.0,6348.5,0.0,29.68,6348.5,6348.5,0.0,6348.5,0.0,0.0,0.0,0.0
27,1990.0,0.0,Tuberculosis,All,6348.5,0.0,0.0,,8.756131348629088,-1.3529849986017446,0.0,0.0,0.0,6348.5,0.0,29.68,6348.5,6348.5,0.0,6348.5,0.0,0.0,0.0,0.0
28,1990.0,0.0,Tuberculosis,All,6348.5,0.0,0.0,,8.756131348629088,-1.3529849986017446,0.0,0.0,0.0,6348.5,0.0,29.68,6348.5,6348.5,0.0,6348.5,0.0,0.0,0.0,0.0
29,1990.0,0.0,Tuberculosis,All,6348.5,0.0,0.0,,8.756131348629088,-1.3529849986017446,0.0,0.0,0.0,6348.5,0.0,29.68,6348.5,6348.5,0.0,6348.5,0.0,0.0,0.0,0.0
30,1990.0,0.0,Tuberculosis,All,6348.5,0.0,0.0,,8.756131348629088,-1.3529849986017446,0.0,0.0,0.0,6348.5,0.0,29.68,6348.5,6348.5,0.0,6348.5,0.0,0.0,0.0,0.0
31,1990.0,0.0,Tuberculosis,All,6348.5,0.0,0.0,,8.756131348629088,-1.3529849986017446,0.0,0.0,0.0,6348.5,0.0,29.68,6348.5,6348.5,0.0,6348.5,0.0,0.0,0.0,0.0
32,1990.0,0.0,Tuberculosis,All,6348.5,0.0,0.0,,8.756131348629088,-1.3529849986017446,0.0,0.0,0.0,6348.5,0.0,29.68,6348.5,6348.5,0.0,6348.5,0.0,0.0,0.0,0.0
33,1990.0,0.0,Tuberculosis,All,6348.5,0.0,0.0,,8.756131348629088,-1.3529849986017446,0.0,0.0,0.0,6348.5,0.0,29.68,6348.5,6348.5,0.0,6348.5,0.0,0.0,0.0,0.0
34,1990.0,0.0,Tuberculosis,All,6348.5,0.0,0.0,,8.756131348629088,-1.3529849986017446,0.0,0.0,0.0,6348.5,0.0,29.68,6348.5,6348.5,0.0,6348.5,0.0,0.0,0.0,0.0
35,1990.0,0.0,Tuberculosis,All,6348.5,0.0,0.0,,8.756131348629088,-1.3529849986017446,0.0,0.0,0.0,6348.5,0.0,29.68,6348.5,6348.5,0.0,6348.5,0.0,0.0,0.0,0.0
36,1990.0,0.0,Tuberculosis,All,6348.5,0.0,0.0,,8.756131348629088,-1.3529849986017446,0.0,0.0,0.0,6348.5,0.0,29.68,6348.5,6348.5,0.0,6348.5,0.0,0.0,0.0,0.0
37,1990.0,0.0,Tuberculosis,All,6348.5,0.0,0.0,,8.756131348629088,-1.3529849986017446,0.0,0.0,0.0,6348.5,0.0,29.68,6348.5,6348.5,0.0,6348.5,0.0,0.0,0.0,0.0
38,1990.0,0.0,Tuberculosis,All,6348.5,0.0,0.0,,8.756131348629088,-1.3529849986017446,0.0,0.0,0.0,6348.5,0.0,29.68,6348.5,6348.5,0.0,6348.5,0.0,0.0,0.0,0.0
39,1990.0,0.0,Tuberculosis,All,6348.5,0.0,0.0,,8.756131348629088,-1.3529849986017446,0.0,0.0,0.0,6348.5,0.0,29.68,6348.5,6348.5,0.0,6348.5,0.0,0.0,0.0,0.0
40,1990.0,0.0,Tuberculosis,All,6348.5,0.0,0.0,,8.756131348629088,-1.3529849986017446,0.0,0.0,0.0,6348.5,0.0,29.68,6348.5,6348.5,0.0,6348.5,0.0,0.0,0.0,0.0
41,1990.0,0.0,Tuberculosis,All,6348.5,0.0,0.0,,8.756131348629088,-1.3529849986017446,0.0,0.0,0.0,6348.5,0.0,29.68,6348.5,6348.5,0.0,6348.5,0.0,0.0,0.0,0.0
42,1990.0,0.0,Tuberculosis,All,6348.5,0.0,0.0,,8.756131348629088,-1.3529849986017446,0.0,0.0,0.0,6348.5,0.0,29.68,6348.5,6348.5,0.0,6348.5,0.0,0.0,0.0,0.0
43,1990.0,0.0,Tuberculosis,All,6348.5,0.0,0.0,,8.756131348629088,-1.3529849986017446,0.0,0.0,0.0,6348.5,0.0,29.68,6348.5,6348.5,0.0,6348.5,0.0,0.0,0.0,0.0
44,1990.0,0.0,Tuberculosis,All,6348.5,0.0,0.0,,8.756131348629088,-1.3529849986017446,0.0,0.0,0.0,6348.5,0.0,29.68,6348.5,6348.5,0.0,6348.5,0.0,0.0,0.0,0.0
45,1990.0,0.0,Tuberculosis,All,6348.5,0.0,0.0,,8.756131348629088,-1.3529849986017446,0.0,0.0,0.0,6348.5,0.0,29.68,6348.5,6348.5,0.0,6348.5,0.0,0.0,0.0,0.0
46,1990.0,0.0,Tuberculosis,All,6348.5,0.0,0.0,,8.756131348629088,-1.3529849986017446,0.0,0.0,0.0,6348.5,0.0,29.68,6348.5,6348.5,0.0,6348.5,0.0,0.0,0.0,0.0
47,1990.0,0.0,Tuberculosis,All,6348.5,0.0,0.0,,8.756131348629088,-1.3529849986017446,0.0,0.0,0.0,6348.5,0.0,29.68,6348.5,6348.5,0.0,6348.5,0.0,0.0,0.0,0.0
48,1990.0,0.0,Tuberculosis,All,6348.5,0.0,0.0,,8.756131348629088,-1.3529849986017446,0.0,0.0,0.0,6348.5,0.0,29.68,6348.5,6348.5,0.0,6348.5,0.0,0.0,0.0,0.0
49,1990.0,0.0,Tuberculosis,All,6348.5,0.0,0.0,,8.756131348629088,-1.3529849986017446,0.0,0.0,0.0,6348.5,0.0,29.68,6348.5,6348.5,0.0,6348.5,0.0,0.0,0.0,0.0
50,1990.0,0.0,Tuberculosis,All,6348.5,0.0,0.0,,8.756131348629088,-1.3529849986017446,0.0,0.0,0.0,6348.5,0.0,29.68,6348.5,6348.5,0.0,6348.5,0.0,0.0,0.0,0.0
51,1990.0,0.0,Tuberculosis,All,6348.5,0.0,0.0,,8.756131348629088,-1.3529849986017446,0.0,0.0,0.0,6348.5,0.0,29.68,6348.5,6348.5,0.0,6348.5,0.0,0.0,0.0,0.0
52,1990.0,0.0,Tuberculosis,All,6348.5,0.0,0.0,,8.756131348629088,-1.3529849986017446,0.0,0.0,0.0,6348.5,0.0,29.68,6348.5,6348.5,0.0,6348.5,0.0,0.0,0.0,0.0
1,1991.0,0.0,Tuberculosis,All,6531.269230769231,0.0,0.0,,8.784509670443834,-1.3241953938455546,0.0,0.0,0.0,6531.269230769231,0.0,30.176,6348.5,6348.5,0.0,6394.192307692308,91.38461538461577,0.0,0.028789356662082603,0.0
2,1991.0,0.0,Tuberculosis,All,6531.269230769231,0.0,0.0,,8.784509670443834,-1.3241953938455546,0.0,0.0,0.0,6531.269230769231,0.0,30.176,6531.269230769231,6439.884615384615,0.0,6439.884615384615,105.52186458419675,0.0,0.0,0.0
3,1991.0,0.0,Tuberculosis,All,6531.269230769231,0.0,0.0,,8.784509670443834,-1.3241953938455546,0.0,0.0,0.0,6531.269230769231,0.0,30.176,6531.269230769231,6531.269230769231,0.0,6485.576923076924,91.3846153846163,0.0,0.0,0.0
4,1991.0,0.0,Tuberculosis,All,6531.269230769231,0.0,0.0,,8.784509670443834,-1.3241953938455546,0.0,0.0,0.0,6531.269230769231,0.0,30.176,6531.269230769231,6531.269230769231,0.0,6531.269230769231,0.0,0.0,0.0,0.0
5,1991.0,0.0,Tuberculosis,All,6531.269230769231,0.0,0.0,,8.784509670443834,-1.3241953938455546,0.0,0.0,0.0,6531.269230769231,0.0,30.176,6531.269230769231,6531.269230769231,0.0,6531.269230769231,0.0,0.0,0.0,0.0
6,1991.0,0.0,Tuberculosis,All,6531.269230769231,0.0,0.0,,8.784509670443834,-1.3241953938455546,0.0,0.0,0.0,6531.269230769231,0.0,30.176,6531.269230769231,6531.269230769231,0.0,6531.269230769231,0.0,0.0,0.0,0.0
7,1991.0,0.0,Tuberculosis,All,6531.269230769231,0.0,0.0,,8.784509670443834,-1.3241953938455546,0.0,0.0,0.0,6531.269230769231,0.0,30.176,6531.269230769231,6531.269230769231,0.0,6531.269230769231,0.0,0.0,0.0,0.0
8,1991.0,0.0,Tuberculosis,All,6531.269230769231,0.0,0.0,,8.784509670443834,-1.3241953938455546,0.0,0.0,0.0,6531.269230769231,0.0,30.176,6531.269230769231,6531.269230769231,0.0,6531.269230769231,0.0,0.0,0.0,0.0
9,1991.0,0.0,Tuberculosis,All,6531.269230769231,0.0,0.0,,8.784509670443834,-1.3241953938455546,0.0,0.0,0.0,6531.269230769231,0.0,30.176,6531.269230769231,6531.269230769231,0.0,6531.269230769231,0.0,0.0,0.0,0.0
10,1991.0,0.0,Tuberculosis,All,6531.269230769231,0.0,0.0,,8.784509670443834,-1.3241953938455546,0.0,0.0,0.0,6531.269230769231,0.0,30.176,6531.269230769231,6531.269230769231,0.0,6531.269230769231,0.0,0.0,0.0,0.0
11,1991.0,0.0,Tuberculosis,All,6531.269230769231,0.0,0.0,,8.784509670443834,-1.3241953938455546,0.0,0.0,0.0,6531.269230769231,0.0,30.176,6531.269230769231,6531.269230769231,0.0,6531.269230769231,0.0,0.0,0.0,0.0
12,1991.0,0.0,Tuberculosis,All,6531.269230769231,0.0,0.0,,8.784509670443834,-1.3241953938455546,0.0,0.0,0.0,6531.269230769231,0.0,30.176,6531.269230769231,6531.269230769231,0.0,6531.269230769231,0.0,0.0,0.0,0.0
13,1991.0,0.0,Tuberculosis,All,6531.269230769231,0.0,0.0,,8.784509670443834,-1.3241953938455546,0.0,0.0,0.0,6531.269230769231,0.0,30.176,6531.269230769231,6531.269230769231,0.0,6531.269230769231,0.0,0.0,0.0,0.0
14,1991.0,0.0,Tuberculosis,All,6531.269230769231,0.0,0.0,,8.784509670443834,-1.3241953938455546,0.0,0.0,0.0,6531.269230769231,0.0,30.176,6531.269230769231,6531.269230769231,0.0,6531.269230769231,0.0,0.0,0.0,0.0
15,1991.0,0.0,Tuberculosis,All,6531.269230769231,0.0,0.0,,8.784509670443834,-1.3241953938455546,0.0,0.0,0.0,6531.269230769231,0.0,30.176,6531.269230769231,6531.269230769231,0.0,6531.269230769231,0.0,0.0,0.0,0.0
16,1991.0,0.0,Tuberculosis,All,6531.269230769231,0.0,0.0,,8.784509670443834,-1.3241953938455546,0.0,0.0,0.0,6531.269230769231,0.0,30.176,6531.269230769231,6531.269230769231,0.0,6531.269230769231,0.0,0.0,0.0,0.0
17,1991.0,0.0,Tuberculosis,All,6531.269230769231,0.0,0.0,,8.784509670443834,-1.3241953938455546,0.0,0.0,0.0,6531.269230769231,0.0,30.176,6531.269230769231,6531.269230769231,0.0,6531.269230769231,0.0,0.0,0.0,0.0
18,1991.0,0.0,Tuberculosis,All,6531.269230769231,0.0,0.0,,8.784509670443834,-1.3241953938455546,0.0,0.0,0.0,6531.269230769231,0.0,30.176,6531.269230769231,6531.269230769231,0.0,6531.269230769231,0.0,0.0,0.0,0.0
19,1991.0,0.0,Tuberculosis,All,6531.269230769231,0.0,0.0,,8.784509670443834,-1.3241953938455546,0.0,0.0,0.0,6531.269230769231,0.0,30.176,6531.269230769231,6531.269230769231,0.0,6531.269230769231,0.0,0.0,0.0,0.0
20,1991.0,0.0,Tuberculosis,All,6531.269230769231,0.0,0.0,,8.784509670443834,-1.3241953938455546,0.0,0.0,0.0,6531.269230769231,0.0,30.176,6531.269230769231,6531.269230769231,0.0,6531.269230769231,0.0,0.0,0.0,0.0
21,1991.0,0.0,Tuberculosis,All,6531.269230769231,0.0,0.0,,8.784509670443834,-1.3241953938455546,0.0,0.0,0.0,6531.269230769231,0.0,30.176,6531.269230769231,6531.269230769231,0.0,6531.269230769231,0.0,0.0,0.0,0.0
22,1991.0,0.0,Tuberculosis,All,6531.269230769231,0.0,0.0,,8.784509670443834,-1.3241953938455546,0.0,0.0,0.0,6531.269230769231,0.0,30.176,6531.269230769231,6531.269230769231,0.0,6531.269230769231,0.0,0.0,0.0,0.0
23,1991.0,0.0,Tuberculosis,All,6531.269230769231,0.0,0.0,,8.784509670443834,-1.3241953938455546,0.0,0.0,0.0,6531.269230769231,0.0,30.176,6531.269230769231,6531.269230769231,0.0,6531.269230769231,0.0,0.0,0.0,0.0
24,1991.0,0.0,Tuberculosis,All,6531.269230769231,0.0,0.0,,8.784509670443834,-1.3241953938455546,0.0,0.0,0.0,6531.269230769231,0.0,30.176,6531.269230769231,6531.269230769231,0.0,6531.269230769231,0.0,0.0,0.0,0.0
25,1991.0,0.0,Tuberculosis,All,6531.269230769231,0.0,0.0,,8.784509670443834,-1.3241953938455546,0.0,0.0,0.0,6531.269230769231,0.0,30.176,6531.269230769231,6531.269230769231,0.0,6531.269230769231,0.0,0.0,0.0,0.0
26,1991.0,0.0,Tuberculosis,All,6531.269230769231,0.0,0.0,,8.784509670443834,-1.3241953938455546,0.0,0.0,0.0,6531.269230769231,0.0,30.176,6531.269230769231,6531.269230769231,0.0,6531.269230769231,0.0,0.0,0.0,0.0
27,1991.0,0.0,Tuberculosis,All,6531.269230769231,0.0,0.0,,8.784509670443834,-1.3241953938455546,0.0,0.0,0.0,6531.269230769231,0.0,30.176,6531.269230769231,6531.269230769231,0.0,6531.269230769231,0.0,0.0,0.0,0.0
28,1991.0,0.0,Tuberculosis,All,6531.269230769231,0.0,0.0,,8.784509670443834,-1.3241953938455546,0.0,0.0,0.0,6531.269230769231,0.0,30.176,6531.269230769231,6531.269230769231,0.0,6531.269230769231,0.0,0.0,0.0,0.0
29,1991.0,0.0,Tuberculosis,All,6531.269230769231,0.0,0.0,,8.784509670443834,-1.3241953938455546,0.0,0.0,0.0,6531.269230769231,0.0,30.176,6531.269230769231,6531.269230769231,0.0,6531.269230769231,0.0,0.0,0.0,0.0
30,1991.0,0.0,Tuberculosis,All,6531.269230769231,0.0,0.0,,8.784509670443834,-1.3241953938455546,0.0,0.0,0.0,6531.269230769231,0.0,30.176,6531.269230769231,6531.269230769231,0.0,6531.269230769231,0.0,0.0,0.0,0.0
31,1991.0,0.0,Tuberculosis,All,6531.269230769231,0.0,0.0,,8.784509670443834,-1.3241953938455546,0.0,0.0,0.0,6531.269230769231,0.0,30.176,6531.269230769231,6531.269230769231,0.0,6531.269230769231,0.0,0.0,0.0,0.0
32,1991.0,0.0,Tuberculosis,All,6531.269230769231,0.0,0.0,,8.784509670443834,-1.3241953938455546,0.0,0.0,0.0,6531.269230769231,0.0,30.176,6531.269230769231,6531.269230769231,0.0,6531.269230769231,0.0,0.0,0.0,0.0
33,1991.0,0.0,Tuberculosis,All,6531.269230769231,0.0,0.0,,8.784509670443834,-1.3241953938455546,0.0,0.0,0.0,6531.269230769231,0.0,30.176,6531.269230769231,6531.269230769231,0.0,6531.269230769231,0.0,0.0,0.0,0.0
34,1991.0,0.0,Tuberculosis,All,6531.269230769231,0.0,0.0,,8.784509670443834,-1.3241953938455546,0.0,0.0,0.0,6531.269230769231,0.0,30.176,6531.269230769231,6531.269230769231,0.0,6531.269230769231,0.0,0.0,0.0,0.0
35,1991.0,0.0,Tuberculosis,All,6531.269230769231,0.0,0.0,,8.784509670443834,-1.3241953938455546,0.0,0.0,0.0,6531.269230769231,0.0,30.176,6531.269230769231,6531.269230769231,0.0,6531.269230769231,0.0,0.0,0.0,0.0
36,1991.0,0.0,Tuberculosis,All,6531.269230769231,0.0,0.0,,8.784509670443834,-1.3241953938455546,0.0,0.0,0.0,6531.269230769231,0.0,30.176,6531.269230769231,6531.269230769231,0.0,6531.269230769231,0.0,0.0,0.0,0.0
37,1991.0,0.0,Tuberculosis,All,6531.269230769231,0.0,0.0,,8.784509670443834,-1.3241953938455546,0.0,0.0,0.0,6531.269230769231,0.0,30.176,6531.269230769231,6531.269230769231,0.0,6531.269230769231,0.0,0.0,0.0,0.0
38,1991.0,0.0,Tuberculosis,All,6531.269230769231,0.0,0.0,,8.784509670443834,-1.3241953938455546,0.0,0.0,0.0,6531.269230769231,0.0,30.176,6531.269230769231,6531.269230769231,0.0,6531.269230769231,0.0,0.0,0.0,0.0
39,1991.0,0.0,Tuberculosis,All,6531.269230769231,0.0,0.0,,8.784509670443834,-1.3241953938455546,0.0,0.0,0.0,6531.269230769231,0.0,30.176,6531.269230769231,6531.269230769231,0.0,6531.269230769231,0.0,0.0,0.0,0.0
40,1991.0,0.0,Tuberculosis,All,6531.269230769231,0.0,0.0,,8.784509670443834,-1.3241953938455546,0.0,0.0,0.0,6531.269230769231,0.0,30.176,6531.269230769231,6531.269230769231,0.0,6531.269230769231,0.0,0.0,0.0,0.0
41,1991.0,0.0,Tuberculosis,All,6531.269230769231,0.0,0.0,,8.784509670443834,-1.3241953938455546,0.0,0.0,0.0,6531.269230769231,0.0,30.176,6531.269230769231,6531.269230769231,0.0,6531.269230769231,0.0,0.0,0.0,0.0
42,1991.0,0.0,Tuberculosis,All,6531.269230769231,0.0,0.0,,8.784509670443834,-1.3241953938455546,0.0,0.0,0.0,6531.269230769231,0.0,30.176,6531.269230769231,6531.269230769231,0.0,6531.269230769231,0.0,0.0,0.0,0.0
43,1991.0,0.0,Tuberculosis,All,6531.269230769231,0.0,0.0,,8.784509670443834,-1.3241953938455546,0.0,0.0,0.0,6531.269230769231,0.0,30.176,6531.269230769231,6531.269230769231,0.0,6531.269230769231,0.0,0.0,0.0,0.0
44,1991.0,0.0,Tuberculosis,All,6531.269230769231,0.0,0.0,,8.784509670443834,-1.3241953938455546,0.0,0.0,0.0,6531.269230769231,0.0,30.176,6531.269230769231,6531.269230769231,0.0,6531.269230769231,0.0,0.0,0.0,0.0
45,1991.0,0.0,Tuberculosis,All,6531.269230769231,0.0,0.0,,8.784509670443834,-1.3241953938455546,0.0,0.0,0.0,6531.269230769231,0.0,30.176,6531.269230769231,6531.269230769231,0.0,6531.269230769231,0.0,0.0,0.0,0.0
46,1991.0,0.0,Tuberculosis,All,6531.269230769231,0.0,0.0,,8.784509670443834,-1.3241953938455546,0.0,0.0,0.0,6531.269230769231,0.0,30.176,6531.269230769231,6531.269230769231,0.0,6531.269230769231,0.0,0.0,0.0,0.0
47,1991.0,0.0,Tuberculosis,All,6531.269230769231,0.0,0.0,,8.784509670443834,-1.3241953938455546,0.0,0.0,0.0,6531.269230769231,0.0,30.176,6531.269230769231,6531.269230769231,0.0,6531.269230769231,0.0,0.0,0.0,0.0
48,1991.0,0.0,Tuberculosis,All,6531.269230769231,0.0,0.0,,8.784509670443834,-1.3241953938455546,0.0,0.0,0.0,6531.269230769231,0.0,30.176,6531.269230769231,6531.269230769231,0.0,6531.269230769231,0.0,0.0,0.0,0.0
49,1991.0,0.0,Tuberculosis,All,6531.269230769231,0.0,0.0,,8.784509670443834,-1.3241953938455546,0.0,0.0,0.0,6531.269230769231,0.0,30.176,6531.269230769231,6531.269230769231,0.0,6531.269230769231,0.0,0.0,0.0,0.0
50,1991.0,0.0,Tuberculosis,All,6531.269230769231,0.0,0.0,,8.784509670443834,-1.3241953938455546,0.0,0.0,0.0,6531.269230769231,0.0,30.176,6531.269230769231,6531.269230769231,0.0,6531.269230769231,0.0,0.0,0.0,0.0
51,1991.0,0.0,Tuberculosis,All,6531.269230769231,0.0,0.0,,8.784509670443834,-1.3241953938455546,0.0,0.0,0.0,6531.269230769231,0.0,30.176,6531.269230769231,6531.269230769231,0.0,6531.269230769231,0.0,0.0,0.0,0.0
52,1991.0,0.0,Tuberculosis,All,6531.269230769231,0.0,0.0,,8.784509670443834,-1.3241953938455546,0.0,0.0,0.0,6531.269230769231,0.0,30.176,6531.269230769231,6531.269230769231,0.0,6531.269230769231,0.0,0.0,0.0,0.0
1,1992.0,0.0,Tuberculosis,All,6630.8076923076915,0.0,0.0,,8.799632699456788,-1.3085162067434881,0.0,0.0,0.0,6630.8076923076915,0.0,30.677,6531.269230769231,6531.269230769231,0.0,6556.153846153847,49.76923076923242,0.0,0.01524029373487284,0.0
2,1992.0,0.0,Tuberculosis,All,6630.8076923076915,0.0,0.0,,8.799632699456788,-1.3085162067434881,0.0,0.0,0.0,6630.8076923076915,0.0,30.677,6630.8076923076915,6581.038461538461,0.0,6581.038461538462,57.46855756395362,0.0,0.0,0.0
3,1992.0,0.0,Tuberculosis,All,6630.8076923076915,0.0,0.0,,8.799632699456788,-1.3085162067434881,0.0,0.0,0.0,6630.8076923076915,0.0,30.677,6630.8076923076915,6630.8076923076915,0.0,6605.923076923076,49.76923076923318,0.0,0.0,0.0
4,1992.0,0.0,Tuberculosis,All,6630.8076923076915,0.0,0.0,,8.799632699456788,-1.3085162067434881,0.0,0.0,0.0,6630.8076923076915,0.0,30.677,6630.8076923076915,6630.8076923076915,0.0,6630.8076923076915,0.0,0.0,0.0,0.0
5,1992.0,0.0,Tuberculosis,All,6630.8076923076915,0.0,0.0,,8.799632699456788,-1.3085162067434881,0.0,0.0,0.0,6630.8076923076915,0.0,30.677,6630.8076923076915,6630.8076923076915,0.0,6630.8076923076915,0.0,0.0,0.0,0.0
6,1992.0,0.0,Tuberculosis,All,6630.8076923076915,0.0,0.0,,8.799632699456788,-1.3085162067434881,0.0,0.0,0.0,6630.8076923076915,0.0,30.677,6630.8076923076915,6630.8076923076915,0.0,6630.8076923076915,0.0,0.0,0.0,0.0
7,1992.0,0.0,Tuberculosis,All,6630.8076923076915,0.0,0.0,,8.799632699456788,-1.3085162067434881,0.0,0.0,0.0,6630.8076923076915,0.0,30.677,6630.8076923076915,6630.8076923076915,0.0,6630.8076923076915,0.0,0.0,0.0,0.0
8,1992.0,0.0,Tuberculosis,All,6630.8076923076915,0.0,0.0,,8.799632699456788,-1.3085162067434881,0.0,0.0,0.0,6630.8076923076915,0.0,30.677,6630.8076923076915,6630.8076923076915,0.0,6630.8076923076915,0.0,0.0,0.0,0.0
9,1992.0,0.0,Tuberculosis,All,6630.8076923076915,0.0,0.0,,8.799632699456788,-1.3085162067434881,0.0,0.0,0.0,6630.8076923076915,0.0,30.677,6630.8076923076915,6630.8076923076915,0.0,6630.8076923076915,0.0,0.0,0.0,0.0
10,1992.0,0.0,Tuberculosis,All,6630.8076923076915,0.0,0.0,,8.799632699456788,-1.3085162067434881,0.0,0.0,0.0,6630.8076923076915,0.0,30.677,6630.8076923076915,6630.8076923076915,0.0,6630.8076923076915,0.0,0.0,0.0,0.0
11,1992.0,0.0,Tuberculosis,All,6630.8076923076915,0.0,0.0,,8.799632699456788,-1.3085162067434881,0.0,0.0,0.0,6630.8076923076915,0.0,30.677,6630.8076923076915,6630.8076923076915,0.0,6630.8076923076915,0.0,0.0,0.0,0.0
12,1992.0,0.0,Tuberculosis,All,6630.8076923076915,0.0,0.0,,8.799632699456788,-1.3085162067434881,0.0,0.0,0.0,6630.8076923076915,0.0,30.677,6630.8076923076915,6630.8076923076915,0.0,6630.8076923076915,0.0,0.0,0.0,0.0
13,1992.0,0.0,Tuberculosis,All,6630.8076923076915,0.0,0.0,,8.799632699456788,-1.3085162067434881,0.0,0.0,0.0,6630.8076923076915,0.0,30.677,6630.8076923076915,6630.8076923076915,0.0,6630.8076923076915,0.0,0.0,0.0,0.0
14,1992.0,0.0,Tuberculosis,All,6630.8076923076915,0.0,0.0,,8.799632699456788,-1.3085162067434881,0.0,0.0,0.0,6630.8076923076915,0.0,30.677,6630.8076923076915,6630.8076923076915,0.0,6630.8076923076915,0.0,0.0,0.0,0.0
15,1992.0,0.0,Tuberculosis,All,6630.8076923076915,0.0,0.0,,8.799632699456788,-1.3085162067434881,0.0,0.0,0.0,6630.8076923076915,0.0,30.677,6630.8076923076915,6630.8076923076915,0.0,6630.8076923076915,0.0,0.0,0.0,0.0
16,1992.0,0.0,Tuberculosis,All,6630.8076923076915,0.0,0.0,,8.799632699456788,-1.3085162067434881,0.0,0.0,0.0,6630.8076923076915,0.0,30.677,6630.8076923076915,6630.8076923076915,0.0,6630.8076923076915,0.0,0.0,0.0,0.0
17,1992.0,0.0,Tuberculosis,All,6630.8076923076915,0.0,0.0,,8.799632699456788,-1.3085162067434881,0.0,0.0,0.0,6630.8076923076915,0.0,30.677,6630.8076923076915,6630.8076923076915,0.0,6630.8076923076915,0.0,0.0,0.0,0.0
18,1992.0,0.0,Tuberculosis,All,6630.8076923076915,0.0,0.0,,8.799632699456788,-1.3085162067434881,0.0,0.0,0.0,6630.8076923076915,0.0,30.677,6630.8076923076915,6630.8076923076915,0.0,6630.8076923076915,0.0,0.0,0.0,0.0
19,1992.0,0.0,Tuberculosis,All,6630.8076923076915,0.0,0.0,,8.799632699456788,-1.3085162067434881,0.0,0.0,0.0,6630.8076923076915,0.0,30.677,6630.8076923076915,6630.8076923076915,0.0,6630.8076923076915,0.0,0.0,0.0,0.0
20,1992.0,0.0,Tuberculosis,All,6630.8076923076915,0.0,0.0,,8.799632699456788,-1.3085162067434881,0.0,0.0,0.0,6630.8076923076915,0.0,30.677,6630.8076923076915,6630.8076923076915,0.0,6630.8076923076915,0.0,0.0,0.0,0.0
21,1992.0,0.0,Tuberculosis,All,6630.8076923076915,0.0,0.0,,8.799632699456788,-1.3085162067434881,0.0,0.0,0.0,6630.8076923076915,0.0,30.677,6630.8076923076915,6630.8076923076915,0.0,6630.8076923076915,0.0,0.0,0.0,0.0
22,1992.0,0.0,Tuberculosis,All,6630.8076923076915,0.0,0.0,,8.799632699456788,-1.3085162067434881,0.0,0.0,0.0,6630.8076923076915,0.0,30.677,6630.8076923076915,6630.8076923076915,0.0,6630.8076923076915,0.0,0.0,0.0,0.0
23,1992.0,0.0,Tuberculosis,All,6630.8076923076915,0.0,0.0,,8.799632699456788,-1.3085162067434881,0.0,0.0,0.0,6630.8076923076915,0.0,30.677,6630.8076923076915,6630.8076923076915,0.0,6630.8076923076915,0.0,0.0,0.0,0.0
24,1992.0,0.0,Tuberculosis,All,6630.8076923076915,0.0,0.0,,8.799632699456788,-1.3085162067434881,0.0,0.0,0.0,6630.8076923076915,0.0,30.677,6630.8076923076915,6630.8076923076915,0.0,6630.8076923076915,0.0,0.0,0.0,0.0
25,1992.0,0.0,Tuberculosis,All,6630.8076923076915,0.0,0.0,,8.799632699456788,-1.3085162067434881,0.0,0.0,0.0,6630.8076923076915,0.0,30.677,6630.8076923076915,6630.8076923076915,0.0,6630.8076923076915,0.0,0.0,0.0,0.0
26,1992.0,0.0,Tuberculosis,All,6630.8076923076915,0.0,0.0,,8.799632699456788,-1.3085162067434881,0.0,0.0,0.0,6630.8076923076915,0.0,30.677,6630.8076923076915,6630.8076923076915,0.0,6630.8076923076915,0.0,0.0,0.0,0.0
27,1992.0,0.0,Tuberculosis,All,6630.8076923076915,0.0,0.0,,8.799632699456788,-1.3085162067434881,0.0,0.0,0.0,6630.8076923076915,0.0,30.677,6630.8076923076915,6630.8076923076915,0.0,6630.8076923076915,0.0,0.0,0.0,0.0
28,1992.0,0.0,Tuberculosis,All,6630.8076923076915,0.0,0.0,,8.799632699456788,-1.3085162067434881,0.0,0.0,0.0,6630.8076923076915,0.0,30.677,6630.8076923076915,6630.8076923076915,0.0,6630.8076923076915,0.0,0.0,0.0,0.0
29,1992.0,0.0,Tuberculosis,All,6630.8076923076915,0.0,0.0,,8.799632699456788,-1.3085162067434881,0.0,0.0,0.0,6630.8076923076915,0.0,30.677,6630.8076923076915,6630.8076923076915,0.0,6630.8076923076915,0.0,0.0,0.0,0.0
30,1992.0,0.0,Tuberculosis,All,6630.8076923076915,0.0,0.0,,8.799632699456788,-1.3085162067434881,0.0,0.0,0.0,6630.8076923076915,0.0,30.677,6630.8076923076915,6630.8076923076915,0.0,6630.8076923076915,0.0,0.0,0.0,0.0
31,1992.0,0.0,Tuberculosis,All,6630.8076923076915,0.0,0.0,,8.799632699456788,-1.3085162067434881,0.0,0.0,0.0,6630.8076923076915,0.0,30.677,6630.8076923076915,6630.8076923076915,0.0,6630.8076923076915,0.0,0.0,0.0,0.0
32,1992.0,0.0,Tuberculosis,All,6630.8076923076915,0.0,0.0,,8.799632699456788,-1.3085162067434881,0.0,0.0,0.0,6630.8076923076915,0.0,30.677,6630.8076923076915,6630.8076923076915,0.0,6630.8076923076915,0.0,0.0,0.0,0.0
33,1992.0,0.0,Tuberculosis,All,6630.8076923076915,0.0,0.0,,8.799632699456788,-1.3085162067434881,0.0,0.0,0.0,6630.8076923076915,0.0,30.677,6630.8076923076915,6630.8076923076915,0.0,6630.8076923076915,0.0,0.0,0.0,0.0
34,1992.0,0.0,Tuberculosis,All,6630.8076923076915,0.0,0.0,,8.799632699456788,-1.3085162067434881,0.0,0.0,0.0,6630.8076923076915,0.0,30.677,6630.8076923076915,6630.8076923076915,0.0,6630.8076923076915,0.0,0.0,0.0,0.0
35,1992.0,0.0,Tuberculosis,All,6630.8076923076915,0.0,0.0,,8.799632699456788,-1.3085162067434881,0.0,0.0,0.0,6630.8076923076915,0.0,30.677,6630.8076923076915,6630.8076923076915,0.0,6630.8076923076915,0.0,0.0,0.0,0.0
36,1992.0,0.0,Tuberculosis,All,6630.8076923076915,0.0,0.0,,8.799632699456788,-1.3085162067434881,0.0,0.0,0.0,6630.8076923076915,0.0,30.677,6630.8076923076915,6630.8076923076915,0.0,6630.8076923076915,0.0,0.0,0.0,0.0
37,1992.0,0.0,Tuberculosis,All,6630.8076923076915,0.0,0.0,,8.799632699456788,-1.3085162067434881,0.0,0.0,0.0,6630.8076923076915,0.0,30.677,6630.8076923076915,6630.8076923076915,0.0,6630.8076923076915,0.0,0.0,0.0,0.0
38,1992.0,0.0,Tuberculosis,All,6630.8076923076915,0.0,0.0,,8.799632699456788,-1.3085162067434881,0.0,0.0,0.0,6630.8076923076915,0.0,30.677,6630.8076923076915,6630.8076923076915,0.0,6630.8076923076915,0.0,0.0,0.0,0.0
39,1992.0,0.0,Tuberculosis,All,6630.8076923076915,0.0,0.0,,8.799632699456788,-1.3085162067434881,0.0,0.0,0.0,6630.8076923076915,0.0,30.677,6630.8076923076915,6630.8076923076915,0.0,6630.8076923076915,0.0,0.0,0.0,0.0
40,1992.0,0.0,Tuberculosis,All,6630.8076923076915,0.0,0.0,,8.799632699456788,-1.3085162067434881,0.0,0.0,0.0,6630.8076923076915,0.0,30.677,6630.8076923076915,6630.8076923076915,0.0,6630.8076923076915,0.0,0.0,0.0,0.0
41,1992.0,0.0,Tuberculosis,All,6630.8076923076915,0.0,0.0,,8.799632699456788,-1.3085162067434881,0.0,0.0,0.0,6630.8076923076915,0.0,30.677,6630.8076923076915,6630.8076923076915,0.0,6630.8076923076915,0.0,0.0,0.0,0.0
42,1992.0,0.0,Tuberculosis,All,6630.8076923076915,0.0,0.0,,8.799632699456788,-1.3085162067434881,0.0,0.0,0.0,6630.8076923076915,0.0,30.677,6630.8076923076915,6630.8076923076915,0.0,6630.8076923076915,0.0,0.0,0.0,0.0
43,1992.0,0.0,Tuberculosis,All,6630.8076923076915,0.0,0.0,,8.799632699456788,-1.3085162067434881,0.0,0.0,0.0,6630.8076923076915,0.0,30.677,6630.8076923076915,6630.8076923076915,0.0,6630.8076923076915,0.0,0.0,0.0,0.0
44,1992.0,0.0,Tuberculosis,All,6630.8076923076915,0.0,0.0,,8.799632699456788,-1.3085162067434881,0.0,0.0,0.0,6630.8076923076915,0.0,30.677,6630.8076923076915,6630.8076923076915,0.0,6630.8076923076915,0.0,0.0,0.0,0.0
45,1992.0,0.0,Tuberculosis,All,6630.8076923076915,0.0,0.0,,8.799632699456788,-1.3085162067434881,0.0,0.0,0.0,6630.8076923076915,0.0,30.677,6630.8076923076915,6630.8076923076915,0.0,6630.8076923076915,0.0,0.0,0.0,0.0
46,1992.0,0.0,Tuberculosis,All,6630.8076923076915,0.0,0.0,,8.799632699456788,-1.3085162067434881,0.0,0.0,0.0,6630.8076923076915,0.0,30.677,6630.8076923076915,6630.8076923076915,0.0,6630.8076923076915,0.0,0.0,0.0,0.0
47,1992.0,0.0,Tuberculosis,All,6630.8076923076915,0.0,0.0,,8.799632699456788,-1.3085162067434881,0.0,0.0,0.0,6630.8076923076915,0.0,30.677,6630.8076923076915,6630.8076923076915,0.0,6630.8076923076915,0.0,0.0,0.0,0.0
48,1992.0,0.0,Tuberculosis,All,6630.8076923076915,0.0,0.0,,8.799632699456788,-1.3085162067434881,0.0,0.0,0.0,6630.8076923076915,0.0,30.677,6630.8076923076915,6630.8076923076915,0.0,6630.8076923076915,0.0,0.0,0.0,0.0
49,1992.0,0.0,Tuberculosis,All,6630.8076923076915,0.0,0.0,,8.799632699456788,-1.3085162067434881,0.0,0.0,0.0,6630.8076923076915,0.0,30.677,6630.8076923076915,6630.8076923076915,0.0,6630.8076923076915,0.0,0.0,0.0,0.0
50,1992.0,0.0,Tuberculosis,All,6630.8076923076915,0.0,0.0,,8.799632699456788,-1.3085162067434881,0.0,0.0,0.0,6630.8076923076915,0.0,30.677,6630.8076923076915,6630.8076923076915,0.0,6630.8076923076915,0.0,0.0,0.0,0.0
51,1992.0,0.0,Tuberculosis,All,6630.8076923076915,0.0,0.0,,8.799632699456788,-1.3085162067434881,0.0,0.0,0.0,6630.8076923076915,0.0,30.677,6630.8076923076915,6630.8076923076915,0.0,6630.8076923076915,0.0,0.0,0.0,0.0
52,1992.0,0.0,Tuberculosis,All,6630.8076923076915,0.0,0.0,,8.799632699456788,-1.3085162067434881,0.0,0.0,0.0,6630.8076923076915,0.0,30.677,6630.8076923076915,6630.8076923076915,0.0,6630.8076923076915,0.0,0.0,0.0,0.0
1,1993.0,0.0,Tuberculosis,All,6761.557692307692,0.0,0.0,,8.819156454328356,-1.2879206130211251,0.0,0.0,0.0,6761.557692307692,0.0,31.182,6630.8076923076915,6630.8076923076915,0.0,6663.4951923076915,65.37500000000298,0.0,0.019718563117383448,0.0
2,1993.0,0.0,Tuberculosis,All,6761.557692307692,0.0,0.0,,8.819156454328356,-1.2879206130211251,0.0,0.0,0.0,6761.557692307692,0.0,31.182,6761.557692307692,6696.1826923076915,0.0,6696.1826923076915,75.48854769654652,0.0,0.0,0.0
3,1993.0,0.0,Tuberculosis,All,6761.557692307692,0.0,0.0,,8.819156454328356,-1.2879206130211251,0.0,0.0,0.0,6761.557692307692,0.0,31.182,6761.557692307692,6761.557692307692,0.0,6728.870192307692,65.37500000000351,0.0,0.0,0.0
4,1993.0,0.0,Tuberculosis,All,6761.557692307692,0.0,0.0,,8.819156454328356,-1.2879206130211251,0.0,0.0,0.0,6761.557692307692,0.0,31.182,6761.557692307692,6761.557692307692,0.0,6761.557692307692,0.0,0.0,0.0,0.0
5,1993.0,0.0,Tuberculosis,All,6761.557692307692,0.0,0.0,,8.819156454328356,-1.2879206130211251,0.0,0.0,0.0,6761.557692307692,0.0,31.182,6761.557692307692,6761.557692307692,0.0,6761.557692307692,0.0,0.0,0.0,0.0
6,1993.0,0.0,Tuberculosis,All,6761.557692307692,0.0,0.0,,8.819156454328356,-1.2879206130211251,0.0,0.0,0.0,6761.557692307692,0.0,31.182,6761.557692307692,6761.557692307692,0.0,6761.557692307692,0.0,0.0,0.0,0.0
7,1993.0,0.0,Tuberculosis,All,6761.557692307692,0.0,0.0,,8.819156454328356,-1.2879206130211251,0.0,0.0,0.0,6761.557692307692,0.0,31.182,6761.557692307692,6761.557692307692,0.0,6761.557692307692,0.0,0.0,0.0,0.0
8,1993.0,0.0,Tuberculosis,All,6761.557692307692,0.0,0.0,,8.819156454328356,-1.2879206130211251,0.0,0.0,0.0,6761.557692307692,0.0,31.182,6761.557692307692,6761.557692307692,0.0,6761.557692307692,0.0,0.0,0.0,0.0
9,1993.0,0.0,Tuberculosis,All,6761.557692307692,0.0,0.0,,8.819156454328356,-1.2879206130211251,0.0,0.0,0.0,6761.557692307692,0.0,31.182,6761.557692307692,6761.557692307692,0.0,6761.557692307692,0.0,0.0,0.0,0.0
10,1993.0,0.0,Tuberculosis,All,6761.557692307692,0.0,0.0,,8.819156454328356,-1.2879206130211251,0.0,0.0,0.0,6761.557692307692,0.0,31.182,6761.557692307692,6761.557692307692,0.0,6761.557692307692,0.0,0.0,0.0,0.0
11,1993.0,0.0,Tuberculosis,All,6761.557692307692,0.0,0.0,,8.819156454328356,-1.2879206130211251,0.0,0.0,0.0,6761.557692307692,0.0,31.182,6761.557692307692,6761.557692307692,0.0,6761.557692307692,0.0,0.0,0.0,0.0
12,1993.0,0.0,Tuberculosis,All,6761.557692307692,0.0,0.0,,8.819156454328356,-1.2879206130211251,0.0,0.0,0.0,6761.557692307692,0.0,31.182,6761.557692307692,6761.557692307692,0.0,6761.557692307692,0.0,0.0,0.0,0.0
13,1993.0,0.0,Tuberculosis,All,6761.557692307692,0.0,0.0,,8.819156454328356,-1.2879206130211251,0.0,0.0,0.0,6761.557692307692,0.0,31.182,6761.557692307692,6761.557692307692,0.0,6761.557692307692,0.0,0.0,0.0,0.0
14,1993.0,0.0,Tuberculosis,All,6761.557692307692,0.0,0.0,,8.819156454328356,-1.2879206130211251,0.0,0.0,0.0,6761.557692307692,0.0,31.182,6761.557692307692,6761.557692307692,0.0,6761.557692307692,0.0,0.0,0.0,0.0
15,1993.0,0.0,Tuberculosis,All,6761.557692307692,0.0,0.0,,8.819156454328356,-1.2879206130211251,0.0,0.0,0.0,6761.557692307692,0.0,31.182,6761.557692307692,6761.557692307692,0.0,6761.557692307692,0.0,0.0,0.0,0.0
16,1993.0,0.0,Tuberculosis,All,6761.557692307692,0.0,0.0,,8.819156454328356,-1.2879206130211251,0.0,0.0,0.0,6761.557692307692,0.0,31.182,6761.557692307692,6761.557692307692,0.0,6761.557692307692,0.0,0.0,0.0,0.0
17,1993.0,0.0,Tuberculosis,All,6761.557692307692,0.0,0.0,,8.819156454328356,-1.2879206130211251,0.0,0.0,0.0,6761.557692307692,0.0,31.182,6761.557692307692,6761.557692307692,0.0,6761.557692307692,0.0,0.0,0.0,0.0
18,1993.0,0.0,Tuberculosis,All,6761.557692307692,0.0,0.0,,8.819156454328356,-1.2879206130211251,0.0,0.0,0.0,6761.557692307692,0.0,31.182,6761.557692307692,6761.557692307692,0.0,6761.557692307692,0.0,0.0,0.0,0.0
19,1993.0,0.0,Tuberculosis,All,6761.557692307692,0.0,0.0,,8.819156454328356,-1.2879206130211251,0.0,0.0,0.0,6761.557692307692,0.0,31.182,6761.557692307692,6761.557692307692,0.0,6761.557692307692,0.0,0.0,0.0,0.0
20,1993.0,0.0,Tuberculosis,All,6761.557692307692,0.0,0.0,,8.819156454328356,-1.2879206130211251,0.0,0.0,0.0,6761.557692307692,0.0,31.182,6761.557692307692,6761.557692307692,0.0,6761.557692307692,0.0,0.0,0.0,0.0
21,1993.0,0.0,Tuberculosis,All,6761.557692307692,0.0,0.0,,8.819156454328356,-1.2879206130211251,0.0,0.0,0.0,6761.557692307692,0.0,31.182,6761.557692307692,6761.557692307692,0.0,6761.557692307692,0.0,0.0,0.0,0.0
22,1993.0,0.0,Tuberculosis,All,6761.557692307692,0.0,0.0,,8.819156454328356,-1.2879206130211251,0.0,0.0,0.0,6761.557692307692,0.0,31.182,6761.557692307692,6761.557692307692,0.0,6761.557692307692,0.0,0.0,0.0,0.0
23,1993.0,0.0,Tuberculosis,All,6761.557692307692,0.0,0.0,,8.819156454328356,-1.2879206130211251,0.0,0.0,0.0,6761.557692307692,0.0,31.182,6761.557692307692,6761.557692307692,0.0,6761.557692307692,0.0,0.0,0.0,0.0
24,1993.0,0.0,Tuberculosis,All,6761.557692307692,0.0,0.0,,8.819156454328356,-1.2879206130211251,0.0,0.0,0.0,6761.557692307692,0.0,31.182,6761.557692307692,6761.557692307692,0.0,6761.557692307692,0.0,0.0,0.0,0.0
25,1993.0,0.0,Tuberculosis,All,6761.557692307692,0.0,0.0,,8.819156454328356,-1.2879206130211251,0.0,0.0,0.0,6761.557692307692,0.0,31.182,6761.557692307692,6761.557692307692,0.0,6761.557692307692,0.0,0.0,0.0,0.0
26,1993.0,0.0,Tuberculosis,All,6761.557692307692,0.0,0.0,,8.819156454328356,-1.2879206130211251,0.0,0.0,0.0,6761.557692307692,0.0,31.182,6761.557692307692,6761.557692307692,0.0,6761.557692307692,0.0,0.0,0.0,0.0
27,1993.0,0.0,Tuberculosis,All,6761.557692307692,0.0,0.0,,8.819156454328356,-1.2879206130211251,0.0,0.0,0.0,6761.557692307692,0.0,31.182,6761.557692307692,6761.557692307692,0.0,6761.557692307692,0.0,0.0,0.0,0.0
28,1993.0,0.0,Tuberculosis,All,6761.557692307692,0.0,0.0,,8.819156454328356,-1.2879206130211251,0.0,0.0,0.0,6761.557692307692,0.0,31.182,6761.557692307692,6761.557692307692,0.0,6761.557692307692,0.0,0.0,0.0,0.0
29,1993.0,0.0,Tuberculosis,All,6761.557692307692,0.0,0.0,,8.819156454328356,-1.2879206130211251,0.0,0.0,0.0,6761.557692307692,0.0,31.182,6761.557692307692,6761.557692307692,0.0,6761.557692307692,0.0,0.0,0.0,0.0
30,1993.0,0.0,Tuberculosis,All,6761.557692307692,0.0,0.0,,8.819156454328356,-1.2879206130211251,0.0,0.0,0.0,6761.557692307692,0.0,31.182,6761.557692307692,6761.557692307692,0.0,6761.557692307692,0.0,0.0,0.0,0.0
31,1993.0,0.0,Tuberculosis,All,6761.557692307692,0.0,0.0,,8.819156454328356,-1.2879206130211251,0.0,0.0,0.0,6761.557692307692,0.0,31.182,6761.557692307692,6761.557692307692,0.0,6761.557692307692,0.0,0.0,0.0,0.0
32,1993.0,0.0,Tuberculosis,All,6761.557692307692,0.0,0.0,,8.819156454328356,-1.2879206130211251,0.0,0.0,0.0,6761.557692307692,0.0,31.182,6761.557692307692,6761.557692307692,0.0,6761.557692307692,0.0,0.0,0.0,0.0
33,1993.0,0.0,Tuberculosis,All,6761.557692307692,0.0,0.0,,8.819156454328356,-1.2879206130211251,0.0,0.0,0.0,6761.557692307692,0.0,31.182,6761.557692307692,6761.557692307692,0.0,6761.557692307692,0.0,0.0,0.0,0.0
34,1993.0,0.0,Tuberculosis,All,6761.557692307692,0.0,0.0,,8.819156454328356,-1.2879206130211251,0.0,0.0,0.0,6761.557692307692,0.0,31.182,6761.557692307692,6761.557692307692,0.0,6761.557692307692,0.0,0.0,0.0,0.0
35,1993.0,0.0,Tuberculosis,All,6761.557692307692,0.0,0.0,,8.819156454328356,-1.2879206130211251,0.0,0.0,0.0,6761.557692307692,0.0,31.182,6761.557692307692,6761.557692307692,0.0,6761.557692307692,0.0,0.0,0.0,0.0
36,1993.0,0.0,Tuberculosis,All,6761.557692307692,0.0,0.0,,8.819156454328356,-1.2879206130211251,0.0,0.0,0.0,6761.557692307692,0.0,31.182,6761.557692307692,6761.557692307692,0.0,6761.557692307692,0.0,0.0,0.0,0.0
37,1993.0,0.0,Tuberculosis,All,6761.557692307692,0.0,0.0,,8.819156454328356,-1.2879206130211251,0.0,0.0,0.0,6761.557692307692,0.0,31.182,6761.557692307692,6761.557692307692,0.0,6761.557692307692,0.0,0.0,0.0,0.0
38,1993.0,0.0,Tuberculosis,All,6761.557692307692,0.0,0.0,,8.819156454328356,-1.2879206130211251,0.0,0.0,0.0,6761.557692307692,0.0,31.182,6761.557692307692,6761.557692307692,0.0,6761.557692307692,0.0,0.0,0.0,0.0
39,1993.0,0.0,Tuberculosis,All,6761.557692307692,0.0,0.0,,8.819156454328356,-1.2879206130211251,0.0,0.0,0.0,6761.557692307692,0.0,31.182,6761.557692307692,6761.557692307692,0.0,6761.557692307692,0.0,0.0,0.0,0.0
40,1993.0,0.0,Tuberculosis,All,6761.557692307692,0.0,0.0,,8.819156454328356,-1.2879206130211251,0.0,0.0,0.0,6761.557692307692,0.0,31.182,6761.557692307692,6761.557692307692,0.0,6761.557692307692,0.0,0.0,0.0,0.0
41,1993.0,0.0,Tuberculosis,All,6761.557692307692,0.0,0.0,,8.819156454328356,-1.2879206130211251,0.0,0.0,0.0,6761.557692307692,0.0,31.182,6761.557692307692,6761.557692307692,0.0,6761.557692307692,0.0,0.0,0.0,0.0
42,1993.0,0.0,Tuberculosis,All,6761.557692307692,0.0,0.0,,8.819156454328356,-1.2879206130211251,0.0,0.0,0.0,6761.557692307692,0.0,31.182,6761.557692307692,6761.557692307692,0.0,6761.557692307692,0.0,0.0,0.0,0.0
43,1993.0,0.0,Tuberculosis,All,6761.557692307692,0.0,0.0,,8.819156454328356,-1.2879206130211251,0.0,0.0,0.0,6761.557692307692,0.0,31.182,6761.557692307692,6761.557692307692,0.0,6761.557692307692,0.0,0.0,0.0,0.0
44,1993.0,0.0,Tuberculosis,All,6761.557692307692,0.0,0.0,,8.819156454328356,-1.2879206130211251,0.0,0.0,0.0,6761.557692307692,0.0,31.182,6761.557692307692,6761.557692307692,0.0,6761.557692307692,0.0,0.0,0.0,0.0
45,1993.0,0.0,Tuberculosis,All,6761.557692307692,0.0,0.0,,8.819156454328356,-1.2879206130211251,0.0,0.0,0.0,6761.557692307692,0.0,31.182,6761.557692307692,6761.557692307692,0.0,6761.557692307692,0.0,0.0,0.0,0.0
46,1993.0,0.0,Tuberculosis,All,6761.557692307692,0.0,0.0,,8.819156454328356,-1.2879206130211251,0.0,0.0,0.0,6761.557692307692,0.0,31.182,6761.557692307692,6761.557692307692,0.0,6761.557692307692,0.0,0.0,0.0,0.0
47,1993.0,0.0,Tuberculosis,All,6761.557692307692,0.0,0.0,,8.819156454328356,-1.2879206130211251,0.0,0.0,0.0,6761.557692307692,0.0,31.182,6761.557692307692,6761.557692307692,0.0,6761.557692307692,0.0,0.0,0.0,0.0
48,1993.0,0.0,Tuberculosis,All,6761.557692307692,0.0,0.0,,8.819156454328356,-1.2879206130211251,0.0,0.0,0.0,6761.557692307692,0.0,31.182,6761.557692307692,6761.557692307692,0.0,6761.557692307692,0.0,0.0,0.0,0.0
49,1993.0,0.0,Tuberculosis,All,6761.557692307692,0.0,0.0,,8.819156454328356,-1.2879206130211251,0.0,0.0,0.0,6761.557692307692,0.0,31.182,6761.557692307692,6761.557692307692,0.0,6761.557692307692,0.0,0.0,0.0,0.0
50,1993.0,0.0,Tuberculosis,All,6761.557692307692,0.0,0.0,,8.819156454328356,-1.2879206130211251,0.0,0.0,0.0,6761.557692307692,0.0,31.182,6761.557692307692,6761.557692307692,0.0,6761.557692307692,0.0,0.0,0.0,0.0
51,1993.0,0.0,Tuberculosis,All,6761.557692307692,0.0,0.0,,8.819156454328356,-1.2879206130211251,0.0,0.0,0.0,6761.557692307692,0.0,31.182,6761.557692307692,6761.557692307692,0.0,6761.557692307692,0.0,0.0,0.0,0.0
52,1993.0,0.0,Tuberculosis,All,6761.557692307692,0.0,0.0,,8.819156454328356,-1.2879206130211251,0.0,0.0,0.0,6761.557692307692,0.0,31.182,6761.557692307692,6761.557692307692,0.0,6761.557692307692,0.0,0.0,0.0,0.0
1,1994.0,0.0,Tuberculosis,All,6893.250000000001,0.0,0.0,,8.838443009836773,-1.2671765880452845,0.0,0.0,0.0,6893.250000000001,0.0,31.691,6761.557692307692,6761.557692307692,0.0,6794.4807692307695,65.84615384615829,0.0,0.0194766226489687,0.0
2,1994.0,0.0,Tuberculosis,All,6893.250000000001,0.0,0.0,,8.838443009836773,-1.2671765880452845,0.0,0.0,0.0,6893.250000000001,0.0,31.691,6893.250000000001,6827.403846153847,0.0,6827.403846153846,76.03258929636142,0.0,0.0,0.0
3,1994.0,0.0,Tuberculosis,All,6893.250000000001,0.0,0.0,,8.838443009836773,-1.2671765880452845,0.0,0.0,0.0,6893.250000000001,0.0,31.691,6893.250000000001,6893.250000000001,0.0,6860.326923076924,65.84615384615957,0.0,0.0,0.0
4,1994.0,0.0,Tuberculosis,All,6893.250000000001,0.0,0.0,,8.838443009836773,-1.2671765880452845,0.0,0.0,0.0,6893.250000000001,0.0,31.691,6893.250000000001,6893.250000000001,0.0,6893.250000000001,0.0,0.0,0.0,0.0
5,1994.0,0.0,Tuberculosis,All,6893.250000000001,0.0,0.0,,8.838443009836773,-1.2671765880452845,0.0,0.0,0.0,6893.250000000001,0.0,31.691,6893.250000000001,6893.250000000001,0.0,6893.250000000001,0.0,0.0,0.0,0.0
6,1994.0,0.0,Tuberculosis,All,6893.250000000001,0.0,0.0,,8.838443009836773,-1.2671765880452845,0.0,0.0,0.0,6893.250000000001,0.0,31.691,6893.250000000001,6893.250000000001,0.0,6893.250000000001,0.0,0.0,0.0,0.0
7,1994.0,0.0,Tuberculosis,All,6893.250000000001,0.0,0.0,,8.838443009836773,-1.2671765880452845,0.0,0.0,0.0,6893.250000000001,0.0,31.691,6893.250000000001,6893.250000000001,0.0,6893.250000000001,0.0,0.0,0.0,0.0
8,1994.0,0.0,Tuberculosis,All,6893.250000000001,0.0,0.0,,8.838443009836773,-1.2671765880452845,0.0,0.0,0.0,6893.250000000001,0.0,31.691,6893.250000000001,6893.250000000001,0.0,6893.250000000001,0.0,0.0,0.0,0.0
9,1994.0,0.0,Tuberculosis,All,6893.250000000001,0.0,0.0,,8.838443009836773,-1.2671765880452845,0.0,0.0,0.0,6893.250000000001,0.0,31.691,6893.250000000001,6893.250000000001,0.0,6893.250000000001,0.0,0.0,0.0,0.0
10,1994.0,0.0,Tuberculosis,All,6893.250000000001,0.0,0.0,,8.838443009836773,-1.2671765880452845,0.0,0.0,0.0,6893.250000000001,0.0,31.691,6893.250000000001,6893.250000000001,0.0,6893.250000000001,0.0,0.0,0.0,0.0
11,1994.0,0.0,Tuberculosis,All,6893.250000000001,0.0,0.0,,8.838443009836773,-1.2671765880452845,0.0,0.0,0.0,6893.250000000001,0.0,31.691,6893.250000000001,6893.250000000001,0.0,6893.250000000001,0.0,0.0,0.0,0.0
12,1994.0,0.0,Tuberculosis,All,6893.250000000001,0.0,0.0,,8.838443009836773,-1.2671765880452845,0.0,0.0,0.0,6893.250000000001,0.0,31.691,6893.250000000001,6893.250000000001,0.0,6893.250000000001,0.0,0.0,0.0,0.0
13,1994.0,0.0,Tuberculosis,All,6893.250000000001,0.0,0.0,,8.838443009836773,-1.2671765880452845,0.0,0.0,0.0,6893.250000000001,0.0,31.691,6893.250000000001,6893.250000000001,0.0,6893.250000000001,0.0,0.0,0.0,0.0
14,1994.0,0.0,Tuberculosis,All,6893.250000000001,0.0,0.0,,8.838443009836773,-1.2671765880452845,0.0,0.0,0.0,6893.250000000001,0.0,31.691,6893.250000000001,6893.250000000001,0.0,6893.250000000001,0.0,0.0,0.0,0.0
15,1994.0,0.0,Tuberculosis,All,6893.250000000001,0.0,0.0,,8.838443009836773,-1.2671765880452845,0.0,0.0,0.0,6893.250000000001,0.0,31.691,6893.250000000001,6893.250000000001,0.0,6893.250000000001,0.0,0.0,0.0,0.0
16,1994.0,0.0,Tuberculosis,All,6893.250000000001,0.0,0.0,,8.838443009836773,-1.2671765880452845,0.0,0.0,0.0,6893.250000000001,0.0,31.691,6893.250000000001,6893.250000000001,0.0,6893.250000000001,0.0,0.0,0.0,0.0
17,1994.0,0.0,Tuberculosis,All,6893.250000000001,0.0,0.0,,8.838443009836773,-1.2671765880452845,0.0,0.0,0.0,6893.250000000001,0.0,31.691,6893.250000000001,6893.250000000001,0.0,6893.250000000001,0.0,0.0,0.0,0.0
18,1994.0,0.0,Tuberculosis,All,6893.250000000001,0.0,0.0,,8.838443009836773,-1.2671765880452845,0.0,0.0,0.0,6893.250000000001,0.0,31.691,6893.250000000001,6893.250000000001,0.0,6893.250000000001,0.0,0.0,0.0,0.0
19,1994.0,0.0,Tuberculosis,All,6893.250000000001,0.0,0.0,,8.838443009836773,-1.2671765880452845,0.0,0.0,0.0,6893.250000000001,0.0,31.691,6893.250000000001,6893.250000000001,0.0,6893.250000000001,0.0,0.0,0.0,0.0
20,1994.0,0.0,Tuberculosis,All,6893.250000000001,0.0,0.0,,8.838443009836773,-1.2671765880452845,0.0,0.0,0.0,6893.250000000001,0.0,31.691,6893.250000000001,6893.250000000001,0.0,6893.250000000001,0.0,0.0,0.0,0.0
21,1994.0,0.0,Tuberculosis,All,6893.250000000001,0.0,0.0,,8.838443009836773,-1.2671765880452845,0.0,0.0,0.0,6893.250000000001,0.0,31.691,6893.250000000001,6893.250000000001,0.0,6893.250000000001,0.0,0.0,0.0,0.0
22,1994.0,0.0,Tuberculosis,All,6893.250000000001,0.0,0.0,,8.838443009836773,-1.2671765880452845,0.0,0.0,0.0,6893.250000000001,0.0,31.691,6893.250000000001,6893.250000000001,0.0,6893.250000000001,0.0,0.0,0.0,0.0
23,1994.0,0.0,Tuberculosis,All,6893.250000000001,0.0,0.0,,8.838443009836773,-1.2671765880452845,0.0,0.0,0.0,6893.250000000001,0.0,31.691,6893.250000000001,6893.250000000001,0.0,6893.250000000001,0.0,0.0,0.0,0.0
24,1994.0,0.0,Tuberculosis,All,6893.250000000001,0.0,0.0,,8.838443009836773,-1.2671765880452845,0.0,0.0,0.0,6893.250000000001,0.0,31.691,6893.250000000001,6893.250000000001,0.0,6893.250000000001,0.0,0.0,0.0,0.0
25,1994.0,0.0,Tuberculosis,All,6893.250000000001,0.0,0.0,,8.838443009836773,-1.2671765880452845,0.0,0.0,0.0,6893.250000000001,0.0,31.691,6893.250000000001,6893.250000000001,0.0,6893.250000000001,0.0,0.0,0.0,0.0
26,1994.0,0.0,Tuberculosis,All,6893.250000000001,0.0,0.0,,8.838443009836773,-1.2671765880452845,0.0,0.0,0.0,6893.250000000001,0.0,31.691,6893.250000000001,6893.250000000001,0.0,6893.250000000001,0.0,0.0,0.0,0.0
27,1994.0,0.0,Tuberculosis,All,6893.250000000001,0.0,0.0,,8.838443009836773,-1.2671765880452845,0.0,0.0,0.0,6893.250000000001,0.0,31.691,6893.250000000001,6893.250000000001,0.0,6893.250000000001,0.0,0.0,0.0,0.0
28,1994.0,0.0,Tuberculosis,All,6893.250000000001,0.0,0.0,,8.838443009836773,-1.2671765880452845,0.0,0.0,0.0,6893.250000000001,0.0,31.691,6893.250000000001,6893.250000000001,0.0,6893.250000000001,0.0,0.0,0.0,0.0
29,1994.0,0.0,Tuberculosis,All,6893.250000000001,0.0,0.0,,8.838443009836773,-1.2671765880452845,0.0,0.0,0.0,6893.250000000001,0.0,31.691,6893.250000000001,6893.250000000001,0.0,6893.250000000001,0.0,0.0,0.0,0.0
30,1994.0,0.0,Tuberculosis,All,6893.250000000001,0.0,0.0,,8.838443009836773,-1.2671765880452845,0.0,0.0,0.0,6893.250000000001,0.0,31.691,6893.250000000001,6893.250000000001,0.0,6893.250000000001,0.0,0.0,0.0,0.0
31,1994.0,0.0,Tuberculosis,All,6893.250000000001,0.0,0.0,,8.838443009836773,-1.2671765880452845,0.0,0.0,0.0,6893.250000000001,0.0,31.691,6893.250000000001,6893.250000000001,0.0,6893.250000000001,0.0,0.0,0.0,0.0
32,1994.0,0.0,Tuberculosis,All,6893.250000000001,0.0,0.0,,8.838443009836773,-1.2671765880452845,0.0,0.0,0.0,6893.250000000001,0.0,31.691,6893.250000000001,6893.250000000001,0.0,6893.250000000001,0.0,0.0,0.0,0.0
33,1994.0,0.0,Tuberculosis,All,6893.250000000001,0.0,0.0,,8.838443009836773,-1.2671765880452845,0.0,0.0,0.0,6893.250000000001,0.0,31.691,6893.250000000001,6893.250000000001,0.0,6893.250000000001,0.0,0.0,0.0,0.0
34,1994.0,0.0,Tuberculosis,All,6893.250000000001,0.0,0.0,,8.838443009836773,-1.2671765880452845,0.0,0.0,0.0,6893.250000000001,0.0,31.691,6893.250000000001,6893.250000000001,0.0,6893.250000000001,0.0,0.0,0.0,0.0
35,1994.0,0.0,Tuberculosis,All,6893.250000000001,0.0,0.0,,8.838443009836773,-1.2671765880452845,0.0,0.0,0.0,6893.250000000001,0.0,31.691,6893.250000000001,6893.250000000001,0.0,6893.250000000001,0.0,0.0,0.0,0.0
36,1994.0,0.0,Tuberculosis,All,6893.250000000001,0.0,0.0,,8.838443009836773,-1.2671765880452845,0.0,0.0,0.0,6893.250000000001,0.0,31.691,6893.250000000001,6893.250000000001,0.0,6893.250000000001,0.0,0.0,0.0,0.0
37,1994.0,0.0,Tuberculosis,All,6893.250000000001,0.0,0.0,,8.838443009836773,-1.2671765880452845,0.0,0.0,0.0,6893.250000000001,0.0,31.691,6893.250000000001,6893.250000000001,0.0,6893.250000000001,0.0,0.0,0.0,0.0
38,1994.0,0.0,Tuberculosis,All,6893.250000000001,0.0,0.0,,8.838443009836773,-1.2671765880452845,0.0,0.0,0.0,6893.250000000001,0.0,31.691,6893.250000000001,6893.250000000001,0.0,6893.250000000001,0.0,0.0,0.0,0.0
39,1994.0,0.0,Tuberculosis,All,6893.250000000001,0.0,0.0,,8.838443009836773,-1.2671765880452845,0.0,0.0,0.0,6893.250000000001,0.0,31.691,6893.250000000001,6893.250000000001,0.0,6893.250000000001,0.0,0.0,0.0,0.0
40,1994.0,0.0,Tuberculosis,All,6893.250000000001,0.0,0.0,,8.838443009836773,-1.2671765880452845,0.0,0.0,0.0,6893.250000000001,0.0,31.691,6893.250000000001,6893.250000000001,0.0,6893.250000000001,0.0,0.0,0.0,0.0
41,1994.0,0.0,Tuberculosis,All,6893.250000000001,0.0,0.0,,8.838443009836773,-1.2671765880452845,0.0,0.0,0.0,6893.250000000001,0.0,31.691,6893.250000000001,6893.250000000001,0.0,6893.250000000001,0.0,0.0,0.0,0.0
42,1994.0,0.0,Tuberculosis,All,6893.250000000001,0.0,0.0,,8.838443009836773,-1.2671765880452845,0.0,0.0,0.0,6893.250000000001,0.0,31.691,6893.250000000001,6893.250000000001,0.0,6893.250000000001,0.0,0.0,0.0,0.0
43,1994.0,0.0,Tuberculosis,All,6893.250000000001,0.0,0.0,,8.838443009836773,-1.2671765880452845,0.0,0.0,0.0,6893.250000000001,0.0,31.691,6893.250000000001,6893.250000000001,0.0,6893.250000000001,0.0,0.0,0.0,0.0
44,1994.0,0.0,Tuberculosis,All,6893.250000000001,0.0,0.0,,8.838443009836773,-1.2671765880452845,0.0,0.0,0.0,6893.250000000001,0.0,31.691,6893.250000000001,6893.250000000001,0.0,6893.250000000001,0.0,0.0,0.0,0.0
45,1994.0,0.0,Tuberculosis,All,6893.250000000001,0.0,0.0,,8.838443009836773,-1.2671765880452845,0.0,0.0,0.0,6893.250000000001,0.0,31.691,6893.250000000001,6893.250000000001,0.0,6893.250000000001,0.0,0.0,0.0,0.0
46,1994.0,0.0,Tuberculosis,All,6893.250000000001,0.0,0.0,,8.838443009836773,-1.2671765880452845,0.0,0.0,0.0,6893.250000000001,0.0,31.691,6893.250000000001,6893.250000000001,0.0,6893.250000000001,0.0,0.0,0.0,0.0
47,1994.0,0.0,Tuberculosis,All,6893.250000000001,0.0,0.0,,8.838443009836773,-1.2671765880452845,0.0,0.0,0.0,6893.250000000001,0.0,31.691,6893.250000000001,6893.250000000001,0.0,6893.250000000001,0.0,0.0,0.0,0.0
48,1994.0,0.0,Tuberculosis,All,6893.250000000001,0.0,0.0,,8.838443009836773,-1.2671765880452845,0.0,0.0,0.0,6893.250000000001,0.0,31.691,6893.250000000001,6893.250000000001,0.0,6893.250000000001,0.0,0.0,0.0,0.0
49,1994.0,0.0,Tuberculosis,All,6893.250000000001,0.0,0.0,,8.838443009836773,-1.2671765880452845,0.0,0.0,0.0,6893.250000000001,0.0,31.691,6893.250000000001,6893.250000000001,0.0,6893.250000000001,0.0,0.0,0.0,0.0
50,1994.0,0.0,Tuberculosis,All,6893.250000000001,0.0,0.0,,8.838443009836773,-1.2671765880452845,0.0,0.0,0.0,6893.250000000001,0.0,31.691,6893.250000000001,6893.250000000001,0.0,6893.250000000001,0.0,0.0,0.0,0.0
51,1994.0,0.0,Tuberculosis,All,6893.250000000001,0.0,0.0,,8.838443009836773,-1.2671765880452845,0.0,0.0,0.0,6893.250000000001,0.0,31.691,6893.250000000001,6893.250000000001,0.0,6893.250000000001,0.0,0.0,0.0,0.0
52,1994.0,0.0,Tuberculosis,All,6893.250000000001,0.0,0.0,,8.838443009836773,-1.2671765880452845,0.0,0.0,0.0,6893.250000000001,0.0,31.691,6893.250000000001,6893.250000000001,0.0,6893.250000000001,0.0,0.0,0.0,0.0
1,1995.0,0.0,Tuberculosis,All,7182.153846153846,0.0,0.0,,8.8794938199373,-1.2216687774126833,0.0,0.0,0.0,7182.153846153846,0.0,32.205,6893.250000000001,6893.250000000001,0.0,6965.475961538463,144.45192307692568,0.0,0.04191112264227248,0.0
2,1995.0,0.0,Tuberculosis,All,7182.153846153846,0.0,0.0,,8.8794938199373,-1.2216687774126833,0.0,0.0,0.0,7182.153846153846,0.0,32.205,7182.153846153846,7037.701923076924,0.0,7037.701923076924,166.798713346844,0.0,0.0,0.0
3,1995.0,0.0,Tuberculosis,All,7182.153846153846,0.0,0.0,,8.8794938199373,-1.2216687774126833,0.0,0.0,0.0,7182.153846153846,0.0,32.205,7182.153846153846,7182.153846153846,0.0,7109.927884615385,144.45192307692727,0.0,0.0,0.0
4,1995.0,0.0,Tuberculosis,All,7182.153846153846,0.0,0.0,,8.8794938199373,-1.2216687774126833,0.0,0.0,0.0,7182.153846153846,0.0,32.205,7182.153846153846,7182.153846153846,0.0,7182.153846153846,0.0,0.0,0.0,0.0
5,1995.0,0.0,Tuberculosis,All,7182.153846153846,0.0,0.0,,8.8794938199373,-1.2216687774126833,0.0,0.0,0.0,7182.153846153846,0.0,32.205,7182.153846153846,7182.153846153846,0.0,7182.153846153846,0.0,0.0,0.0,0.0
6,1995.0,0.0,Tuberculosis,All,7182.153846153846,0.0,0.0,,8.8794938199373,-1.2216687774126833,0.0,0.0,0.0,7182.153846153846,0.0,32.205,7182.153846153846,7182.153846153846,0.0,7182.153846153846,0.0,0.0,0.0,0.0
7,1995.0,0.0,Tuberculosis,All,7182.153846153846,0.0,0.0,,8.8794938199373,-1.2216687774126833,0.0,0.0,0.0,7182.153846153846,0.0,32.205,7182.153846153846,7182.153846153846,0.0,7182.153846153846,0.0,0.0,0.0,0.0
8,1995.0,0.0,Tuberculosis,All,7182.153846153846,0.0,0.0,,8.8794938199373,-1.2216687774126833,0.0,0.0,0.0,7182.153846153846,0.0,32.205,7182.153846153846,7182.153846153846,0.0,7182.153846153846,0.0,0.0,0.0,0.0
9,1995.0,0.0,Tuberculosis,All,7182.153846153846,0.0,0.0,,8.8794938199373,-1.2216687774126833,0.0,0.0,0.0,7182.153846153846,0.0,32.205,7182.153846153846,7182.153846153846,0.0,7182.153846153846,0.0,0.0,0.0,0.0
10,1995.0,0.0,Tuberculosis,All,7182.153846153846,0.0,0.0,,8.8794938199373,-1.2216687774126833,0.0,0.0,0.0,7182.153846153846,0.0,32.205,7182.153846153846,7182.153846153846,0.0,7182.153846153846,0.0,0.0,0.0,0.0
11,1995.0,0.0,Tuberculosis,All,7182.153846153846,0.0,0.0,,8.8794938199373,-1.2216687774126833,0.0,0.0,0.0,7182.153846153846,0.0,32.205,7182.153846153846,7182.153846153846,0.0,7182.153846153846,0.0,0.0,0.0,0.0
12,1995.0,0.0,Tuberculosis,All,7182.153846153846,0.0,0.0,,8.8794938199373,-1.2216687774126833,0.0,0.0,0.0,7182.153846153846,0.0,32.205,7182.153846153846,7182.153846153846,0.0,7182.153846153846,0.0,0.0,0.0,0.0
13,1995.0,0.0,Tuberculosis,All,7182.153846153846,0.0,0.0,,8.8794938199373,-1.2216687774126833,0.0,0.0,0.0,7182.153846153846,0.0,32.205,7182.153846153846,7182.153846153846,0.0,7182.153846153846,0.0,0.0,0.0,0.0
14,1995.0,0.0,Tuberculosis,All,7182.153846153846,0.0,0.0,,8.8794938199373,-1.2216687774126833,0.0,0.0,0.0,7182.153846153846,0.0,32.205,7182.153846153846,7182.153846153846,0.0,7182.153846153846,0.0,0.0,0.0,0.0
15,1995.0,0.0,Tuberculosis,All,7182.153846153846,0.0,0.0,,8.8794938199373,-1.2216687774126833,0.0,0.0,0.0,7182.153846153846,0.0,32.205,7182.153846153846,7182.153846153846,0.0,7182.153846153846,0.0,0.0,0.0,0.0
16,1995.0,0.0,Tuberculosis,All,7182.153846153846,0.0,0.0,,8.8794938199373,-1.2216687774126833,0.0,0.0,0.0,7182.153846153846,0.0,32.205,7182.153846153846,7182.153846153846,0.0,7182.153846153846,0.0,0.0,0.0,0.0
17,1995.0,0.0,Tuberculosis,All,7182.153846153846,0.0,0.0,,8.8794938199373,-1.2216687774126833,0.0,0.0,0.0,7182.153846153846,0.0,32.205,7182.153846153846,7182.153846153846,0.0,7182.153846153846,0.0,0.0,0.0,0.0
18,1995.0,0.0,Tuberculosis,All,7182.153846153846,0.0,0.0,,8.8794938199373,-1.2216687774126833,0.0,0.0,0.0,7182.153846153846,0.0,32.205,7182.153846153846,7182.153846153846,0.0,7182.153846153846,0.0,0.0,0.0,0.0
19,1995.0,0.0,Tuberculosis,All,7182.153846153846,0.0,0.0,,8.8794938199373,-1.2216687774126833,0.0,0.0,0.0,7182.153846153846,0.0,32.205,7182.153846153846,7182.153846153846,0.0,7182.153846153846,0.0,0.0,0.0,0.0
20,1995.0,0.0,Tuberculosis,All,7182.153846153846,0.0,0.0,,8.8794938199373,-1.2216687774126833,0.0,0.0,0.0,7182.153846153846,0.0,32.205,7182.153846153846,7182.153846153846,0.0,7182.153846153846,0.0,0.0,0.0,0.0
21,1995.0,0.0,Tuberculosis,All,7182.153846153846,0.0,0.0,,8.8794938199373,-1.2216687774126833,0.0,0.0,0.0,7182.153846153846,0.0,32.205,7182.153846153846,7182.153846153846,0.0,7182.153846153846,0.0,0.0,0.0,0.0
22,1995.0,0.0,Tuberculosis,All,7182.153846153846,0.0,0.0,,8.8794938199373,-1.2216687774126833,0.0,0.0,0.0,7182.153846153846,0.0,32.205,7182.153846153846,7182.153846153846,0.0,7182.153846153846,0.0,0.0,0.0,0.0
23,1995.0,0.0,Tuberculosis,All,7182.153846153846,0.0,0.0,,8.8794938199373,-1.2216687774126833,0.0,0.0,0.0,7182.153846153846,0.0,32.205,7182.153846153846,7182.153846153846,0.0,7182.153846153846,0.0,0.0,0.0,0.0
24,1995.0,0.0,Tuberculosis,All,7182.153846153846,0.0,0.0,,8.8794938199373,-1.2216687774126833,0.0,0.0,0.0,7182.153846153846,0.0,32.205,7182.153846153846,7182.153846153846,0.0,7182.153846153846,0.0,0.0,0.0,0.0
25,1995.0,0.0,Tuberculosis,All,7182.153846153846,0.0,0.0,,8.8794938199373,-1.2216687774126833,0.0,0.0,0.0,7182.153846153846,0.0,32.205,7182.153846153846,7182.153846153846,0.0,7182.153846153846,0.0,0.0,0.0,0.0
26,1995.0,0.0,Tuberculosis,All,7182.153846153846,0.0,0.0,,8.8794938199373,-1.2216687774126833,0.0,0.0,0.0,7182.153846153846,0.0,32.205,7182.153846153846,7182.153846153846,0.0,7182.153846153846,0.0,0.0,0.0,0.0
27,1995.0,0.0,Tuberculosis,All,7182.153846153846,0.0,0.0,,8.8794938199373,-1.2216687774126833,0.0,0.0,0.0,7182.153846153846,0.0,32.205,7182.153846153846,7182.153846153846,0.0,7182.153846153846,0.0,0.0,0.0,0.0
28,1995.0,0.0,Tuberculosis,All,7182.153846153846,0.0,0.0,,8.8794938199373,-1.2216687774126833,0.0,0.0,0.0,7182.153846153846,0.0,32.205,7182.153846153846,7182.153846153846,0.0,7182.153846153846,0.0,0.0,0.0,0.0
29,1995.0,0.0,Tuberculosis,All,7182.153846153846,0.0,0.0,,8.8794938199373,-1.2216687774126833,0.0,0.0,0.0,7182.153846153846,0.0,32.205,7182.153846153846,7182.153846153846,0.0,7182.153846153846,0.0,0.0,0.0,0.0
30,1995.0,0.0,Tuberculosis,All,7182.153846153846,0.0,0.0,,8.8794938199373,-1.2216687774126833,0.0,0.0,0.0,7182.153846153846,0.0,32.205,7182.153846153846,7182.153846153846,0.0,7182.153846153846,0.0,0.0,0.0,0.0
31,1995.0,0.0,Tuberculosis,All,7182.153846153846,0.0,0.0,,8.8794938199373,-1.2216687774126833,0.0,0.0,0.0,7182.153846153846,0.0,32.205,7182.153846153846,7182.153846153846,0.0,7182.153846153846,0.0,0.0,0.0,0.0
32,1995.0,0.0,Tuberculosis,All,7182.153846153846,0.0,0.0,,8.8794938199373,-1.2216687774126833,0.0,0.0,0.0,7182.153846153846,0.0,32.205,7182.153846153846,7182.153846153846,0.0,7182.153846153846,0.0,0.0,0.0,0.0
33,1995.0,0.0,Tuberculosis,All,7182.153846153846,0.0,0.0,,8.8794938199373,-1.2216687774126833,0.0,0.0,0.0,7182.153846153846,0.0,32.205,7182.153846153846,7182.153846153846,0.0,7182.153846153846,0.0,0.0,0.0,0.0
34,1995.0,0.0,Tuberculosis,All,7182.153846153846,0.0,0.0,,8.8794938199373,-1.2216687774126833,0.0,0.0,0.0,7182.153846153846,0.0,32.205,7182.153846153846,7182.153846153846,0.0,7182.153846153846,0.0,0.0,0.0,0.0
35,1995.0,0.0,Tuberculosis,All,7182.153846153846,0.0,0.0,,8.8794938199373,-1.2216687774126833,0.0,0.0,0.0,7182.153846153846,0.0,32.205,7182.153846153846,7182.153846153846,0.0,7182.153846153846,0.0,0.0,0.0,0.0
36,1995.0,0.0,Tuberculosis,All,7182.153846153846,0.0,0.0,,8.8794938199373,-1.2216687774126833,0.0,0.0,0.0,7182.153846153846,0.0,32.205,7182.153846153846,7182.153846153846,0.0,7182.153846153846,0.0,0.0,0.0,0.0
37,1995.0,0.0,Tuberculosis,All,7182.153846153846,0.0,0.0,,8.8794938199373,-1.2216687774126833,0.0,0.0,0.0,7182.153846153846,0.0,32.205,7182.153846153846,7182.153846153846,0.0,7182.153846153846,0.0,0.0,0.0,0.0
38,1995.0,0.0,Tuberculosis,All,7182.153846153846,0.0,0.0,,8.8794938199373,-1.2216687774126833,0.0,0.0,0.0,7182.153846153846,0.0,32.205,7182.153846153846,7182.153846153846,0.0,7182.153846153846,0.0,0.0,0.0,0.0
39,1995.0,0.0,Tuberculosis,All,7182.153846153846,0.0,0.0,,8.8794938199373,-1.2216687774126833,0.0,0.0,0.0,7182.153846153846,0.0,32.205,7182.153846153846,7182.153846153846,0.0,7182.153846153846,0.0,0.0,0.0,0.0
40,1995.0,0.0,Tuberculosis,All,7182.153846153846,0.0,0.0,,8.8794938199373,-1.2216687774126833,0.0,0.0,0.0,7182.153846153846,0.0,32.205,7182.153846153846,7182.153846153846,0.0,7182.153846153846,0.0,0.0,0.0,0.0
41,1995.0,0.0,Tuberculosis,All,7182.153846153846,0.0,0.0,,8.8794938199373,-1.2216687774126833,0.0,0.0,0.0,7182.153846153846,0.0,32.205,7182.153846153846,7182.153846153846,0.0,7182.153846153846,0.0,0.0,0.0,0.0
42,1995.0,0.0,Tuberculosis,All,7182.153846153846,0.0,0.0,,8.8794938199373,-1.2216687774126833,0.0,0.0,0.0,7182.153846153846,0.0,32.205,7182.153846153846,7182.153846153846,0.0,7182.153846153846,0.0,0.0,0.0,0.0
43,1995.0,0.0,Tuberculosis,All,7182.153846153846,0.0,0.0,,8.8794938199373,-1.2216687774126833,0.0,0.0,0.0,7182.153846153846,0.0,32.205,7182.153846153846,7182.153846153846,0.0,7182.153846153846,0.0,0.0,0.0,0.0
44,1995.0,0.0,Tuberculosis,All,7182.153846153846,0.0,0.0,,8.8794938199373,-1.2216687774126833,0.0,0.0,0.0,7182.153846153846,0.0,32.205,7182.153846153846,7182.153846153846,0.0,7182.153846153846,0.0,0.0,0.0,0.0
45,1995.0,0.0,Tuberculosis,All,7182.153846153846,0.0,0.0,,8.8794938199373,-1.2216687774126833,0.0,0.0,0.0,7182.153846153846,0.0,32.205,7182.153846153846,7182.153846153846,0.0,7182.153846153846,0.0,0.0,0.0,0.0
46,1995.0,0.0,Tuberculosis,All,7182.153846153846,0.0,0.0,,8.8794938199373,-1.2216687774126833,0.0,0.0,0.0,7182.153846153846,0.0,32.205,7182.153846153846,7182.153846153846,0.0,7182.153846153846,0.0,0.0,0.0,0.0
47,1995.0,0.0,Tuberculosis,All,7182.153846153846,0.0,0.0,,8.8794938199373,-1.2216687774126833,0.0,0.0,0.0,7182.153846153846,0.0,32.205,7182.153846153846,7182.153846153846,0.0,7182.153846153846,0.0,0.0,0.0,0.0
48,1995.0,0.0,Tuberculosis,All,7182.153846153846,0.0,0.0,,8.8794938199373,-1.2216687774126833,0.0,0.0,0.0,7182.153846153846,0.0,32.205,7182.153846153846,7182.153846153846,0.0,7182.153846153846,0.0,0.0,0.0,0.0
49,1995.0,0.0,Tuberculosis,All,7182.153846153846,0.0,0.0,,8.8794938199373,-1.2216687774126833,0.0,0.0,0.0,7182.153846153846,0.0,32.205,7182.153846153846,7182.153846153846,0.0,7182.153846153846,0.0,0.0,0.0,0.0
50,1995.0,0.0,Tuberculosis,All,7182.153846153846,0.0,0.0,,8.8794938199373,-1.2216687774126833,0.0,0.0,0.0,7182.153846153846,0.0,32.205,7182.153846153846,7182.153846153846,0.0,7182.153846153846,0.0,0.0,0.0,0.0
51,1995.0,0.0,Tuberculosis,All,7182.153846153846,0.0,0.0,,8.8794938199373,-1.2216687774126833,0.0,0.0,0.0,7182.153846153846,0.0,32.205,7182.153846153846,7182.153846153846,0.0,7182.153846153846,0.0,0.0,0.0,0.0
52,1995.0,0.0,Tuberculosis,All,7182.153846153846,0.0,0.0,,8.8794938199373,-1.2216687774126833,0.0,0.0,0.0,7182.153846153846,0.0,32.205,7182.153846153846,7182.153846153846,0.0,7182.153846153846,0.0,0.0,0.0,0.0
1,1996.0,0.0,Tuberculosis,All,7406.211538461539,0.0,0.0,,8.910209336868549,-1.1863754603867604,0.0,0.0,0.0,7406.211538461539,0.0,32.725,7182.153846153846,7182.153846153846,0.0,7238.1682692307695,112.02884615385562,0.0,0.031196448461999968,0.0
2,1996.0,0.0,Tuberculosis,All,7406.211538461539,0.0,0.0,,8.910209336868549,-1.1863754603867604,0.0,0.0,0.0,7406.211538461539,0.0,32.725,7406.211538461539,7294.182692307692,0.0,7294.182692307692,129.35976896786224,0.0,0.0,0.0
3,1996.0,0.0,Tuberculosis,All,7406.211538461539,0.0,0.0,,8.910209336868549,-1.1863754603867604,0.0,0.0,0.0,7406.211538461539,0.0,32.725,7406.211538461539,7406.211538461539,0.0,7350.197115384615,112.02884615385892,0.0,0.0,0.0
4,1996.0,0.0,Tuberculosis,All,7406.211538461539,0.0,0.0,,8.910209336868549,-1.1863754603867604,0.0,0.0,0.0,7406.211538461539,0.0,32.725,7406.211538461539,7406.211538461539,0.0,7406.211538461539,0.0,0.0,0.0,0.0
5,1996.0,0.0,Tuberculosis,All,7406.211538461539,0.0,0.0,,8.910209336868549,-1.1863754603867604,0.0,0.0,0.0,7406.211538461539,0.0,32.725,7406.211538461539,7406.211538461539,0.0,7406.211538461539,0.0,0.0,0.0,0.0
6,1996.0,0.0,Tuberculosis,All,7406.211538461539,0.0,0.0,,8.910209336868549,-1.1863754603867604,0.0,0.0,0.0,7406.211538461539,0.0,32.725,7406.211538461539,7406.211538461539,0.0,7406.211538461539,0.0,0.0,0.0,0.0
7,1996.0,0.0,Tuberculosis,All,7406.211538461539,0.0,0.0,,8.910209336868549,-1.1863754603867604,0.0,0.0,0.0,7406.211538461539,0.0,32.725,7406.211538461539,7406.211538461539,0.0,7406.211538461539,0.0,0.0,0.0,0.0
8,1996.0,0.0,Tuberculosis,All,7406.211538461539,0.0,0.0,,8.910209336868549,-1.1863754603867604,0.0,0.0,0.0,7406.211538461539,0.0,32.725,7406.211538461539,7406.211538461539,0.0,7406.211538461539,0.0,0.0,0.0,0.0
9,1996.0,0.0,Tuberculosis,All,7406.211538461539,0.0,0.0,,8.910209336868549,-1.1863754603867604,0.0,0.0,0.0,7406.211538461539,0.0,32.725,7406.211538461539,7406.211538461539,0.0,7406.211538461539,0.0,0.0,0.0,0.0
10,1996.0,0.0,Tuberculosis,All,7406.211538461539,0.0,0.0,,8.910209336868549,-1.1863754603867604,0.0,0.0,0.0,7406.211538461539,0.0,32.725,7406.211538461539,7406.211538461539,0.0,7406.211538461539,0.0,0.0,0.0,0.0
11,1996.0,0.0,Tuberculosis,All,7406.211538461539,0.0,0.0,,8.910209336868549,-1.1863754603867604,0.0,0.0,0.0,7406.211538461539,0.0,32.725,7406.211538461539,7406.211538461539,0.0,7406.211538461539,0.0,0.0,0.0,0.0
12,1996.0,0.0,Tuberculosis,All,7406.211538461539,0.0,0.0,,8.910209336868549,-1.1863754603867604,0.0,0.0,0.0,7406.211538461539,0.0,32.725,7406.211538461539,7406.211538461539,0.0,7406.211538461539,0.0,0.0,0.0,0.0
13,1996.0,0.0,Tuberculosis,All,7406.211538461539,0.0,0.0,,8.910209336868549,-1.1863754603867604,0.0,0.0,0.0,7406.211538461539,0.0,32.725,7406.211538461539,7406.211538461539,0.0,7406.211538461539,0.0,0.0,0.0,0.0
14,1996.0,0.0,Tuberculosis,All,7406.211538461539,0.0,0.0,,8.910209336868549,-1.1863754603867604,0.0,0.0,0.0,7406.211538461539,0.0,32.725,7406.211538461539,7406.211538461539,0.0,7406.211538461539,0.0,0.0,0.0,0.0
15,1996.0,0.0,Tuberculosis,All,7406.211538461539,0.0,0.0,,8.910209336868549,-1.1863754603867604,0.0,0.0,0.0,7406.211538461539,0.0,32.725,7406.211538461539,7406.211538461539,0.0,7406.211538461539,0.0,0.0,0.0,0.0
16,1996.0,0.0,Tuberculosis,All,7406.211538461539,0.0,0.0,,8.910209336868549,-1.1863754603867604,0.0,0.0,0.0,7406.211538461539,0.0,32.725,7406.211538461539,7406.211538461539,0.0,7406.211538461539,0.0,0.0,0.0,0.0
17,1996.0,0.0,Tuberculosis,All,7406.211538461539,0.0,0.0,,8.910209336868549,-1.1863754603867604,0.0,0.0,0.0,7406.211538461539,0.0,32.725,7406.211538461539,7406.211538461539,0.0,7406.211538461539,0.0,0.0,0.0,0.0
18,1996.0,0.0,Tuberculosis,All,7406.211538461539,0.0,0.0,,8.910209336868549,-1.1863754603867604,0.0,0.0,0.0,7406.211538461539,0.0,32.725,7406.211538461539,7406.211538461539,0.0,7406.211538461539,0.0,0.0,0.0,0.0
19,1996.0,0.0,Tuberculosis,All,7406.211538461539,0.0,0.0,,8.910209336868549,-1.1863754603867604,0.0,0.0,0.0,7406.211538461539,0.0,32.725,7406.211538461539,7406.211538461539,0.0,7406.211538461539,0.0,0.0,0.0,0.0
20,1996.0,0.0,Tuberculosis,All,7406.211538461539,0.0,0.0,,8.910209336868549,-1.1863754603867604,0.0,0.0,0.0,7406.211538461539,0.0,32.725,7406.211538461539,7406.211538461539,0.0,7406.211538461539,0.0,0.0,0.0,0.0
21,1996.0,0.0,Tuberculosis,All,7406.211538461539,0.0,0.0,,8.910209336868549,-1.1863754603867604,0.0,0.0,0.0,7406.211538461539,0.0,32.725,7406.211538461539,7406.211538461539,0.0,7406.211538461539,0.0,0.0,0.0,0.0
22,1996.0,0.0,Tuberculosis,All,7406.211538461539,0.0,0.0,,8.910209336868549,-1.1863754603867604,0.0,0.0,0.0,7406.211538461539,0.0,32.725,7406.211538461539,7406.211538461539,0.0,7406.211538461539,0.0,0.0,0.0,0.0
23,1996.0,0.0,Tuberculosis,All,7406.211538461539,0.0,0.0,,8.910209336868549,-1.1863754603867604,0.0,0.0,0.0,7406.211538461539,0.0,32.725,7406.211538461539,7406.211538461539,0.0,7406.211538461539,0.0,0.0,0.0,0.0
24,1996.0,0.0,Tuberculosis,All,7406.211538461539,0.0,0.0,,8.910209336868549,-1.1863754603867604,0.0,0.0,0.0,7406.211538461539,0.0,32.725,7406.211538461539,7406.211538461539,0.0,7406.211538461539,0.0,0.0,0.0,0.0
25,1996.0,0.0,Tuberculosis,All,7406.211538461539,0.0,0.0,,8.910209336868549,-1.1863754603867604,0.0,0.0,0.0,7406.211538461539,0.0,32.725,7406.211538461539,7406.211538461539,0.0,7406.211538461539,0.0,0.0,0.0,0.0
26,1996.0,0.0,Tuberculosis,All,7406.211538461539,0.0,0.0,,8.910209336868549,-1.1863754603867604,0.0,0.0,0.0,7406.211538461539,0.0,32.725,7406.211538461539,7406.211538461539,0.0,7406.211538461539,0.0,0.0,0.0,0.0
27,1996.0,0.0,Tuberculosis,All,7406.211538461539,0.0,0.0,,8.910209336868549,-1.1863754603867604,0.0,0.0,0.0,7406.211538461539,0.0,32.725,7406.211538461539,7406.211538461539,0.0,7406.211538461539,0.0,0.0,0.0,0.0
28,1996.0,0.0,Tuberculosis,All,7406.211538461539,0.0,0.0,,8.910209336868549,-1.1863754603867604,0.0,0.0,0.0,7406.211538461539,0.0,32.725,7406.211538461539,7406.211538461539,0.0,7406.211538461539,0.0,0.0,0.0,0.0
29,1996.0,0.0,Tuberculosis,All,7406.211538461539,0.0,0.0,,8.910209336868549,-1.1863754603867604,0.0,0.0,0.0,7406.211538461539,0.0,32.725,7406.211538461539,7406.211538461539,0.0,7406.211538461539,0.0,0.0,0.0,0.0
30,1996.0,0.0,Tuberculosis,All,7406.211538461539,0.0,0.0,,8.910209336868549,-1.1863754603867604,0.0,0.0,0.0,7406.211538461539,0.0,32.725,7406.211538461539,7406.211538461539,0.0,7406.211538461539,0.0,0.0,0.0,0.0
31,1996.0,0.0,Tuberculosis,All,7406.211538461539,0.0,0.0,,8.910209336868549,-1.1863754603867604,0.0,0.0,0.0,7406.211538461539,0.0,32.725,7406.211538461539,7406.211538461539,0.0,7406.211538461539,0.0,0.0,0.0,0.0
32,1996.0,0.0,Tuberculosis,All,7406.211538461539,0.0,0.0,,8.910209336868549,-1.1863754603867604,0.0,0.0,0.0,7406.211538461539,0.0,32.725,7406.211538461539,7406.211538461539,0.0,7406.211538461539,0.0,0.0,0.0,0.0
33,1996.0,0.0,Tuberculosis,All,7406.211538461539,0.0,0.0,,8.910209336868549,-1.1863754603867604,0.0,0.0,0.0,7406.211538461539,0.0,32.725,7406.211538461539,7406.211538461539,0.0,7406.211538461539,0.0,0.0,0.0,0.0
34,1996.0,0.0,Tuberculosis,All,7406.211538461539,0.0,0.0,,8.910209336868549,-1.1863754603867604,0.0,0.0,0.0,7406.211538461539,0.0,32.725,7406.211538461539,7406.211538461539,0.0,7406.211538461539,0.0,0.0,0.0,0.0
35,1996.0,0.0,Tuberculosis,All,7406.211538461539,0.0,0.0,,8.910209336868549,-1.1863754603867604,0.0,0.0,0.0,7406.211538461539,0.0,32.725,7406.211538461539,7406.211538461539,0.0,7406.211538461539,0.0,0.0,0.0,0.0
36,1996.0,0.0,Tuberculosis,All,7406.211538461539,0.0,0.0,,8.910209336868549,-1.1863754603867604,0.0,0.0,0.0,7406.211538461539,0.0,32.725,7406.211538461539,7406.211538461539,0.0,7406.211538461539,0.0,0.0,0.0,0.0
37,1996.0,0.0,Tuberculosis,All,7406.211538461539,0.0,0.0,,8.910209336868549,-1.1863754603867604,0.0,0.0,0.0,7406.211538461539,0.0,32.725,7406.211538461539,7406.211538461539,0.0,7406.211538461539,0.0,0.0,0.0,0.0
38,1996.0,0.0,Tuberculosis,All,7406.211538461539,0.0,0.0,,8.910209336868549,-1.1863754603867604,0.0,0.0,0.0,7406.211538461539,0.0,32.725,7406.211538461539,7406.211538461539,0.0,7406.211538461539,0.0,0.0,0.0,0.0
39,1996.0,0.0,Tuberculosis,All,7406.211538461539,0.0,0.0,,8.910209336868549,-1.1863754603867604,0.0,0.0,0.0,7406.211538461539,0.0,32.725,7406.211538461539,7406.211538461539,0.0,7406.211538461539,0.0,0.0,0.0,0.0
40,1996.0,0.0,Tuberculosis,All,7406.211538461539,0.0,0.0,,8.910209336868549,-1.1863754603867604,0.0,0.0,0.0,7406.211538461539,0.0,32.725,7406.211538461539,7406.211538461539,0.0,7406.211538461539,0.0,0.0,0.0,0.0
41,1996.0,0.0,Tuberculosis,All,7406.211538461539,0.0,0.0,,8.910209336868549,-1.1863754603867604,0.0,0.0,0.0,7406.211538461539,0.0,32.725,7406.211538461539,7406.211538461539,0.0,7406.211538461539,0.0,0.0,0.0,0.0
42,1996.0,0.0,Tuberculosis,All,7406.211538461539,0.0,0.0,,8.910209336868549,-1.1863754603867604,0.0,0.0,0.0,7406.211538461539,0.0,32.725,7406.211538461539,7406.211538461539,0.0,7406.211538461539,0.0,0.0,0.0,0.0
43,1996.0,0.0,Tuberculosis,All,7406.211538461539,0.0,0.0,,8.910209336868549,-1.1863754603867604,0.0,0.0,0.0,7406.211538461539,0.0,32.725,7406.211538461539,7406.211538461539,0.0,7406.211538461539,0.0,0.0,0.0,0.0
44,1996.0,0.0,Tuberculosis,All,7406.211538461539,0.0,0.0,,8.910209336868549,-1.1863754603867604,0.0,0.0,0.0,7406.211538461539,0.0,32.725,7406.211538461539,7406.211538461539,0.0,7406.211538461539,0.0,0.0,0.0,0.0
45,1996.0,0.0,Tuberculosis,All,7406.211538461539,0.0,0.0,,8.910209336868549,-1.1863754603867604,0.0,0.0,0.0,7406.211538461539,0.0,32.725,7406.211538461539,7406.211538461539,0.0,7406.211538461539,0.0,0.0,0.0,0.0
46,1996.0,0.0,Tuberculosis,All,7406.211538461539,0.0,0.0,,8.910209336868549,-1.1863754603867604,0.0,0.0,0.0,7406.211538461539,0.0,32.725,7406.211538461539,7406.211538461539,0.0,7406.211538461539,0.0,0.0,0.0,0.0
47,1996.0,0.0,Tuberculosis,All,7406.211538461539,0.0,0.0,,8.910209336868549,-1.1863754603867604,0.0,0.0,0.0,7406.211538461539,0.0,32.725,7406.211538461539,7406.211538461539,0.0,7406.211538461539,0.0,0.0,0.0,0.0
48,1996.0,0.0,Tuberculosis,All,7406.211538461539,0.0,0.0,,8.910209336868549,-1.1863754603867604,0.0,0.0,0.0,7406.211538461539,0.0,32.725,7406.211538461539,7406.211538461539,0.0,7406.211538461539,0.0,0.0,0.0,0.0
49,1996.0,0.0,Tuberculosis,All,7406.211538461539,0.0,0.0,,8.910209336868549,-1.1863754603867604,0.0,0.0,0.0,7406.211538461539,0.0,32.725,7406.211538461539,7406.211538461539,0.0,7406.211538461539,0.0,0.0,0.0,0.0
50,1996.0,0.0,Tuberculosis,All,7406.211538461539,0.0,0.0,,8.910209336868549,-1.1863754603867604,0.0,0.0,0.0,7406.211538461539,0.0,32.725,7406.211538461539,7406.211538461539,0.0,7406.211538461539,0.0,0.0,0.0,0.0
51,1996.0,0.0,Tuberculosis,All,7406.211538461539,0.0,0.0,,8.910209336868549,-1.1863754603867604,0.0,0.0,0.0,7406.211538461539,0.0,32.725,7406.211538461539,7406.211538461539,0.0,7406.211538461539,0.0,0.0,0.0,0.0
52,1996.0,0.0,Tuberculosis,All,7406.211538461539,0.0,0.0,,8.910209336868549,-1.1863754603867604,0.0,0.0,0.0,7406.211538461539,0.0,32.725,7406.211538461539,7406.211538461539,0.0,7406.211538461539,0.0,0.0,0.0,0.0
1,1997.0,0.0,Tuberculosis,All,7629.480769230769,0.0,0.0,,8.939906132677542,-1.1512063409402786,0.0,0.0,0.0,7629.480769230769,0.0,33.247,7406.211538461539,7406.211538461539,0.0,7462.028846153847,111.63461538463007,0.0,0.03014621302804542,0.0
2,1997.0,0.0,Tuberculosis,All,7629.480769230769,0.0,0.0,,8.939906132677542,-1.1512063409402786,0.0,0.0,0.0,7629.480769230769,0.0,33.247,7629.480769230769,7517.846153846154,0.0,7517.846153846154,128.90455048638995,0.0,0.0,0.0
3,1997.0,0.0,Tuberculosis,All,7629.480769230769,0.0,0.0,,8.939906132677542,-1.1512063409402786,0.0,0.0,0.0,7629.480769230769,0.0,33.247,7629.480769230769,7629.480769230769,0.0,7573.663461538461,111.63461538463318,0.0,0.0,0.0
4,1997.0,0.0,Tuberculosis,All,7629.480769230769,0.0,0.0,,8.939906132677542,-1.1512063409402786,0.0,0.0,0.0,7629.480769230769,0.0,33.247,7629.480769230769,7629.480769230769,0.0,7629.480769230769,0.0,0.0,0.0,0.0
5,1997.0,0.0,Tuberculosis,All,7629.480769230769,0.0,0.0,,8.939906132677542,-1.1512063409402786,0.0,0.0,0.0,7629.480769230769,0.0,33.247,7629.480769230769,7629.480769230769,0.0,7629.480769230769,0.0,0.0,0.0,0.0
6,1997.0,0.0,Tuberculosis,All,7629.480769230769,0.0,0.0,,8.939906132677542,-1.1512063409402786,0.0,0.0,0.0,7629.480769230769,0.0,33.247,7629.480769230769,7629.480769230769,0.0,7629.480769230769,0.0,0.0,0.0,0.0
7,1997.0,0.0,Tuberculosis,All,7629.480769230769,0.0,0.0,,8.939906132677542,-1.1512063409402786,0.0,0.0,0.0,7629.480769230769,0.0,33.247,7629.480769230769,7629.480769230769,0.0,7629.480769230769,0.0,0.0,0.0,0.0
8,1997.0,0.0,Tuberculosis,All,7629.480769230769,0.0,0.0,,8.939906132677542,-1.1512063409402786,0.0,0.0,0.0,7629.480769230769,0.0,33.247,7629.480769230769,7629.480769230769,0.0,7629.480769230769,0.0,0.0,0.0,0.0
9,1997.0,0.0,Tuberculosis,All,7629.480769230769,0.0,0.0,,8.939906132677542,-1.1512063409402786,0.0,0.0,0.0,7629.480769230769,0.0,33.247,7629.480769230769,7629.480769230769,0.0,7629.480769230769,0.0,0.0,0.0,0.0
10,1997.0,0.0,Tuberculosis,All,7629.480769230769,0.0,0.0,,8.939906132677542,-1.1512063409402786,0.0,0.0,0.0,7629.480769230769,0.0,33.247,7629.480769230769,7629.480769230769,0.0,7629.480769230769,0.0,0.0,0.0,0.0
11,1997.0,0.0,Tuberculosis,All,7629.480769230769,0.0,0.0,,8.939906132677542,-1.1512063409402786,0.0,0.0,0.0,7629.480769230769,0.0,33.247,7629.480769230769,7629.480769230769,0.0,7629.480769230769,0.0,0.0,0.0,0.0
12,1997.0,0.0,Tuberculosis,All,7629.480769230769,0.0,0.0,,8.939906132677542,-1.1512063409402786,0.0,0.0,0.0,7629.480769230769,0.0,33.247,7629.480769230769,7629.480769230769,0.0,7629.480769230769,0.0,0.0,0.0,0.0
13,1997.0,0.0,Tuberculosis,All,7629.480769230769,0.0,0.0,,8.939906132677542,-1.1512063409402786,0.0,0.0,0.0,7629.480769230769,0.0,33.247,7629.480769230769,7629.480769230769,0.0,7629.480769230769,0.0,0.0,0.0,0.0
14,1997.0,0.0,Tuberculosis,All,7629.480769230769,0.0,0.0,,8.939906132677542,-1.1512063409402786,0.0,0.0,0.0,7629.480769230769,0.0,33.247,7629.480769230769,7629.480769230769,0.0,7629.480769230769,0.0,0.0,0.0,0.0
15,1997.0,0.0,Tuberculosis,All,7629.480769230769,0.0,0.0,,8.939906132677542,-1.1512063409402786,0.0,0.0,0.0,7629.480769230769,0.0,33.247,7629.480769230769,7629.480769230769,0.0,7629.480769230769,0.0,0.0,0.0,0.0
16,1997.0,0.0,Tuberculosis,All,7629.480769230769,0.0,0.0,,8.939906132677542,-1.1512063409402786,0.0,0.0,0.0,7629.480769230769,0.0,33.247,7629.480769230769,7629.480769230769,0.0,7629.480769230769,0.0,0.0,0.0,0.0
17,1997.0,0.0,Tuberculosis,All,7629.480769230769,0.0,0.0,,8.939906132677542,-1.1512063409402786,0.0,0.0,0.0,7629.480769230769,0.0,33.247,7629.480769230769,7629.480769230769,0.0,7629.480769230769,0.0,0.0,0.0,0.0
18,1997.0,0.0,Tuberculosis,All,7629.480769230769,0.0,0.0,,8.939906132677542,-1.1512063409402786,0.0,0.0,0.0,7629.480769230769,0.0,33.247,7629.480769230769,7629.480769230769,0.0,7629.480769230769,0.0,0.0,0.0,0.0
19,1997.0,0.0,Tuberculosis,All,7629.480769230769,0.0,0.0,,8.939906132677542,-1.1512063409402786,0.0,0.0,0.0,7629.480769230769,0.0,33.247,7629.480769230769,7629.480769230769,0.0,7629.480769230769,0.0,0.0,0.0,0.0
20,1997.0,0.0,Tuberculosis,All,7629.480769230769,0.0,0.0,,8.939906132677542,-1.1512063409402786,0.0,0.0,0.0,7629.480769230769,0.0,33.247,7629.480769230769,7629.480769230769,0.0,7629.480769230769,0.0,0.0,0.0,0.0
21,1997.0,0.0,Tuberculosis,All,7629.480769230769,0.0,0.0,,8.939906132677542,-1.1512063409402786,0.0,0.0,0.0,7629.480769230769,0.0,33.247,7629.480769230769,7629.480769230769,0.0,7629.480769230769,0.0,0.0,0.0,0.0
22,1997.0,0.0,Tuberculosis,All,7629.480769230769,0.0,0.0,,8.939906132677542,-1.1512063409402786,0.0,0.0,0.0,7629.480769230769,0.0,33.247,7629.480769230769,7629.480769230769,0.0,7629.480769230769,0.0,0.0,0.0,0.0
23,1997.0,0.0,Tuberculosis,All,7629.480769230769,0.0,0.0,,8.939906132677542,-1.1512063409402786,0.0,0.0,0.0,7629.480769230769,0.0,33.247,7629.480769230769,7629.480769230769,0.0,7629.480769230769,0.0,0.0,0.0,0.0
24,1997.0,0.0,Tuberculosis,All,7629.480769230769,0.0,0.0,,8.939906132677542,-1.1512063409402786,0.0,0.0,0.0,7629.480769230769,0.0,33.247,7629.480769230769,7629.480769230769,0.0,7629.480769230769,0.0,0.0,0.0,0.0
25,1997.0,0.0,Tuberculosis,All,7629.480769230769,0.0,0.0,,8.939906132677542,-1.1512063409402786,0.0,0.0,0.0,7629.480769230769,0.0,33.247,7629.480769230769,7629.480769230769,0.0,7629.480769230769,0.0,0.0,0.0,0.0
26,1997.0,0.0,Tuberculosis,All,7629.480769230769,0.0,0.0,,8.939906132677542,-1.1512063409402786,0.0,0.0,0.0,7629.480769230769,0.0,33.247,7629.480769230769,7629.480769230769,0.0,7629.480769230769,0.0,0.0,0.0,0.0
27,1997.0,0.0,Tuberculosis,All,7629.480769230769,0.0,0.0,,8.939906132677542,-1.1512063409402786,0.0,0.0,0.0,7629.480769230769,0.0,33.247,7629.480769230769,7629.480769230769,0.0,7629.480769230769,0.0,0.0,0.0,0.0
28,1997.0,0.0,Tuberculosis,All,7629.480769230769,0.0,0.0,,8.939906132677542,-1.1512063409402786,0.0,0.0,0.0,7629.480769230769,0.0,33.247,7629.480769230769,7629.480769230769,0.0,7629.480769230769,0.0,0.0,0.0,0.0
29,1997.0,0.0,Tuberculosis,All,7629.480769230769,0.0,0.0,,8.939906132677542,-1.1512063409402786,0.0,0.0,0.0,7629.480769230769,0.0,33.247,7629.480769230769,7629.480769230769,0.0,7629.480769230769,0.0,0.0,0.0,0.0
30,1997.0,0.0,Tuberculosis,All,7629.480769230769,0.0,0.0,,8.939906132677542,-1.1512063409402786,0.0,0.0,0.0,7629.480769230769,0.0,33.247,7629.480769230769,7629.480769230769,0.0,7629.480769230769,0.0,0.0,0.0,0.0
31,1997.0,0.0,Tuberculosis,All,7629.480769230769,0.0,0.0,,8.939906132677542,-1.1512063409402786,0.0,0.0,0.0,7629.480769230769,0.0,33.247,7629.480769230769,7629.480769230769,0.0,7629.480769230769,0.0,0.0,0.0,0.0
32,1997.0,0.0,Tuberculosis,All,7629.480769230769,0.0,0.0,,8.939906132677542,-1.1512063409402786,0.0,0.0,0.0,7629.480769230769,0.0,33.247,7629.480769230769,7629.480769230769,0.0,7629.480769230769,0.0,0.0,0.0,0.0
33,1997.0,0.0,Tuberculosis,All,7629.480769230769,0.0,0.0,,8.939906132677542,-1.1512063409402786,0.0,0.0,0.0,7629.480769230769,0.0,33.247,7629.480769230769,7629.480769230769,0.0,7629.480769230769,0.0,0.0,0.0,0.0
34,1997.0,0.0,Tuberculosis,All,7629.480769230769,0.0,0.0,,8.939906132677542,-1.1512063409402786,0.0,0.0,0.0,7629.480769230769,0.0,33.247,7629.480769230769,7629.480769230769,0.0,7629.480769230769,0.0,0.0,0.0,0.0
35,1997.0,0.0,Tuberculosis,All,7629.480769230769,0.0,0.0,,8.939906132677542,-1.1512063409402786,0.0,0.0,0.0,7629.480769230769,0.0,33.247,7629.480769230769,7629.480769230769,0.0,7629.480769230769,0.0,0.0,0.0,0.0
36,1997.0,0.0,Tuberculosis,All,7629.480769230769,0.0,0.0,,8.939906132677542,-1.1512063409402786,0.0,0.0,0.0,7629.480769230769,0.0,33.247,7629.480769230769,7629.480769230769,0.0,7629.480769230769,0.0,0.0,0.0,0.0
37,1997.0,0.0,Tuberculosis,All,7629.480769230769,0.0,0.0,,8.939906132677542,-1.1512063409402786,0.0,0.0,0.0,7629.480769230769,0.0,33.247,7629.480769230769,7629.480769230769,0.0,7629.480769230769,0.0,0.0,0.0,0.0
38,1997.0,0.0,Tuberculosis,All,7629.480769230769,0.0,0.0,,8.939906132677542,-1.1512063409402786,0.0,0.0,0.0,7629.480769230769,0.0,33.247,7629.480769230769,7629.480769230769,0.0,7629.480769230769,0.0,0.0,0.0,0.0
39,1997.0,0.0,Tuberculosis,All,7629.480769230769,0.0,0.0,,8.939906132677542,-1.1512063409402786,0.0,0.0,0.0,7629.480769230769,0.0,33.247,7629.480769230769,7629.480769230769,0.0,7629.480769230769,0.0,0.0,0.0,0.0
40,1997.0,0.0,Tuberculosis,All,7629.480769230769,0.0,0.0,,8.939906132677542,-1.1512063409402786,0.0,0.0,0.0,7629.480769230769,0.0,33.247,7629.480769230769,7629.480769230769,0.0,7629.480769230769,0.0,0.0,0.0,0.0
41,1997.0,0.0,Tuberculosis,All,7629.480769230769,0.0,0.0,,8.939906132677542,-1.1512063409402786,0.0,0.0,0.0,7629.480769230769,0.0,33.247,7629.480769230769,7629.480769230769,0.0,7629.480769230769,0.0,0.0,0.0,0.0
42,1997.0,0.0,Tuberculosis,All,7629.480769230769,0.0,0.0,,8.939906132677542,-1.1512063409402786,0.0,0.0,0.0,7629.480769230769,0.0,33.247,7629.480769230769,7629.480769230769,0.0,7629.480769230769,0.0,0.0,0.0,0.0
43,1997.0,0.0,Tuberculosis,All,7629.480769230769,0.0,0.0,,8.939906132677542,-1.1512063409402786,0.0,0.0,0.0,7629.480769230769,0.0,33.247,7629.480769230769,7629.480769230769,0.0,7629.480769230769,0.0,0.0,0.0,0.0
44,1997.0,0.0,Tuberculosis,All,7629.480769230769,0.0,0.0,,8.939906132677542,-1.1512063409402786,0.0,0.0,0.0,7629.480769230769,0.0,33.247,7629.480769230769,7629.480769230769,0.0,7629.480769230769,0.0,0.0,0.0,0.0
45,1997.0,0.0,Tuberculosis,All,7629.480769230769,0.0,0.0,,8.939906132677542,-1.1512063409402786,0.0,0.0,0.0,7629.480769230769,0.0,33.247,7629.480769230769,7629.480769230769,0.0,7629.480769230769,0.0,0.0,0.0,0.0
46,1997.0,0.0,Tuberculosis,All,7629.480769230769,0.0,0.0,,8.939906132677542,-1.1512063409402786,0.0,0.0,0.0,7629.480769230769,0.0,33.247,7629.480769230769,7629.480769230769,0.0,7629.480769230769,0.0,0.0,0.0,0.0
47,1997.0,0.0,Tuberculosis,All,7629.480769230769,0.0,0.0,,8.939906132677542,-1.1512063409402786,0.0,0.0,0.0,7629.480769230769,0.0,33.247,7629.480769230769,7629.480769230769,0.0,7629.480769230769,0.0,0.0,0.0,0.0
48,1997.0,0.0,Tuberculosis,All,7629.480769230769,0.0,0.0,,8.939906132677542,-1.1512063409402786,0.0,0.0,0.0,7629.480769230769,0.0,33.247,7629.480769230769,7629.480769230769,0.0,7629.480769230769,0.0,0.0,0.0,0.0
49,1997.0,0.0,Tuberculosis,All,7629.480769230769,0.0,0.0,,8.939906132677542,-1.1512063409402786,0.0,0.0,0.0,7629.480769230769,0.0,33.247,7629.480769230769,7629.480769230769,0.0,7629.480769230769,0.0,0.0,0.0,0.0
50,1997.0,0.0,Tuberculosis,All,7629.480769230769,0.0,0.0,,8.939906132677542,-1.1512063409402786,0.0,0.0,0.0,7629.480769230769,0.0,33.247,7629.480769230769,7629.480769230769,0.0,7629.480769230769,0.0,0.0,0.0,0.0
51,1997.0,0.0,Tuberculosis,All,7629.480769230769,0.0,0.0,,8.939906132677542,-1.1512063409402786,0.0,0.0,0.0,7629.480769230769,0.0,33.247,7629.480769230769,7629.480769230769,0.0,7629.480769230769,0.0,0.0,0.0,0.0
52,1997.0,0.0,Tuberculosis,All,7629.480769230769,0.0,0.0,,8.939906132677542,-1.1512063409402786,0.0,0.0,0.0,7629.480769230769,0.0,33.247,7629.480769230769,7629.480769230769,0.0,7629.480769230769,0.0,0.0,0.0,0.0
1,1998.0,0.0,Tuberculosis,All,7890.8076923076915,0.0,0.0,,8.973580499423884,-1.1100424163788447,0.0,0.0,0.0,7890.8076923076915,0.0,33.773,7629.480769230769,7629.480769230769,0.0,7694.812499999999,130.66346153847968,0.0,0.034252255295122894,0.0
2,1998.0,0.0,Tuberculosis,All,7890.8076923076915,0.0,0.0,,8.973580499423884,-1.1100424163788447,0.0,0.0,0.0,7890.8076923076915,0.0,33.773,7890.8076923076915,7760.1442307692305,0.0,7760.14423076923,150.87716938497482,0.0,0.0,0.0
3,1998.0,0.0,Tuberculosis,All,7890.8076923076915,0.0,0.0,,8.973580499423884,-1.1100424163788447,0.0,0.0,0.0,7890.8076923076915,0.0,33.773,7890.8076923076915,7890.8076923076915,0.0,7825.475961538461,130.6634615384818,0.0,0.0,0.0
4,1998.0,0.0,Tuberculosis,All,7890.8076923076915,0.0,0.0,,8.973580499423884,-1.1100424163788447,0.0,0.0,0.0,7890.8076923076915,0.0,33.773,7890.8076923076915,7890.8076923076915,0.0,7890.8076923076915,0.0,0.0,0.0,0.0
5,1998.0,0.0,Tuberculosis,All,7890.8076923076915,0.0,0.0,,8.973580499423884,-1.1100424163788447,0.0,0.0,0.0,7890.8076923076915,0.0,33.773,7890.8076923076915,7890.8076923076915,0.0,7890.8076923076915,0.0,0.0,0.0,0.0
6,1998.0,0.0,Tuberculosis,All,7890.8076923076915,0.0,0.0,,8.973580499423884,-1.1100424163788447,0.0,0.0,0.0,7890.8076923076915,0.0,33.773,7890.8076923076915,7890.8076923076915,0.0,7890.8076923076915,0.0,0.0,0.0,0.0
7,1998.0,0.0,Tuberculosis,All,7890.8076923076915,0.0,0.0,,8.973580499423884,-1.1100424163788447,0.0,0.0,0.0,7890.8076923076915,0.0,33.773,7890.8076923076915,7890.8076923076915,0.0,7890.8076923076915,0.0,0.0,0.0,0.0
8,1998.0,0.0,Tuberculosis,All,7890.8076923076915,0.0,0.0,,8.973580499423884,-1.1100424163788447,0.0,0.0,0.0,7890.8076923076915,0.0,33.773,7890.8076923076915,7890.8076923076915,0.0,7890.8076923076915,0.0,0.0,0.0,0.0
9,1998.0,0.0,Tuberculosis,All,7890.8076923076915,0.0,0.0,,8.973580499423884,-1.1100424163788447,0.0,0.0,0.0,7890.8076923076915,0.0,33.773,7890.8076923076915,7890.8076923076915,0.0,7890.8076923076915,0.0,0.0,0.0,0.0
10,1998.0,0.0,Tuberculosis,All,7890.8076923076915,0.0,0.0,,8.973580499423884,-1.1100424163788447,0.0,0.0,0.0,7890.8076923076915,0.0,33.773,7890.8076923076915,7890.8076923076915,0.0,7890.8076923076915,0.0,0.0,0.0,0.0
11,1998.0,0.0,Tuberculosis,All,7890.8076923076915,0.0,0.0,,8.973580499423884,-1.1100424163788447,0.0,0.0,0.0,7890.8076923076915,0.0,33.773,7890.8076923076915,7890.8076923076915,0.0,7890.8076923076915,0.0,0.0,0.0,0.0
12,1998.0,0.0,Tuberculosis,All,7890.8076923076915,0.0,0.0,,8.973580499423884,-1.1100424163788447,0.0,0.0,0.0,7890.8076923076915,0.0,33.773,7890.8076923076915,7890.8076923076915,0.0,7890.8076923076915,0.0,0.0,0.0,0.0
13,1998.0,0.0,Tuberculosis,All,7890.8076923076915,0.0,0.0,,8.973580499423884,-1.1100424163788447,0.0,0.0,0.0,7890.8076923076915,0.0,33.773,7890.8076923076915,7890.8076923076915,0.0,7890.8076923076915,0.0,0.0,0.0,0.0
14,1998.0,0.0,Tuberculosis,All,7890.8076923076915,0.0,0.0,,8.973580499423884,-1.1100424163788447,0.0,0.0,0.0,7890.8076923076915,0.0,33.773,7890.8076923076915,7890.8076923076915,0.0,7890.8076923076915,0.0,0.0,0.0,0.0
15,1998.0,0.0,Tuberculosis,All,7890.8076923076915,0.0,0.0,,8.973580499423884,-1.1100424163788447,0.0,0.0,0.0,7890.8076923076915,0.0,33.773,7890.8076923076915,7890.8076923076915,0.0,7890.8076923076915,0.0,0.0,0.0,0.0
16,1998.0,0.0,Tuberculosis,All,7890.8076923076915,0.0,0.0,,8.973580499423884,-1.1100424163788447,0.0,0.0,0.0,7890.8076923076915,0.0,33.773,7890.8076923076915,7890.8076923076915,0.0,7890.8076923076915,0.0,0.0,0.0,0.0
17,1998.0,0.0,Tuberculosis,All,7890.8076923076915,0.0,0.0,,8.973580499423884,-1.1100424163788447,0.0,0.0,0.0,7890.8076923076915,0.0,33.773,7890.8076923076915,7890.8076923076915,0.0,7890.8076923076915,0.0,0.0,0.0,0.0
18,1998.0,0.0,Tuberculosis,All,7890.8076923076915,0.0,0.0,,8.973580499423884,-1.1100424163788447,0.0,0.0,0.0,7890.8076923076915,0.0,33.773,7890.8076923076915,7890.8076923076915,0.0,7890.8076923076915,0.0,0.0,0.0,0.0
19,1998.0,0.0,Tuberculosis,All,7890.8076923076915,0.0,0.0,,8.973580499423884,-1.1100424163788447,0.0,0.0,0.0,7890.8076923076915,0.0,33.773,7890.8076923076915,7890.8076923076915,0.0,7890.8076923076915,0.0,0.0,0.0,0.0
20,1998.0,0.0,Tuberculosis,All,7890.8076923076915,0.0,0.0,,8.973580499423884,-1.1100424163788447,0.0,0.0,0.0,7890.8076923076915,0.0,33.773,7890.8076923076915,7890.8076923076915,0.0,7890.8076923076915,0.0,0.0,0.0,0.0
21,1998.0,0.0,Tuberculosis,All,7890.8076923076915,0.0,0.0,,8.973580499423884,-1.1100424163788447,0.0,0.0,0.0,7890.8076923076915,0.0,33.773,7890.8076923076915,7890.8076923076915,0.0,7890.8076923076915,0.0,0.0,0.0,0.0
22,1998.0,0.0,Tuberculosis,All,7890.8076923076915,0.0,0.0,,8.973580499423884,-1.1100424163788447,0.0,0.0,0.0,7890.8076923076915,0.0,33.773,7890.8076923076915,7890.8076923076915,0.0,7890.8076923076915,0.0,0.0,0.0,0.0
23,1998.0,0.0,Tuberculosis,All,7890.8076923076915,0.0,0.0,,8.973580499423884,-1.1100424163788447,0.0,0.0,0.0,7890.8076923076915,0.0,33.773,7890.8076923076915,7890.8076923076915,0.0,7890.8076923076915,0.0,0.0,0.0,0.0
24,1998.0,0.0,Tuberculosis,All,7890.8076923076915,0.0,0.0,,8.973580499423884,-1.1100424163788447,0.0,0.0,0.0,7890.8076923076915,0.0,33.773,7890.8076923076915,7890.8076923076915,0.0,7890.8076923076915,0.0,0.0,0.0,0.0
25,1998.0,0.0,Tuberculosis,All,7890.8076923076915,0.0,0.0,,8.973580499423884,-1.1100424163788447,0.0,0.0,0.0,7890.8076923076915,0.0,33.773,7890.8076923076915,7890.8076923076915,0.0,7890.8076923076915,0.0,0.0,0.0,0.0
26,1998.0,0.0,Tuberculosis,All,7890.8076923076915,0.0,0.0,,8.973580499423884,-1.1100424163788447,0.0,0.0,0.0,7890.8076923076915,0.0,33.773,7890.8076923076915,7890.8076923076915,0.0,7890.8076923076915,0.0,0.0,0.0,0.0
27,1998.0,0.0,Tuberculosis,All,7890.8076923076915,0.0,0.0,,8.973580499423884,-1.1100424163788447,0.0,0.0,0.0,7890.8076923076915,0.0,33.773,7890.8076923076915,7890.8076923076915,0.0,7890.8076923076915,0.0,0.0,0.0,0.0
28,1998.0,0.0,Tuberculosis,All,7890.8076923076915,0.0,0.0,,8.973580499423884,-1.1100424163788447,0.0,0.0,0.0,7890.8076923076915,0.0,33.773,7890.8076923076915,7890.8076923076915,0.0,7890.8076923076915,0.0,0.0,0.0,0.0
29,1998.0,0.0,Tuberculosis,All,7890.8076923076915,0.0,0.0,,8.973580499423884,-1.1100424163788447,0.0,0.0,0.0,7890.8076923076915,0.0,33.773,7890.8076923076915,7890.8076923076915,0.0,7890.8076923076915,0.0,0.0,0.0,0.0
30,1998.0,0.0,Tuberculosis,All,7890.8076923076915,0.0,0.0,,8.973580499423884,-1.1100424163788447,0.0,0.0,0.0,7890.8076923076915,0.0,33.773,7890.8076923076915,7890.8076923076915,0.0,7890.8076923076915,0.0,0.0,0.0,0.0
31,1998.0,0.0,Tuberculosis,All,7890.8076923076915,0.0,0.0,,8.973580499423884,-1.1100424163788447,0.0,0.0,0.0,7890.8076923076915,0.0,33.773,7890.8076923076915,7890.8076923076915,0.0,7890.8076923076915,0.0,0.0,0.0,0.0
32,1998.0,0.0,Tuberculosis,All,7890.8076923076915,0.0,0.0,,8.973580499423884,-1.1100424163788447,0.0,0.0,0.0,7890.8076923076915,0.0,33.773,7890.8076923076915,7890.8076923076915,0.0,7890.8076923076915,0.0,0.0,0.0,0.0
33,1998.0,0.0,Tuberculosis,All,7890.8076923076915,0.0,0.0,,8.973580499423884,-1.1100424163788447,0.0,0.0,0.0,7890.8076923076915,0.0,33.773,7890.8076923076915,7890.8076923076915,0.0,7890.8076923076915,0.0,0.0,0.0,0.0
34,1998.0,0.0,Tuberculosis,All,7890.8076923076915,0.0,0.0,,8.973580499423884,-1.1100424163788447,0.0,0.0,0.0,7890.8076923076915,0.0,33.773,7890.8076923076915,7890.8076923076915,0.0,7890.8076923076915,0.0,0.0,0.0,0.0
35,1998.0,0.0,Tuberculosis,All,7890.8076923076915,0.0,0.0,,8.973580499423884,-1.1100424163788447,0.0,0.0,0.0,7890.8076923076915,0.0,33.773,7890.8076923076915,7890.8076923076915,0.0,7890.8076923076915,0.0,0.0,0.0,0.0
36,1998.0,0.0,Tuberculosis,All,7890.8076923076915,0.0,0.0,,8.973580499423884,-1.1100424163788447,0.0,0.0,0.0,7890.8076923076915,0.0,33.773,7890.8076923076915,7890.8076923076915,0.0,7890.8076923076915,0.0,0.0,0.0,0.0
37,1998.0,0.0,Tuberculosis,All,7890.8076923076915,0.0,0.0,,8.973580499423884,-1.1100424163788447,0.0,0.0,0.0,7890.8076923076915,0.0,33.773,7890.8076923076915,7890.8076923076915,0.0,7890.8076923076915,0.0,0.0,0.0,0.0
38,1998.0,0.0,Tuberculosis,All,7890.8076923076915,0.0,0.0,,8.973580499423884,-1.1100424163788447,0.0,0.0,0.0,7890.8076923076915,0.0,33.773,7890.8076923076915,7890.8076923076915,0.0,7890.8076923076915,0.0,0.0,0.0,0.0
39,1998.0,0.0,Tuberculosis,All,7890.8076923076915,0.0,0.0,,8.973580499423884,-1.1100424163788447,0.0,0.0,0.0,7890.8076923076915,0.0,33.773,7890.8076923076915,7890.8076923076915,0.0,7890.8076923076915,0.0,0.0,0.0,0.0
40,1998.0,0.0,Tuberculosis,All,7890.8076923076915,0.0,0.0,,8.973580499423884,-1.1100424163788447,0.0,0.0,0.0,7890.8076923076915,0.0,33.773,7890.8076923076915,7890.8076923076915,0.0,7890.8076923076915,0.0,0.0,0.0,0.0
41,1998.0,0.0,Tuberculosis,All,7890.8076923076915,0.0,0.0,,8.973580499423884,-1.1100424163788447,0.0,0.0,0.0,7890.8076923076915,0.0,33.773,7890.8076923076915,7890.8076923076915,0.0,7890.8076923076915,0.0,0.0,0.0,0.0
42,1998.0,0.0,Tuberculosis,All,7890.8076923076915,0.0,0.0,,8.973580499423884,-1.1100424163788447,0.0,0.0,0.0,7890.8076923076915,0.0,33.773,7890.8076923076915,7890.8076923076915,0.0,7890.8076923076915,0.0,0.0,0.0,0.0
43,1998.0,0.0,Tuberculosis,All,7890.8076923076915,0.0,0.0,,8.973580499423884,-1.1100424163788447,0.0,0.0,0.0,7890.8076923076915,0.0,33.773,7890.8076923076915,7890.8076923076915,0.0,7890.8076923076915,0.0,0.0,0.0,0.0
44,1998.0,0.0,Tuberculosis,All,7890.8076923076915,0.0,0.0,,8.973580499423884,-1.1100424163788447,0.0,0.0,0.0,7890.8076923076915,0.0,33.773,7890.8076923076915,7890.8076923076915,0.0,7890.8076923076915,0.0,0.0,0.0,0.0
45,1998.0,0.0,Tuberculosis,All,7890.8076923076915,0.0,0.0,,8.973580499423884,-1.1100424163788447,0.0,0.0,0.0,7890.8076923076915,0.0,33.773,7890.8076923076915,7890.8076923076915,0.0,7890.8076923076915,0.0,0.0,0.0,0.0
46,1998.0,0.0,Tuberculosis,All,7890.8076923076915,0.0,0.0,,8.973580499423884,-1.1100424163788447,0.0,0.0,0.0,7890.8076923076915,0.0,33.773,7890.8076923076915,7890.8076923076915,0.0,7890.8076923076915,0.0,0.0,0.0,0.0
47,1998.0,0.0,Tuberculosis,All,7890.8076923076915,0.0,0.0,,8.973580499423884,-1.1100424163788447,0.0,0.0,0.0,7890.8076923076915,0.0,33.773,7890.8076923076915,7890.8076923076915,0.0,7890.8076923076915,0.0,0.0,0.0,0.0
48,1998.0,0.0,Tuberculosis,All,7890.8076923076915,0.0,0.0,,8.973580499423884,-1.1100424163788447,0.0,0.0,0.0,7890.8076923076915,0.0,33.773,7890.8076923076915,7890.8076923076915,0.0,7890.8076923076915,0.0,0.0,0.0,0.0
49,1998.0,0.0,Tuberculosis,All,7890.8076923076915,0.0,0.0,,8.973580499423884,-1.1100424163788447,0.0,0.0,0.0,7890.8076923076915,0.0,33.773,7890.8076923076915,7890.8076923076915,0.0,7890.8076923076915,0.0,0.0,0.0,0.0
50,1998.0,0.0,Tuberculosis,All,7890.8076923076915,0.0,0.0,,8.973580499423884,-1.1100424163788447,0.0,0.0,0.0,7890.8076923076915,0.0,33.773,7890.8076923076915,7890.8076923076915,0.0,7890.8076923076915,0.0,0.0,0.0,0.0
51,1998.0,0.0,Tuberculosis,All,7890.8076923076915,0.0,0.0,,8.973580499423884,-1.1100424163788447,0.0,0.0,0.0,7890.8076923076915,0.0,33.773,7890.8076923076915,7890.8076923076915,0.0,7890.8076923076915,0.0,0.0,0.0,0.0
52,1998.0,0.0,Tuberculosis,All,7890.8076923076915,0.0,0.0,,8.973580499423884,-1.1100424163788447,0.0,0.0,0.0,7890.8076923076915,0.0,33.773,7890.8076923076915,7890.8076923076915,0.0,7890.8076923076915,0.0,0.0,0.0,0.0
1,1999.0,0.0,Tuberculosis,All,8159.7307692307695,0.0,0.0,,9.007088999001128,-1.0676819541618243,0.0,0.0,0.0,8159.7307692307695,0.0,34.304,7890.8076923076915,7890.8076923076915,0.0,7958.038461538461,134.46153846156108,0.0,0.03408055137184957,0.0
2,1999.0,0.0,Tuberculosis,All,8159.7307692307695,0.0,0.0,,9.007088999001128,-1.0676819541618243,0.0,0.0,0.0,8159.7307692307695,0.0,34.304,8159.7307692307695,8025.2692307692305,0.0,8025.2692307692305,155.2628108528617,0.0,0.0,0.0
3,1999.0,0.0,Tuberculosis,All,8159.7307692307695,0.0,0.0,,9.007088999001128,-1.0676819541618243,0.0,0.0,0.0,8159.7307692307695,0.0,34.304,8159.7307692307695,8159.7307692307695,0.0,8092.5,134.4615384615634,0.0,0.0,0.0
4,1999.0,0.0,Tuberculosis,All,8159.7307692307695,0.0,0.0,,9.007088999001128,-1.0676819541618243,0.0,0.0,0.0,8159.7307692307695,0.0,34.304,8159.7307692307695,8159.7307692307695,0.0,8159.7307692307695,0.0,0.0,0.0,0.0
5,1999.0,0.0,Tuberculosis,All,8159.7307692307695,0.0,0.0,,9.007088999001128,-1.0676819541618243,0.0,0.0,0.0,8159.7307692307695,0.0,34.304,8159.7307692307695,8159.7307692307695,0.0,8159.7307692307695,0.0,0.0,0.0,0.0
6,1999.0,0.0,Tuberculosis,All,8159.7307692307695,0.0,0.0,,9.007088999001128,-1.0676819541618243,0.0,0.0,0.0,8159.7307692307695,0.0,34.304,8159.7307692307695,8159.7307692307695,0.0,8159.7307692307695,0.0,0.0,0.0,0.0
7,1999.0,0.0,Tuberculosis,All,8159.7307692307695,0.0,0.0,,9.007088999001128,-1.0676819541618243,0.0,0.0,0.0,8159.7307692307695,0.0,34.304,8159.7307692307695,8159.7307692307695,0.0,8159.7307692307695,0.0,0.0,0.0,0.0
8,1999.0,0.0,Tuberculosis,All,8159.7307692307695,0.0,0.0,,9.007088999001128,-1.0676819541618243,0.0,0.0,0.0,8159.7307692307695,0.0,34.304,8159.7307692307695,8159.7307692307695,0.0,8159.7307692307695,0.0,0.0,0.0,0.0
9,1999.0,0.0,Tuberculosis,All,8159.7307692307695,0.0,0.0,,9.007088999001128,-1.0676819541618243,0.0,0.0,0.0,8159.7307692307695,0.0,34.304,8159.7307692307695,8159.7307692307695,0.0,8159.7307692307695,0.0,0.0,0.0,0.0
10,1999.0,0.0,Tuberculosis,All,8159.7307692307695,0.0,0.0,,9.007088999001128,-1.0676819541618243,0.0,0.0,0.0,8159.7307692307695,0.0,34.304,8159.7307692307695,8159.7307692307695,0.0,8159.7307692307695,0.0,0.0,0.0,0.0
11,1999.0,0.0,Tuberculosis,All,8159.7307692307695,0.0,0.0,,9.007088999001128,-1.0676819541618243,0.0,0.0,0.0,8159.7307692307695,0.0,34.304,8159.7307692307695,8159.7307692307695,0.0,8159.7307692307695,0.0,0.0,0.0,0.0
12,1999.0,0.0,Tuberculosis,All,8159.7307692307695,0.0,0.0,,9.007088999001128,-1.0676819541618243,0.0,0.0,0.0,8159.7307692307695,0.0,34.304,8159.7307692307695,8159.7307692307695,0.0,8159.7307692307695,0.0,0.0,0.0,0.0
13,1999.0,0.0,Tuberculosis,All,8159.7307692307695,0.0,0.0,,9.007088999001128,-1.0676819541618243,0.0,0.0,0.0,8159.7307692307695,0.0,34.304,8159.7307692307695,8159.7307692307695,0.0,8159.7307692307695,0.0,0.0,0.0,0.0
14,1999.0,0.0,Tuberculosis,All,8159.7307692307695,0.0,0.0,,9.007088999001128,-1.0676819541618243,0.0,0.0,0.0,8159.7307692307695,0.0,34.304,8159.7307692307695,8159.7307692307695,0.0,8159.7307692307695,0.0,0.0,0.0,0.0
15,1999.0,0.0,Tuberculosis,All,8159.7307692307695,0.0,0.0,,9.007088999001128,-1.0676819541618243,0.0,0.0,0.0,8159.7307692307695,0.0,34.304,8159.7307692307695,8159.7307692307695,0.0,8159.7307692307695,0.0,0.0,0.0,0.0
16,1999.0,0.0,Tuberculosis,All,8159.7307692307695,0.0,0.0,,9.007088999001128,-1.0676819541618243,0.0,0.0,0.0,8159.7307692307695,0.0,34.304,8159.7307692307695,8159.7307692307695,0.0,8159.7307692307695,0.0,0.0,0.0,0.0
17,1999.0,0.0,Tuberculosis,All,8159.7307692307695,0.0,0.0,,9.007088999001128,-1.0676819541618243,0.0,0.0,0.0,8159.7307692307695,0.0,34.304,8159.7307692307695,8159.7307692307695,0.0,8159.7307692307695,0.0,0.0,0.0,0.0
18,1999.0,0.0,Tuberculosis,All,8159.7307692307695,0.0,0.0,,9.007088999001128,-1.0676819541618243,0.0,0.0,0.0,8159.7307692307695,0.0,34.304,8159.7307692307695,8159.7307692307695,0.0,8159.7307692307695,0.0,0.0,0.0,0.0
19,1999.0,0.0,Tuberculosis,All,8159.7307692307695,0.0,0.0,,9.007088999001128,-1.0676819541618243,0.0,0.0,0.0,8159.7307692307695,0.0,34.304,8159.7307692307695,8159.7307692307695,0.0,8159.7307692307695,0.0,0.0,0.0,0.0
20,1999.0,0.0,Tuberculosis,All,8159.7307692307695,0.0,0.0,,9.007088999001128,-1.0676819541618243,0.0,0.0,0.0,8159.7307692307695,0.0,34.304,8159.7307692307695,8159.7307692307695,0.0,8159.7307692307695,0.0,0.0,0.0,0.0
21,1999.0,0.0,Tuberculosis,All,8159.7307692307695,0.0,0.0,,9.007088999001128,-1.0676819541618243,0.0,0.0,0.0,8159.7307692307695,0.0,34.304,8159.7307692307695,8159.7307692307695,0.0,8159.7307692307695,0.0,0.0,0.0,0.0
22,1999.0,0.0,Tuberculosis,All,8159.7307692307695,0.0,0.0,,9.007088999001128,-1.0676819541618243,0.0,0.0,0.0,8159.7307692307695,0.0,34.304,8159.7307692307695,8159.7307692307695,0.0,8159.7307692307695,0.0,0.0,0.0,0.0
23,1999.0,0.0,Tuberculosis,All,8159.7307692307695,0.0,0.0,,9.007088999001128,-1.0676819541618243,0.0,0.0,0.0,8159.7307692307695,0.0,34.304,8159.7307692307695,8159.7307692307695,0.0,8159.7307692307695,0.0,0.0,0.0,0.0
24,1999.0,0.0,Tuberculosis,All,8159.7307692307695,0.0,0.0,,9.007088999001128,-1.0676819541618243,0.0,0.0,0.0,8159.7307692307695,0.0,34.304,8159.7307692307695,8159.7307692307695,0.0,8159.7307692307695,0.0,0.0,0.0,0.0
25,1999.0,0.0,Tuberculosis,All,8159.7307692307695,0.0,0.0,,9.007088999001128,-1.0676819541618243,0.0,0.0,0.0,8159.7307692307695,0.0,34.304,8159.7307692307695,8159.7307692307695,0.0,8159.7307692307695,0.0,0.0,0.0,0.0
26,1999.0,0.0,Tuberculosis,All,8159.7307692307695,0.0,0.0,,9.007088999001128,-1.0676819541618243,0.0,0.0,0.0,8159.7307692307695,0.0,34.304,8159.7307692307695,8159.7307692307695,0.0,8159.7307692307695,0.0,0.0,0.0,0.0
27,1999.0,0.0,Tuberculosis,All,8159.7307692307695,0.0,0.0,,9.007088999001128,-1.0676819541618243,0.0,0.0,0.0,8159.7307692307695,0.0,34.304,8159.7307692307695,8159.7307692307695,0.0,8159.7307692307695,0.0,0.0,0.0,0.0
28,1999.0,0.0,Tuberculosis,All,8159.7307692307695,0.0,0.0,,9.007088999001128,-1.0676819541618243,0.0,0.0,0.0,8159.7307692307695,0.0,34.304,8159.7307692307695,8159.7307692307695,0.0,8159.7307692307695,0.0,0.0,0.0,0.0
29,1999.0,0.0,Tuberculosis,All,8159.7307692307695,0.0,0.0,,9.007088999001128,-1.0676819541618243,0.0,0.0,0.0,8159.7307692307695,0.0,34.304,8159.7307692307695,8159.7307692307695,0.0,8159.7307692307695,0.0,0.0,0.0,0.0
30,1999.0,0.0,Tuberculosis,All,8159.7307692307695,0.0,0.0,,9.007088999001128,-1.0676819541618243,0.0,0.0,0.0,8159.7307692307695,0.0,34.304,8159.7307692307695,8159.7307692307695,0.0,8159.7307692307695,0.0,0.0,0.0,0.0
31,1999.0,0.0,Tuberculosis,All,8159.7307692307695,0.0,0.0,,9.007088999001128,-1.0676819541618243,0.0,0.0,0.0,8159.7307692307695,0.0,34.304,8159.7307692307695,8159.7307692307695,0.0,8159.7307692307695,0.0,0.0,0.0,0.0
32,1999.0,0.0,Tuberculosis,All,8159.7307692307695,0.0,0.0,,9.007088999001128,-1.0676819541618243,0.0,0.0,0.0,8159.7307692307695,0.0,34.304,8159.7307692307695,8159.7307692307695,0.0,8159.7307692307695,0.0,0.0,0.0,0.0
33,1999.0,0.0,Tuberculosis,All,8159.7307692307695,0.0,0.0,,9.007088999001128,-1.0676819541618243,0.0,0.0,0.0,8159.7307692307695,0.0,34.304,8159.7307692307695,8159.7307692307695,0.0,8159.7307692307695,0.0,0.0,0.0,0.0
34,1999.0,0.0,Tuberculosis,All,8159.7307692307695,0.0,0.0,,9.007088999001128,-1.0676819541618243,0.0,0.0,0.0,8159.7307692307695,0.0,34.304,8159.7307692307695,8159.7307692307695,0.0,8159.7307692307695,0.0,0.0,0.0,0.0
35,1999.0,0.0,Tuberculosis,All,8159.7307692307695,0.0,0.0,,9.007088999001128,-1.0676819541618243,0.0,0.0,0.0,8159.7307692307695,0.0,34.304,8159.7307692307695,8159.7307692307695,0.0,8159.7307692307695,0.0,0.0,0.0,0.0
36,1999.0,0.0,Tuberculosis,All,8159.7307692307695,0.0,0.0,,9.007088999001128,-1.0676819541618243,0.0,0.0,0.0,8159.7307692307695,0.0,34.304,8159.7307692307695,8159.7307692307695,0.0,8159.7307692307695,0.0,0.0,0.0,0.0
37,1999.0,0.0,Tuberculosis,All,8159.7307692307695,0.0,0.0,,9.007088999001128,-1.0676819541618243,0.0,0.0,0.0,8159.7307692307695,0.0,34.304,8159.7307692307695,8159.7307692307695,0.0,8159.7307692307695,0.0,0.0,0.0,0.0
38,1999.0,0.0,Tuberculosis,All,8159.7307692307695,0.0,0.0,,9.007088999001128,-1.0676819541618243,0.0,0.0,0.0,8159.7307692307695,0.0,34.304,8159.7307692307695,8159.7307692307695,0.0,8159.7307692307695,0.0,0.0,0.0,0.0
39,1999.0,0.0,Tuberculosis,All,8159.7307692307695,0.0,0.0,,9.007088999001128,-1.0676819541618243,0.0,0.0,0.0,8159.7307692307695,0.0,34.304,8159.7307692307695,8159.7307692307695,0.0,8159.7307692307695,0.0,0.0,0.0,0.0
40,1999.0,0.0,Tuberculosis,All,8159.7307692307695,0.0,0.0,,9.007088999001128,-1.0676819541618243,0.0,0.0,0.0,8159.7307692307695,0.0,34.304,8159.7307692307695,8159.7307692307695,0.0,8159.7307692307695,0.0,0.0,0.0,0.0
41,1999.0,0.0,Tuberculosis,All,8159.7307692307695,0.0,0.0,,9.007088999001128,-1.0676819541618243,0.0,0.0,0.0,8159.7307692307695,0.0,34.304,8159.7307692307695,8159.7307692307695,0.0,8159.7307692307695,0.0,0.0,0.0,0.0
42,1999.0,0.0,Tuberculosis,All,8159.7307692307695,0.0,0.0,,9.007088999001128,-1.0676819541618243,0.0,0.0,0.0,8159.7307692307695,0.0,34.304,8159.7307692307695,8159.7307692307695,0.0,8159.7307692307695,0.0,0.0,0.0,0.0
43,1999.0,0.0,Tuberculosis,All,8159.7307692307695,0.0,0.0,,9.007088999001128,-1.0676819541618243,0.0,0.0,0.0,8159.7307692307695,0.0,34.304,8159.7307692307695,8159.7307692307695,0.0,8159.7307692307695,0.0,0.0,0.0,0.0
44,1999.0,0.0,Tuberculosis,All,8159.7307692307695,0.0,0.0,,9.007088999001128,-1.0676819541618243,0.0,0.0,0.0,8159.7307692307695,0.0,34.304,8159.7307692307695,8159.7307692307695,0.0,8159.7307692307695,0.0,0.0,0.0,0.0
45,1999.0,0.0,Tuberculosis,All,8159.7307692307695,0.0,0.0,,9.007088999001128,-1.0676819541618243,0.0,0.0,0.0,8159.7307692307695,0.0,34.304,8159.7307692307695,8159.7307692307695,0.0,8159.7307692307695,0.0,0.0,0.0,0.0
46,1999.0,0.0,Tuberculosis,All,8159.7307692307695,0.0,0.0,,9.007088999001128,-1.0676819541618243,0.0,0.0,0.0,8159.7307692307695,0.0,34.304,8159.7307692307695,8159.7307692307695,0.0,8159.7307692307695,0.0,0.0,0.0,0.0
47,1999.0,0.0,Tuberculosis,All,8159.7307692307695,0.0,0.0,,9.007088999001128,-1.0676819541618243,0.0,0.0,0.0,8159.7307692307695,0.0,34.304,8159.7307692307695,8159.7307692307695,0.0,8159.7307692307695,0.0,0.0,0.0,0.0
48,1999.0,0.0,Tuberculosis,All,8159.7307692307695,0.0,0.0,,9.007088999001128,-1.0676819541618243,0.0,0.0,0.0,8159.7307692307695,0.0,34.304,8159.7307692307695,8159.7307692307695,0.0,8159.7307692307695,0.0,0.0,0.0,0.0
49,1999.0,0.0,Tuberculosis,All,8159.7307692307695,0.0,0.0,,9.007088999001128,-1.0676819541618243,0.0,0.0,0.0,8159.7307692307695,0.0,34.304,8159.7307692307695,8159.7307692307695,0.0,8159.7307692307695,0.0,0.0,0.0,0.0
50,1999.0,0.0,Tuberculosis,All,8159.7307692307695,0.0,0.0,,9.007088999001128,-1.0676819541618243,0.0,0.0,0.0,8159.7307692307695,0.0,34.304,8159.7307692307695,8159.7307692307695,0.0,8159.7307692307695,0.0,0.0,0.0,0.0
51,1999.0,0.0,Tuberculosis,All,8159.7307692307695,0.0,0.0,,9.007088999001128,-1.0676819541618243,0.0,0.0,0.0,8159.7307692307695,0.0,34.304,8159.7307692307695,8159.7307692307695,0.0,8159.7307692307695,0.0,0.0,0.0,0.0
52,1999.0,0.0,Tuberculosis,All,8159.7307692307695,0.0,0.0,,9.007088999001128,-1.0676819541618243,0.0,0.0,0.0,8159.7307692307695,0.0,34.304,8159.7307692307695,8159.7307692307695,0.0,8159.7307692307695,0.0,0.0,0.0,0.0
1,2000.0,0.0,Tuberculosis,All,15920.51923076923,0.0,0.0,,9.67542688391373,0.15478876185383236,0.0,0.0,0.0,15920.51923076923,0.0,34.84,8159.7307692307695,8159.7307692307695,0.0,10099.927884615385,3880.3942307692328,0.0,0.9511083981843291,0.0
2,2000.0,0.0,Tuberculosis,All,15920.51923076923,0.0,0.0,,9.67542688391373,0.15478876185383236,0.0,0.0,0.0,15920.51923076923,0.0,34.84,15920.51923076923,12040.125,0.0,12040.125,4480.693307392975,0.0,0.0,0.0
3,2000.0,0.0,Tuberculosis,All,15920.51923076923,0.0,0.0,,9.67542688391373,0.15478876185383236,0.0,0.0,0.0,15920.51923076923,0.0,34.84,15920.51923076923,15920.51923076923,0.0,13980.322115384617,3880.3942307692355,0.0,0.0,0.0
4,2000.0,0.0,Tuberculosis,All,15920.51923076923,0.0,0.0,,9.67542688391373,0.15478876185383236,0.0,0.0,0.0,15920.51923076923,0.0,34.84,15920.51923076923,15920.51923076923,0.0,15920.51923076923,0.0,0.0,0.0,0.0
5,2000.0,0.0,Tuberculosis,All,15920.51923076923,0.0,0.0,,9.67542688391373,0.15478876185383236,0.0,0.0,0.0,15920.51923076923,0.0,34.84,15920.51923076923,15920.51923076923,0.0,15920.51923076923,0.0,0.0,0.0,0.0
6,2000.0,0.0,Tuberculosis,All,15920.51923076923,0.0,0.0,,9.67542688391373,0.15478876185383236,0.0,0.0,0.0,15920.51923076923,0.0,34.84,15920.51923076923,15920.51923076923,0.0,15920.51923076923,0.0,0.0,0.0,0.0
7,2000.0,0.0,Tuberculosis,All,15920.51923076923,0.0,0.0,,9.67542688391373,0.15478876185383236,0.0,0.0,0.0,15920.51923076923,0.0,34.84,15920.51923076923,15920.51923076923,0.0,15920.51923076923,0.0,0.0,0.0,0.0
8,2000.0,0.0,Tuberculosis,All,15920.51923076923,0.0,0.0,,9.67542688391373,0.15478876185383236,0.0,0.0,0.0,15920.51923076923,0.0,34.84,15920.51923076923,15920.51923076923,0.0,15920.51923076923,0.0,0.0,0.0,0.0
9,2000.0,0.0,Tuberculosis,All,15920.51923076923,0.0,0.0,,9.67542688391373,0.15478876185383236,0.0,0.0,0.0,15920.51923076923,0.0,34.84,15920.51923076923,15920.51923076923,0.0,15920.51923076923,0.0,0.0,0.0,0.0
10,2000.0,0.0,Tuberculosis,All,15920.51923076923,0.0,0.0,,9.67542688391373,0.15478876185383236,0.0,0.0,0.0,15920.51923076923,0.0,34.84,15920.51923076923,15920.51923076923,0.0,15920.51923076923,0.0,0.0,0.0,0.0
11,2000.0,0.0,Tuberculosis,All,15920.51923076923,0.0,0.0,,9.67542688391373,0.15478876185383236,0.0,0.0,0.0,15920.51923076923,0.0,34.84,15920.51923076923,15920.51923076923,0.0,15920.51923076923,0.0,0.0,0.0,0.0
12,2000.0,0.0,Tuberculosis,All,15920.51923076923,0.0,0.0,,9.67542688391373,0.15478876185383236,0.0,0.0,0.0,15920.51923076923,0.0,34.84,15920.51923076923,15920.51923076923,0.0,15920.51923076923,0.0,0.0,0.0,0.0
13,2000.0,0.0,Tuberculosis,All,15920.51923076923,0.0,0.0,,9.67542688391373,0.15478876185383236,0.0,0.0,0.0,15920.51923076923,0.0,34.84,15920.51923076923,15920.51923076923,0.0,15920.51923076923,0.0,0.0,0.0,0.0
14,2000.0,0.0,Tuberculosis,All,15920.51923076923,0.0,0.0,,9.67542688391373,0.15478876185383236,0.0,0.0,0.0,15920.51923076923,0.0,34.84,15920.51923076923,15920.51923076923,0.0,15920.51923076923,0.0,0.0,0.0,0.0
15,2000.0,0.0,Tuberculosis,All,15920.51923076923,0.0,0.0,,9.67542688391373,0.15478876185383236,0.0,0.0,0.0,15920.51923076923,0.0,34.84,15920.51923076923,15920.51923076923,0.0,15920.51923076923,0.0,0.0,0.0,0.0
16,2000.0,0.0,Tuberculosis,All,15920.51923076923,0.0,0.0,,9.67542688391373,0.15478876185383236,0.0,0.0,0.0,15920.51923076923,0.0,34.84,15920.51923076923,15920.51923076923,0.0,15920.51923076923,0.0,0.0,0.0,0.0
17,2000.0,0.0,Tuberculosis,All,15920.51923076923,0.0,0.0,,9.67542688391373,0.15478876185383236,0.0,0.0,0.0,15920.51923076923,0.0,34.84,15920.51923076923,15920.51923076923,0.0,15920.51923076923,0.0,0.0,0.0,0.0
18,2000.0,0.0,Tuberculosis,All,15920.51923076923,0.0,0.0,,9.67542688391373,0.15478876185383236,0.0,0.0,0.0,15920.51923076923,0.0,34.84,15920.51923076923,15920.51923076923,0.0,15920.51923076923,0.0,0.0,0.0,0.0
19,2000.0,0.0,Tuberculosis,All,15920.51923076923,0.0,0.0,,9.67542688391373,0.15478876185383236,0.0,0.0,0.0,15920.51923076923,0.0,34.84,15920.51923076923,15920.51923076923,0.0,15920.51923076923,0.0,0.0,0.0,0.0
20,2000.0,0.0,Tuberculosis,All,15920.51923076923,0.0,0.0,,9.67542688391373,0.15478876185383236,0.0,0.0,0.0,15920.51923076923,0.0,34.84,15920.51923076923,15920.51923076923,0.0,15920.51923076923,0.0,0.0,0.0,0.0
21,2000.0,0.0,Tuberculosis,All,15920.51923076923,0.0,0.0,,9.67542688391373,0.15478876185383236,0.0,0.0,0.0,15920.51923076923,0.0,34.84,15920.51923076923,15920.51923076923,0.0,15920.51923076923,0.0,0.0,0.0,0.0
22,2000.0,0.0,Tuberculosis,All,15920.51923076923,0.0,0.0,,9.67542688391373,0.15478876185383236,0.0,0.0,0.0,15920.51923076923,0.0,34.84,15920.51923076923,15920.51923076923,0.0,15920.51923076923,0.0,0.0,0.0,0.0
23,2000.0,0.0,Tuberculosis,All,15920.51923076923,0.0,0.0,,9.67542688391373,0.15478876185383236,0.0,0.0,0.0,15920.51923076923,0.0,34.84,15920.51923076923,15920.51923076923,0.0,15920.51923076923,0.0,0.0,0.0,0.0
24,2000.0,0.0,Tuberculosis,All,15920.51923076923,0.0,0.0,,9.67542688391373,0.15478876185383236,0.0,0.0,0.0,15920.51923076923,0.0,34.84,15920.51923076923,15920.51923076923,0.0,15920.51923076923,0.0,0.0,0.0,0.0
25,2000.0,0.0,Tuberculosis,All,15920.51923076923,0.0,0.0,,9.67542688391373,0.15478876185383236,0.0,0.0,0.0,15920.51923076923,0.0,34.84,15920.51923076923,15920.51923076923,0.0,15920.51923076923,0.0,0.0,0.0,0.0
26,2000.0,0.0,Tuberculosis,All,15920.51923076923,0.0,0.0,,9.67542688391373,0.15478876185383236,0.0,0.0,0.0,15920.51923076923,0.0,34.84,15920.51923076923,15920.51923076923,0.0,15920.51923076923,0.0,0.0,0.0,0.0
27,2000.0,0.0,Tuberculosis,All,15920.51923076923,0.0,0.0,,9.67542688391373,0.15478876185383236,0.0,0.0,0.0,15920.51923076923,0.0,34.84,15920.51923076923,15920.51923076923,0.0,15920.51923076923,0.0,0.0,0.0,0.0
28,2000.0,0.0,Tuberculosis,All,15920.51923076923,0.0,0.0,,9.67542688391373,0.15478876185383236,0.0,0.0,0.0,15920.51923076923,0.0,34.84,15920.51923076923,15920.51923076923,0.0,15920.51923076923,0.0,0.0,0.0,0.0
29,2000.0,0.0,Tuberculosis,All,15920.51923076923,0.0,0.0,,9.67542688391373,0.15478876185383236,0.0,0.0,0.0,15920.51923076923,0.0,34.84,15920.51923076923,15920.51923076923,0.0,15920.51923076923,0.0,0.0,0.0,0.0
30,2000.0,0.0,Tuberculosis,All,15920.51923076923,0.0,0.0,,9.67542688391373,0.15478876185383236,0.0,0.0,0.0,15920.51923076923,0.0,34.84,15920.51923076923,15920.51923076923,0.0,15920.51923076923,0.0,0.0,0.0,0.0
31,2000.0,0.0,Tuberculosis,All,15920.51923076923,0.0,0.0,,9.67542688391373,0.15478876185383236,0.0,0.0,0.0,15920.51923076923,0.0,34.84,15920.51923076923,15920.51923076923,0.0,15920.51923076923,0.0,0.0,0.0,0.0
32,2000.0,0.0,Tuberculosis,All,15920.51923076923,0.0,0.0,,9.67542688391373,0.15478876185383236,0.0,0.0,0.0,15920.51923076923,0.0,34.84,15920.51923076923,15920.51923076923,0.0,15920.51923076923,0.0,0.0,0.0,0.0
33,2000.0,0.0,Tuberculosis,All,15920.51923076923,0.0,0.0,,9.67542688391373,0.15478876185383236,0.0,0.0,0.0,15920.51923076923,0.0,34.84,15920.51923076923,15920.51923076923,0.0,15920.51923076923,0.0,0.0,0.0,0.0
34,2000.0,0.0,Tuberculosis,All,15920.51923076923,0.0,0.0,,9.67542688391373,0.15478876185383236,0.0,0.0,0.0,15920.51923076923,0.0,34.84,15920.51923076923,15920.51923076923,0.0,15920.51923076923,0.0,0.0,0.0,0.0
35,2000.0,0.0,Tuberculosis,All,15920.51923076923,0.0,0.0,,9.67542688391373,0.15478876185383236,0.0,0.0,0.0,15920.51923076923,0.0,34.84,15920.51923076923,15920.51923076923,0.0,15920.51923076923,0.0,0.0,0.0,0.0
36,2000.0,0.0,Tuberculosis,All,15920.51923076923,0.0,0.0,,9.67542688391373,0.15478876185383236,0.0,0.0,0.0,15920.51923076923,0.0,34.84,15920.51923076923,15920.51923076923,0.0,15920.51923076923,0.0,0.0,0.0,0.0
37,2000.0,0.0,Tuberculosis,All,15920.51923076923,0.0,0.0,,9.67542688391373,0.15478876185383236,0.0,0.0,0.0,15920.51923076923,0.0,34.84,15920.51923076923,15920.51923076923,0.0,15920.51923076923,0.0,0.0,0.0,0.0
38,2000.0,0.0,Tuberculosis,All,15920.51923076923,0.0,0.0,,9.67542688391373,0.15478876185383236,0.0,0.0,0.0,15920.51923076923,0.0,34.84,15920.51923076923,15920.51923076923,0.0,15920.51923076923,0.0,0.0,0.0,0.0
39,2000.0,0.0,Tuberculosis,All,15920.51923076923,0.0,0.0,,9.67542688391373,0.15478876185383236,0.0,0.0,0.0,15920.51923076923,0.0,34.84,15920.51923076923,15920.51923076923,0.0,15920.51923076923,0.0,0.0,0.0,0.0
40,2000.0,0.0,Tuberculosis,All,15920.51923076923,0.0,0.0,,9.67542688391373,0.15478876185383236,0.0,0.0,0.0,15920.51923076923,0.0,34.84,15920.51923076923,15920.51923076923,0.0,15920.51923076923,0.0,0.0,0.0,0.0
41,2000.0,0.0,Tuberculosis,All,15920.51923076923,0.0,0.0,,9.67542688391373,0.15478876185383236,0.0,0.0,0.0,15920.51923076923,0.0,34.84,15920.51923076923,15920.51923076923,0.0,15920.51923076923,0.0,0.0,0.0,0.0
42,2000.0,0.0,Tuberculosis,All,15920.51923076923,0.0,0.0,,9.67542688391373,0.15478876185383236,0.0,0.0,0.0,15920.51923076923,0.0,34.84,15920.51923076923,15920.51923076923,0.0,15920.51923076923,0.0,0.0,0.0,0.0
43,2000.0,0.0,Tuberculosis,All,15920.51923076923,0.0,0.0,,9.67542688391373,0.15478876185383236,0.0,0.0,0.0,15920.51923076923,0.0,34.84,15920.51923076923,15920.51923076923,0.0,15920.51923076923,0.0,0.0,0.0,0.0
44,2000.0,0.0,Tuberculosis,All,15920.51923076923,0.0,0.0,,9.67542688391373,0.15478876185383236,0.0,0.0,0.0,15920.51923076923,0.0,34.84,15920.51923076923,15920.51923076923,0.0,15920.51923076923,0.0,0.0,0.0,0.0
45,2000.0,0.0,Tuberculosis,All,15920.51923076923,0.0,0.0,,9.67542688391373,0.15478876185383236,0.0,0.0,0.0,15920.51923076923,0.0,34.84,15920.51923076923,15920.51923076923,0.0,15920.51923076923,0.0,0.0,0.0,0.0
46,2000.0,0.0,Tuberculosis,All,15920.51923076923,0.0,0.0,,9.67542688391373,0.15478876185383236,0.0,0.0,0.0,15920.51923076923,0.0,34.84,15920.51923076923,15920.51923076923,0.0,15920.51923076923,0.0,0.0,0.0,0.0
47,2000.0,0.0,Tuberculosis,All,15920.51923076923,0.0,0.0,,9.67542688391373,0.15478876185383236,0.0,0.0,0.0,15920.51923076923,0.0,34.84,15920.51923076923,15920.51923076923,0.0,15920.51923076923,0.0,0.0,0.0,0.0
48,2000.0,0.0,Tuberculosis,All,15920.51923076923,0.0,0.0,,9.67542688391373,0.15478876185383236,0.0,0.0,0.0,15920.51923076923,0.0,34.84,15920.51923076923,15920.51923076923,0.0,15920.51923076923,0.0,0.0,0.0,0.0
49,2000.0,0.0,Tuberculosis,All,15920.51923076923,0.0,0.0,,9.67542688391373,0.15478876185383236,0.0,0.0,0.0,15920.51923076923,0.0,34.84,15920.51923076923,15920.51923076923,0.0,15920.51923076923,0.0,0.0,0.0,0.0
50,2000.0,0.0,Tuberculosis,All,15920.51923076923,0.0,0.0,,9.67542688391373,0.15478876185383236,0.0,0.0,0.0,15920.51923076923,0.0,34.84,15920.51923076923,15920.51923076923,0.0,15920.51923076923,0.0,0.0,0.0,0.0
51,2000.0,0.0,Tuberculosis,All,15920.51923076923,0.0,0.0,,9.67542688391373,0.15478876185383236,0.0,0.0,0.0,15920.51923076923,0.0,34.84,15920.51923076923,15920.51923076923,0.0,15920.51923076923,0.0,0.0,0.0,0.0
52,2000.0,0.0,Tuberculosis,All,15920.51923076923,0.0,0.0,,9.67542688391373,0.15478876185383236,0.0,0.0,0.0,15920.51923076923,0.0,34.84,15920.51923076923,15920.51923076923,0.0,15920.51923076923,0.0,0.0,0.0,0.0
1,2001.0,0.0,Tuberculosis,All,16863.25,0.0,0.0,,9.732951275709386,0.30328665793526627,0.0,0.0,0.0,16863.25,0.0,35.669,15920.51923076923,15920.51923076923,0.0,16156.201923076922,471.3653846154382,0.0,0.05921482556980773,0.0
2,2001.0,0.0,Tuberculosis,All,16863.25,0.0,0.0,,9.732951275709386,0.30328665793526627,0.0,0.0,0.0,16863.25,0.0,35.669,16863.25,16391.884615384617,0.0,16391.884615384617,544.2858633887748,0.0,0.0,0.0
3,2001.0,0.0,Tuberculosis,All,16863.25,0.0,0.0,,9.732951275709386,0.30328665793526627,0.0,0.0,0.0,16863.25,0.0,35.669,16863.25,16863.25,0.0,16627.567307692305,471.36538461544075,0.0,0.0,0.0
4,2001.0,0.0,Tuberculosis,All,16863.25,0.0,0.0,,9.732951275709386,0.30328665793526627,0.0,0.0,0.0,16863.25,0.0,35.669,16863.25,16863.25,0.0,16863.25,0.0,0.0,0.0,0.0
5,2001.0,0.0,Tuberculosis,All,16863.25,0.0,0.0,,9.732951275709386,0.30328665793526627,0.0,0.0,0.0,16863.25,0.0,35.669,16863.25,16863.25,0.0,16863.25,0.0,0.0,0.0,0.0
6,2001.0,0.0,Tuberculosis,All,16863.25,0.0,0.0,,9.732951275709386,0.30328665793526627,0.0,0.0,0.0,16863.25,0.0,35.669,16863.25,16863.25,0.0,16863.25,0.0,0.0,0.0,0.0
7,2001.0,0.0,Tuberculosis,All,16863.25,0.0,0.0,,9.732951275709386,0.30328665793526627,0.0,0.0,0.0,16863.25,0.0,35.669,16863.25,16863.25,0.0,16863.25,0.0,0.0,0.0,0.0
8,2001.0,0.0,Tuberculosis,All,16863.25,0.0,0.0,,9.732951275709386,0.30328665793526627,0.0,0.0,0.0,16863.25,0.0,35.669,16863.25,16863.25,0.0,16863.25,0.0,0.0,0.0,0.0
9,2001.0,0.0,Tuberculosis,All,16863.25,0.0,0.0,,9.732951275709386,0.30328665793526627,0.0,0.0,0.0,16863.25,0.0,35.669,16863.25,16863.25,0.0,16863.25,0.0,0.0,0.0,0.0
10,2001.0,0.0,Tuberculosis,All,16863.25,0.0,0.0,,9.732951275709386,0.30328665793526627,0.0,0.0,0.0,16863.25,0.0,35.669,16863.25,16863.25,0.0,16863.25,0.0,0.0,0.0,0.0
11,2001.0,0.0,Tuberculosis,All,16863.25,0.0,0.0,,9.732951275709386,0.30328665793526627,0.0,0.0,0.0,16863.25,0.0,35.669,16863.25,16863.25,0.0,16863.25,0.0,0.0,0.0,0.0
12,2001.0,0.0,Tuberculosis,All,16863.25,0.0,0.0,,9.732951275709386,0.30328665793526627,0.0,0.0,0.0,16863.25,0.0,35.669,16863.25,16863.25,0.0,16863.25,0.0,0.0,0.0,0.0
13,2001.0,0.0,Tuberculosis,All,16863.25,0.0,0.0,,9.732951275709386,0.30328665793526627,0.0,0.0,0.0,16863.25,0.0,35.669,16863.25,16863.25,0.0,16863.25,0.0,0.0,0.0,0.0
14,2001.0,0.0,Tuberculosis,All,16863.25,0.0,0.0,,9.732951275709386,0.30328665793526627,0.0,0.0,0.0,16863.25,0.0,35.669,16863.25,16863.25,0.0,16863.25,0.0,0.0,0.0,0.0
15,2001.0,0.0,Tuberculosis,All,16863.25,0.0,0.0,,9.732951275709386,0.30328665793526627,0.0,0.0,0.0,16863.25,0.0,35.669,16863.25,16863.25,0.0,16863.25,0.0,0.0,0.0,0.0
16,2001.0,0.0,Tuberculosis,All,16863.25,0.0,0.0,,9.732951275709386,0.30328665793526627,0.0,0.0,0.0,16863.25,0.0,35.669,16863.25,16863.25,0.0,16863.25,0.0,0.0,0.0,0.0
17,2001.0,0.0,Tuberculosis,All,16863.25,0.0,0.0,,9.732951275709386,0.30328665793526627,0.0,0.0,0.0,16863.25,0.0,35.669,16863.25,16863.25,0.0,16863.25,0.0,0.0,0.0,0.0
18,2001.0,0.0,Tuberculosis,All,16863.25,0.0,0.0,,9.732951275709386,0.30328665793526627,0.0,0.0,0.0,16863.25,0.0,35.669,16863.25,16863.25,0.0,16863.25,0.0,0.0,0.0,0.0
19,2001.0,0.0,Tuberculosis,All,16863.25,0.0,0.0,,9.732951275709386,0.30328665793526627,0.0,0.0,0.0,16863.25,0.0,35.669,16863.25,16863.25,0.0,16863.25,0.0,0.0,0.0,0.0
20,2001.0,0.0,Tuberculosis,All,16863.25,0.0,0.0,,9.732951275709386,0.30328665793526627,0.0,0.0,0.0,16863.25,0.0,35.669,16863.25,16863.25,0.0,16863.25,0.0,0.0,0.0,0.0
21,2001.0,0.0,Tuberculosis,All,16863.25,0.0,0.0,,9.732951275709386,0.30328665793526627,0.0,0.0,0.0,16863.25,0.0,35.669,16863.25,16863.25,0.0,16863.25,0.0,0.0,0.0,0.0
22,2001.0,0.0,Tuberculosis,All,16863.25,0.0,0.0,,9.732951275709386,0.30328665793526627,0.0,0.0,0.0,16863.25,0.0,35.669,16863.25,16863.25,0.0,16863.25,0.0,0.0,0.0,0.0
23,2001.0,0.0,Tuberculosis,All,16863.25,0.0,0.0,,9.732951275709386,0.30328665793526627,0.0,0.0,0.0,16863.25,0.0,35.669,16863.25,16863.25,0.0,16863.25,0.0,0.0,0.0,0.0
24,2001.0,0.0,Tuberculosis,All,16863.25,0.0,0.0,,9.732951275709386,0.30328665793526627,0.0,0.0,0.0,16863.25,0.0,35.669,16863.25,16863.25,0.0,16863.25,0.0,0.0,0.0,0.0
25,2001.0,0.0,Tuberculosis,All,16863.25,0.0,0.0,,9.732951275709386,0.30328665793526627,0.0,0.0,0.0,16863.25,0.0,35.669,16863.25,16863.25,0.0,16863.25,0.0,0.0,0.0,0.0
26,2001.0,0.0,Tuberculosis,All,16863.25,0.0,0.0,,9.732951275709386,0.30328665793526627,0.0,0.0,0.0,16863.25,0.0,35.669,16863.25,16863.25,0.0,16863.25,0.0,0.0,0.0,0.0
27,2001.0,0.0,Tuberculosis,All,16863.25,0.0,0.0,,9.732951275709386,0.30328665793526627,0.0,0.0,0.0,16863.25,0.0,35.669,16863.25,16863.25,0.0,16863.25,0.0,0.0,0.0,0.0
28,2001.0,0.0,Tuberculosis,All,16863.25,0.0,0.0,,9.732951275709386,0.30328665793526627,0.0,0.0,0.0,16863.25,0.0,35.669,16863.25,16863.25,0.0,16863.25,0.0,0.0,0.0,0.0
29,2001.0,0.0,Tuberculosis,All,16863.25,0.0,0.0,,9.732951275709386,0.30328665793526627,0.0,0.0,0.0,16863.25,0.0,35.669,16863.25,16863.25,0.0,16863.25,0.0,0.0,0.0,0.0
30,2001.0,0.0,Tuberculosis,All,16863.25,0.0,0.0,,9.732951275709386,0.30328665793526627,0.0,0.0,0.0,16863.25,0.0,35.669,16863.25,16863.25,0.0,16863.25,0.0,0.0,0.0,0.0
31,2001.0,0.0,Tuberculosis,All,16863.25,0.0,0.0,,9.732951275709386,0.30328665793526627,0.0,0.0,0.0,16863.25,0.0,35.669,16863.25,16863.25,0.0,16863.25,0.0,0.0,0.0,0.0
32,2001.0,0.0,Tuberculosis,All,16863.25,0.0,0.0,,9.732951275709386,0.30328665793526627,0.0,0.0,0.0,16863.25,0.0,35.669,16863.25,16863.25,0.0,16863.25,0.0,0.0,0.0,0.0
33,2001.0,0.0,Tuberculosis,All,16863.25,0.0,0.0,,9.732951275709386,0.30328665793526627,0.0,0.0,0.0,16863.25,0.0,35.669,16863.25,16863.25,0.0,16863.25,0.0,0.0,0.0,0.0
34,2001.0,0.0,Tuberculosis,All,16863.25,0.0,0.0,,9.732951275709386,0.30328665793526627,0.0,0.0,0.0,16863.25,0.0,35.669,16863.25,16863.25,0.0,16863.25,0.0,0.0,0.0,0.0
35,2001.0,0.0,Tuberculosis,All,16863.25,0.0,0.0,,9.732951275709386,0.30328665793526627,0.0,0.0,0.0,16863.25,0.0,35.669,16863.25,16863.25,0.0,16863.25,0.0,0.0,0.0,0.0
36,2001.0,0.0,Tuberculosis,All,16863.25,0.0,0.0,,9.732951275709386,0.30328665793526627,0.0,0.0,0.0,16863.25,0.0,35.669,16863.25,16863.25,0.0,16863.25,0.0,0.0,0.0,0.0
37,2001.0,0.0,Tuberculosis,All,16863.25,0.0,0.0,,9.732951275709386,0.30328665793526627,0.0,0.0,0.0,16863.25,0.0,35.669,16863.25,16863.25,0.0,16863.25,0.0,0.0,0.0,0.0
38,2001.0,0.0,Tuberculosis,All,16863.25,0.0,0.0,,9.732951275709386,0.30328665793526627,0.0,0.0,0.0,16863.25,0.0,35.669,16863.25,16863.25,0.0,16863.25,0.0,0.0,0.0,0.0
39,2001.0,0.0,Tuberculosis,All,16863.25,0.0,0.0,,9.732951275709386,0.30328665793526627,0.0,0.0,0.0,16863.25,0.0,35.669,16863.25,16863.25,0.0,16863.25,0.0,0.0,0.0,0.0
40,2001.0,0.0,Tuberculosis,All,16863.25,0.0,0.0,,9.732951275709386,0.30328665793526627,0.0,0.0,0.0,16863.25,0.0,35.669,16863.25,16863.25,0.0,16863.25,0.0,0.0,0.0,0.0
41,2001.0,0.0,Tuberculosis,All,16863.25,0.0,0.0,,9.732951275709386,0.30328665793526627,0.0,0.0,0.0,16863.25,0.0,35.669,16863.25,16863.25,0.0,16863.25,0.0,0.0,0.0,0.0
42,2001.0,0.0,Tuberculosis,All,16863.25,0.0,0.0,,9.732951275709386,0.30328665793526627,0.0,0.0,0.0,16863.25,0.0,35.669,16863.25,16863.25,0.0,16863.25,0.0,0.0,0.0,0.0
43,2001.0,0.0,Tuberculosis,All,16863.25,0.0,0.0,,9.732951275709386,0.30328665793526627,0.0,0.0,0.0,16863.25,0.0,35.669,16863.25,16863.25,0.0,16863.25,0.0,0.0,0.0,0.0
44,2001.0,0.0,Tuberculosis,All,16863.25,0.0,0.0,,9.732951275709386,0.30328665793526627,0.0,0.0,0.0,16863.25,0.0,35.669,16863.25,16863.25,0.0,16863.25,0.0,0.0,0.0,0.0
45,2001.0,0.0,Tuberculosis,All,16863.25,0.0,0.0,,9.732951275709386,0.30328665793526627,0.0,0.0,0.0,16863.25,0.0,35.669,16863.25,16863.25,0.0,16863.25,0.0,0.0,0.0,0.0
46,2001.0,0.0,Tuberculosis,All,16863.25,0.0,0.0,,9.732951275709386,0.30328665793526627,0.0,0.0,0.0,16863.25,0.0,35.669,16863.25,16863.25,0.0,16863.25,0.0,0.0,0.0,0.0
47,2001.0,0.0,Tuberculosis,All,16863.25,0.0,0.0,,9.732951275709386,0.30328665793526627,0.0,0.0,0.0,16863.25,0.0,35.669,16863.25,16863.25,0.0,16863.25,0.0,0.0,0.0,0.0
48,2001.0,0.0,Tuberculosis,All,16863.25,0.0,0.0,,9.732951275709386,0.30328665793526627,0.0,0.0,0.0,16863.25,0.0,35.669,16863.25,16863.25,0.0,16863.25,0.0,0.0,0.0,0.0
49,2001.0,0.0,Tuberculosis,All,16863.25,0.0,0.0,,9.732951275709386,0.30328665793526627,0.0,0.0,0.0,16863.25,0.0,35.669,16863.25,16863.25,0.0,16863.25,0.0,0.0,0.0,0.0
50,2001.0,0.0,Tuberculosis,All,16863.25,0.0,0.0,,9.732951275709386,0.30328665793526627,0.0,0.0,0.0,16863.25,0.0,35.669,16863.25,16863.25,0.0,16863.25,0.0,0.0,0.0,0.0
51,2001.0,0.0,Tuberculosis,All,16863.25,0.0,0.0,,9.732951275709386,0.30328665793526627,0.0,0.0,0.0,16863.25,0.0,35.669,16863.25,16863.25,0.0,16863.25,0.0,0.0,0.0,0.0
52,2001.0,0.0,Tuberculosis,All,16863.25,0.0,0.0,,9.732951275709386,0.30328665793526627,0.0,0.0,0.0,16863.25,0.0,35.669,16863.25,16863.25,0.0,16863.25,0.0,0.0,0.0,0.0
1,2002.0,0.0,Tuberculosis,All,16816.48076923077,0.0,0.0,,9.730174146401605,0.29591962102795843,0.0,0.0,0.0,16816.48076923077,0.0,36.508,16863.25,16863.25,0.0,16851.55769230769,23.384615385777735,0.0,-0.0027734411082816473,0.0
2,2002.0,0.0,Tuberculosis,All,16816.48076923077,0.0,0.0,,9.730174146401605,0.29591962102795843,0.0,0.0,0.0,16816.48076923077,0.0,36.508,16816.48076923077,16839.865384615383,0.0,16839.865384615383,27.0022279754109,0.0,0.0,0.0
3,2002.0,0.0,Tuberculosis,All,16816.48076923077,0.0,0.0,,9.730174146401605,0.29591962102795843,0.0,0.0,0.0,16816.48076923077,0.0,36.508,16816.48076923077,16816.48076923077,0.0,16828.173076923078,23.38461538577046,0.0,0.0,0.0
4,2002.0,0.0,Tuberculosis,All,16816.48076923077,0.0,0.0,,9.730174146401605,0.29591962102795843,0.0,0.0,0.0,16816.48076923077,0.0,36.508,16816.48076923077,16816.48076923077,0.0,16816.48076923077,0.0,0.0,0.0,0.0
5,2002.0,0.0,Tuberculosis,All,16816.48076923077,0.0,0.0,,9.730174146401605,0.29591962102795843,0.0,0.0,0.0,16816.48076923077,0.0,36.508,16816.48076923077,16816.48076923077,0.0,16816.48076923077,0.0,0.0,0.0,0.0
6,2002.0,0.0,Tuberculosis,All,16816.48076923077,0.0,0.0,,9.730174146401605,0.29591962102795843,0.0,0.0,0.0,16816.48076923077,0.0,36.508,16816.48076923077,16816.48076923077,0.0,16816.48076923077,0.0,0.0,0.0,0.0
7,2002.0,0.0,Tuberculosis,All,16816.48076923077,0.0,0.0,,9.730174146401605,0.29591962102795843,0.0,0.0,0.0,16816.48076923077,0.0,36.508,16816.48076923077,16816.48076923077,0.0,16816.48076923077,0.0,0.0,0.0,0.0
8,2002.0,0.0,Tuberculosis,All,16816.48076923077,0.0,0.0,,9.730174146401605,0.29591962102795843,0.0,0.0,0.0,16816.48076923077,0.0,36.508,16816.48076923077,16816.48076923077,0.0,16816.48076923077,0.0,0.0,0.0,0.0
9,2002.0,0.0,Tuberculosis,All,16816.48076923077,0.0,0.0,,9.730174146401605,0.29591962102795843,0.0,0.0,0.0,16816.48076923077,0.0,36.508,16816.48076923077,16816.48076923077,0.0,16816.48076923077,0.0,0.0,0.0,0.0
10,2002.0,0.0,Tuberculosis,All,16816.48076923077,0.0,0.0,,9.730174146401605,0.29591962102795843,0.0,0.0,0.0,16816.48076923077,0.0,36.508,16816.48076923077,16816.48076923077,0.0,16816.48076923077,0.0,0.0,0.0,0.0
11,2002.0,0.0,Tuberculosis,All,16816.48076923077,0.0,0.0,,9.730174146401605,0.29591962102795843,0.0,0.0,0.0,16816.48076923077,0.0,36.508,16816.48076923077,16816.48076923077,0.0,16816.48076923077,0.0,0.0,0.0,0.0
12,2002.0,0.0,Tuberculosis,All,16816.48076923077,0.0,0.0,,9.730174146401605,0.29591962102795843,0.0,0.0,0.0,16816.48076923077,0.0,36.508,16816.48076923077,16816.48076923077,0.0,16816.48076923077,0.0,0.0,0.0,0.0
13,2002.0,0.0,Tuberculosis,All,16816.48076923077,0.0,0.0,,9.730174146401605,0.29591962102795843,0.0,0.0,0.0,16816.48076923077,0.0,36.508,16816.48076923077,16816.48076923077,0.0,16816.48076923077,0.0,0.0,0.0,0.0
14,2002.0,0.0,Tuberculosis,All,16816.48076923077,0.0,0.0,,9.730174146401605,0.29591962102795843,0.0,0.0,0.0,16816.48076923077,0.0,36.508,16816.48076923077,16816.48076923077,0.0,16816.48076923077,0.0,0.0,0.0,0.0
15,2002.0,0.0,Tuberculosis,All,16816.48076923077,0.0,0.0,,9.730174146401605,0.29591962102795843,0.0,0.0,0.0,16816.48076923077,0.0,36.508,16816.48076923077,16816.48076923077,0.0,16816.48076923077,0.0,0.0,0.0,0.0
16,2002.0,0.0,Tuberculosis,All,16816.48076923077,0.0,0.0,,9.730174146401605,0.29591962102795843,0.0,0.0,0.0,16816.48076923077,0.0,36.508,16816.48076923077,16816.48076923077,0.0,16816.48076923077,0.0,0.0,0.0,0.0
17,2002.0,0.0,Tuberculosis,All,16816.48076923077,0.0,0.0,,9.730174146401605,0.29591962102795843,0.0,0.0,0.0,16816.48076923077,0.0,36.508,16816.48076923077,16816.48076923077,0.0,16816.48076923077,0.0,0.0,0.0,0.0
18,2002.0,0.0,Tuberculosis,All,16816.48076923077,0.0,0.0,,9.730174146401605,0.29591962102795843,0.0,0.0,0.0,16816.48076923077,0.0,36.508,16816.48076923077,16816.48076923077,0.0,16816.48076923077,0.0,0.0,0.0,0.0
19,2002.0,0.0,Tuberculosis,All,16816.48076923077,0.0,0.0,,9.730174146401605,0.29591962102795843,0.0,0.0,0.0,16816.48076923077,0.0,36.508,16816.48076923077,16816.48076923077,0.0,16816.48076923077,0.0,0.0,0.0,0.0
20,2002.0,0.0,Tuberculosis,All,16816.48076923077,0.0,0.0,,9.730174146401605,0.29591962102795843,0.0,0.0,0.0,16816.48076923077,0.0,36.508,16816.48076923077,16816.48076923077,0.0,16816.48076923077,0.0,0.0,0.0,0.0
21,2002.0,0.0,Tuberculosis,All,16816.48076923077,0.0,0.0,,9.730174146401605,0.29591962102795843,0.0,0.0,0.0,16816.48076923077,0.0,36.508,16816.48076923077,16816.48076923077,0.0,16816.48076923077,0.0,0.0,0.0,0.0
22,2002.0,0.0,Tuberculosis,All,16816.48076923077,0.0,0.0,,9.730174146401605,0.29591962102795843,0.0,0.0,0.0,16816.48076923077,0.0,36.508,16816.48076923077,16816.48076923077,0.0,16816.48076923077,0.0,0.0,0.0,0.0
23,2002.0,0.0,Tuberculosis,All,16816.48076923077,0.0,0.0,,9.730174146401605,0.29591962102795843,0.0,0.0,0.0,16816.48076923077,0.0,36.508,16816.48076923077,16816.48076923077,0.0,16816.48076923077,0.0,0.0,0.0,0.0
24,2002.0,0.0,Tuberculosis,All,16816.48076923077,0.0,0.0,,9.730174146401605,0.29591962102795843,0.0,0.0,0.0,16816.48076923077,0.0,36.508,16816.48076923077,16816.48076923077,0.0,16816.48076923077,0.0,0.0,0.0,0.0
25,2002.0,0.0,Tuberculosis,All,16816.48076923077,0.0,0.0,,9.730174146401605,0.29591962102795843,0.0,0.0,0.0,16816.48076923077,0.0,36.508,16816.48076923077,16816.48076923077,0.0,16816.48076923077,0.0,0.0,0.0,0.0
26,2002.0,0.0,Tuberculosis,All,16816.48076923077,0.0,0.0,,9.730174146401605,0.29591962102795843,0.0,0.0,0.0,16816.48076923077,0.0,36.508,16816.48076923077,16816.48076923077,0.0,16816.48076923077,0.0,0.0,0.0,0.0
27,2002.0,0.0,Tuberculosis,All,16816.48076923077,0.0,0.0,,9.730174146401605,0.29591962102795843,0.0,0.0,0.0,16816.48076923077,0.0,36.508,16816.48076923077,16816.48076923077,0.0,16816.48076923077,0.0,0.0,0.0,0.0
28,2002.0,0.0,Tuberculosis,All,16816.48076923077,0.0,0.0,,9.730174146401605,0.29591962102795843,0.0,0.0,0.0,16816.48076923077,0.0,36.508,16816.48076923077,16816.48076923077,0.0,16816.48076923077,0.0,0.0,0.0,0.0
29,2002.0,0.0,Tuberculosis,All,16816.48076923077,0.0,0.0,,9.730174146401605,0.29591962102795843,0.0,0.0,0.0,16816.48076923077,0.0,36.508,16816.48076923077,16816.48076923077,0.0,16816.48076923077,0.0,0.0,0.0,0.0
30,2002.0,0.0,Tuberculosis,All,16816.48076923077,0.0,0.0,,9.730174146401605,0.29591962102795843,0.0,0.0,0.0,16816.48076923077,0.0,36.508,16816.48076923077,16816.48076923077,0.0,16816.48076923077,0.0,0.0,0.0,0.0
31,2002.0,0.0,Tuberculosis,All,16816.48076923077,0.0,0.0,,9.730174146401605,0.29591962102795843,0.0,0.0,0.0,16816.48076923077,0.0,36.508,16816.48076923077,16816.48076923077,0.0,16816.48076923077,0.0,0.0,0.0,0.0
32,2002.0,0.0,Tuberculosis,All,16816.48076923077,0.0,0.0,,9.730174146401605,0.29591962102795843,0.0,0.0,0.0,16816.48076923077,0.0,36.508,16816.48076923077,16816.48076923077,0.0,16816.48076923077,0.0,0.0,0.0,0.0
33,2002.0,0.0,Tuberculosis,All,16816.48076923077,0.0,0.0,,9.730174146401605,0.29591962102795843,0.0,0.0,0.0,16816.48076923077,0.0,36.508,16816.48076923077,16816.48076923077,0.0,16816.48076923077,0.0,0.0,0.0,0.0
34,2002.0,0.0,Tuberculosis,All,16816.48076923077,0.0,0.0,,9.730174146401605,0.29591962102795843,0.0,0.0,0.0,16816.48076923077,0.0,36.508,16816.48076923077,16816.48076923077,0.0,16816.48076923077,0.0,0.0,0.0,0.0
35,2002.0,0.0,Tuberculosis,All,16816.48076923077,0.0,0.0,,9.730174146401605,0.29591962102795843,0.0,0.0,0.0,16816.48076923077,0.0,36.508,16816.48076923077,16816.48076923077,0.0,16816.48076923077,0.0,0.0,0.0,0.0
36,2002.0,0.0,Tuberculosis,All,16816.48076923077,0.0,0.0,,9.730174146401605,0.29591962102795843,0.0,0.0,0.0,16816.48076923077,0.0,36.508,16816.48076923077,16816.48076923077,0.0,16816.48076923077,0.0,0.0,0.0,0.0
37,2002.0,0.0,Tuberculosis,All,16816.48076923077,0.0,0.0,,9.730174146401605,0.29591962102795843,0.0,0.0,0.0,16816.48076923077,0.0,36.508,16816.48076923077,16816.48076923077,0.0,16816.48076923077,0.0,0.0,0.0,0.0
38,2002.0,0.0,Tuberculosis,All,16816.48076923077,0.0,0.0,,9.730174146401605,0.29591962102795843,0.0,0.0,0.0,16816.48076923077,0.0,36.508,16816.48076923077,16816.48076923077,0.0,16816.48076923077,0.0,0.0,0.0,0.0
39,2002.0,0.0,Tuberculosis,All,16816.48076923077,0.0,0.0,,9.730174146401605,0.29591962102795843,0.0,0.0,0.0,16816.48076923077,0.0,36.508,16816.48076923077,16816.48076923077,0.0,16816.48076923077,0.0,0.0,0.0,0.0
40,2002.0,0.0,Tuberculosis,All,16816.48076923077,0.0,0.0,,9.730174146401605,0.29591962102795843,0.0,0.0,0.0,16816.48076923077,0.0,36.508,16816.48076923077,16816.48076923077,0.0,16816.48076923077,0.0,0.0,0.0,0.0
41,2002.0,0.0,Tuberculosis,All,16816.48076923077,0.0,0.0,,9.730174146401605,0.29591962102795843,0.0,0.0,0.0,16816.48076923077,0.0,36.508,16816.48076923077,16816.48076923077,0.0,16816.48076923077,0.0,0.0,0.0,0.0
42,2002.0,0.0,Tuberculosis,All,16816.48076923077,0.0,0.0,,9.730174146401605,0.29591962102795843,0.0,0.0,0.0,16816.48076923077,0.0,36.508,16816.48076923077,16816.48076923077,0.0,16816.48076923077,0.0,0.0,0.0,0.0
43,2002.0,0.0,Tuberculosis,All,16816.48076923077,0.0,0.0,,9.730174146401605,0.29591962102795843,0.0,0.0,0.0,16816.48076923077,0.0,36.508,16816.48076923077,16816.48076923077,0.0,16816.48076923077,0.0,0.0,0.0,0.0
44,2002.0,0.0,Tuberculosis,All,16816.48076923077,0.0,0.0,,9.730174146401605,0.29591962102795843,0.0,0.0,0.0,16816.48076923077,0.0,36.508,16816.48076923077,16816.48076923077,0.0,16816.48076923077,0.0,0.0,0.0,0.0
45,2002.0,0.0,Tuberculosis,All,16816.48076923077,0.0,0.0,,9.730174146401605,0.29591962102795843,0.0,0.0,0.0,16816.48076923077,0.0,36.508,16816.48076923077,16816.48076923077,0.0,16816.48076923077,0.0,0.0,0.0,0.0
46,2002.0,0.0,Tuberculosis,All,16816.48076923077,0.0,0.0,,9.730174146401605,0.29591962102795843,0.0,0.0,0.0,16816.48076923077,0.0,36.508,16816.48076923077,16816.48076923077,0.0,16816.48076923077,0.0,0.0,0.0,0.0
47,2002.0,0.0,Tuberculosis,All,16816.48076923077,0.0,0.0,,9.730174146401605,0.29591962102795843,0.0,0.0,0.0,16816.48076923077,0.0,36.508,16816.48076923077,16816.48076923077,0.0,16816.48076923077,0.0,0.0,0.0,0.0
48,2002.0,0.0,Tuberculosis,All,16816.48076923077,0.0,0.0,,9.730174146401605,0.29591962102795843,0.0,0.0,0.0,16816.48076923077,0.0,36.508,16816.48076923077,16816.48076923077,0.0,16816.48076923077,0.0,0.0,0.0,0.0
49,2002.0,0.0,Tuberculosis,All,16816.48076923077,0.0,0.0,,9.730174146401605,0.29591962102795843,0.0,0.0,0.0,16816.48076923077,0.0,36.508,16816.48076923077,16816.48076923077,0.0,16816.48076923077,0.0,0.0,0.0,0.0
50,2002.0,0.0,Tuberculosis,All,16816.48076923077,0.0,0.0,,9.730174146401605,0.29591962102795843,0.0,0.0,0.0,16816.48076923077,0.0,36.508,16816.48076923077,16816.48076923077,0.0,16816.48076923077,0.0,0.0,0.0,0.0
51,2002.0,0.0,Tuberculosis,All,16816.48076923077,0.0,0.0,,9.730174146401605,0.29591962102795843,0.0,0.0,0.0,16816.48076923077,0.0,36.508,16816.48076923077,16816.48076923077,0.0,16816.48076923077,0.0,0.0,0.0,0.0
52,2002.0,0.0,Tuberculosis,All,16816.48076923077,0.0,0.0,,9.730174146401605,0.29591962102795843,0.0,0.0,0.0,16816.48076923077,0.0,36.508,16816.48076923077,16816.48076923077,0.0,16816.48076923077,0.0,0.0,0.0,0.0
1,2003.0,0.0,Tuberculosis,All,18045.153846153844,0.0,0.0,,9.800687857739975,0.4894588295167771,0.0,0.0,0.0,18045.153846153844,0.0,37.356,16816.48076923077,16816.48076923077,0.0,17123.64903846154,614.3365384615829,0.0,0.07306362691361595,0.0
2,2003.0,0.0,Tuberculosis,All,18045.153846153844,0.0,0.0,,9.800687857739975,0.4894588295167771,0.0,0.0,0.0,18045.153846153844,0.0,37.356,18045.153846153844,17430.817307692305,0.0,17430.817307692305,709.3747317076237,0.0,0.0,0.0
3,2003.0,0.0,Tuberculosis,All,18045.153846153844,0.0,0.0,,9.800687857739975,0.4894588295167771,0.0,0.0,0.0,18045.153846153844,0.0,37.356,18045.153846153844,18045.153846153844,0.0,17737.985576923078,614.3365384615863,0.0,0.0,0.0
4,2003.0,0.0,Tuberculosis,All,18045.153846153844,0.0,0.0,,9.800687857739975,0.4894588295167771,0.0,0.0,0.0,18045.153846153844,0.0,37.356,18045.153846153844,18045.153846153844,0.0,18045.153846153844,0.0,0.0,0.0,0.0
5,2003.0,0.0,Tuberculosis,All,18045.153846153844,0.0,0.0,,9.800687857739975,0.4894588295167771,0.0,0.0,0.0,18045.153846153844,0.0,37.356,18045.153846153844,18045.153846153844,0.0,18045.153846153844,0.0,0.0,0.0,0.0
6,2003.0,0.0,Tuberculosis,All,18045.153846153844,0.0,0.0,,9.800687857739975,0.4894588295167771,0.0,0.0,0.0,18045.153846153844,0.0,37.356,18045.153846153844,18045.153846153844,0.0,18045.153846153844,0.0,0.0,0.0,0.0
7,2003.0,0.0,Tuberculosis,All,18045.153846153844,0.0,0.0,,9.800687857739975,0.4894588295167771,0.0,0.0,0.0,18045.153846153844,0.0,37.356,18045.153846153844,18045.153846153844,0.0,18045.153846153844,0.0,0.0,0.0,0.0
8,2003.0,0.0,Tuberculosis,All,18045.153846153844,0.0,0.0,,9.800687857739975,0.4894588295167771,0.0,0.0,0.0,18045.153846153844,0.0,37.356,18045.153846153844,18045.153846153844,0.0,18045.153846153844,0.0,0.0,0.0,0.0
9,2003.0,0.0,Tuberculosis,All,18045.153846153844,0.0,0.0,,9.800687857739975,0.4894588295167771,0.0,0.0,0.0,18045.153846153844,0.0,37.356,18045.153846153844,18045.153846153844,0.0,18045.153846153844,0.0,0.0,0.0,0.0
10,2003.0,0.0,Tuberculosis,All,18045.153846153844,0.0,0.0,,9.800687857739975,0.4894588295167771,0.0,0.0,0.0,18045.153846153844,0.0,37.356,18045.153846153844,18045.153846153844,0.0,18045.153846153844,0.0,0.0,0.0,0.0
11,2003.0,0.0,Tuberculosis,All,18045.153846153844,0.0,0.0,,9.800687857739975,0.4894588295167771,0.0,0.0,0.0,18045.153846153844,0.0,37.356,18045.153846153844,18045.153846153844,0.0,18045.153846153844,0.0,0.0,0.0,0.0
12,2003.0,0.0,Tuberculosis,All,18045.153846153844,0.0,0.0,,9.800687857739975,0.4894588295167771,0.0,0.0,0.0,18045.153846153844,0.0,37.356,18045.153846153844,18045.153846153844,0.0,18045.153846153844,0.0,0.0,0.0,0.0
13,2003.0,0.0,Tuberculosis,All,18045.153846153844,0.0,0.0,,9.800687857739975,0.4894588295167771,0.0,0.0,0.0,18045.153846153844,0.0,37.356,18045.153846153844,18045.153846153844,0.0,18045.153846153844,0.0,0.0,0.0,0.0
14,2003.0,0.0,Tuberculosis,All,18045.153846153844,0.0,0.0,,9.800687857739975,0.4894588295167771,0.0,0.0,0.0,18045.153846153844,0.0,37.356,18045.153846153844,18045.153846153844,0.0,18045.153846153844,0.0,0.0,0.0,0.0
15,2003.0,0.0,Tuberculosis,All,18045.153846153844,0.0,0.0,,9.800687857739975,0.4894588295167771,0.0,0.0,0.0,18045.153846153844,0.0,37.356,18045.153846153844,18045.153846153844,0.0,18045.153846153844,0.0,0.0,0.0,0.0
16,2003.0,0.0,Tuberculosis,All,18045.153846153844,0.0,0.0,,9.800687857739975,0.4894588295167771,0.0,0.0,0.0,18045.153846153844,0.0,37.356,18045.153846153844,18045.153846153844,0.0,18045.153846153844,0.0,0.0,0.0,0.0
17,2003.0,0.0,Tuberculosis,All,18045.153846153844,0.0,0.0,,9.800687857739975,0.4894588295167771,0.0,0.0,0.0,18045.153846153844,0.0,37.356,18045.153846153844,18045.153846153844,0.0,18045.153846153844,0.0,0.0,0.0,0.0
18,2003.0,0.0,Tuberculosis,All,18045.153846153844,0.0,0.0,,9.800687857739975,0.4894588295167771,0.0,0.0,0.0,18045.153846153844,0.0,37.356,18045.153846153844,18045.153846153844,0.0,18045.153846153844,0.0,0.0,0.0,0.0
19,2003.0,0.0,Tuberculosis,All,18045.153846153844,0.0,0.0,,9.800687857739975,0.4894588295167771,0.0,0.0,0.0,18045.153846153844,0.0,37.356,18045.153846153844,18045.153846153844,0.0,18045.153846153844,0.0,0.0,0.0,0.0
20,2003.0,0.0,Tuberculosis,All,18045.153846153844,0.0,0.0,,9.800687857739975,0.4894588295167771,0.0,0.0,0.0,18045.153846153844,0.0,37.356,18045.153846153844,18045.153846153844,0.0,18045.153846153844,0.0,0.0,0.0,0.0
21,2003.0,0.0,Tuberculosis,All,18045.153846153844,0.0,0.0,,9.800687857739975,0.4894588295167771,0.0,0.0,0.0,18045.153846153844,0.0,37.356,18045.153846153844,18045.153846153844,0.0,18045.153846153844,0.0,0.0,0.0,0.0
22,2003.0,0.0,Tuberculosis,All,18045.153846153844,0.0,0.0,,9.800687857739975,0.4894588295167771,0.0,0.0,0.0,18045.153846153844,0.0,37.356,18045.153846153844,18045.153846153844,0.0,18045.153846153844,0.0,0.0,0.0,0.0
23,2003.0,0.0,Tuberculosis,All,18045.153846153844,0.0,0.0,,9.800687857739975,0.4894588295167771,0.0,0.0,0.0,18045.153846153844,0.0,37.356,18045.153846153844,18045.153846153844,0.0,18045.153846153844,0.0,0.0,0.0,0.0
24,2003.0,0.0,Tuberculosis,All,18045.153846153844,0.0,0.0,,9.800687857739975,0.4894588295167771,0.0,0.0,0.0,18045.153846153844,0.0,37.356,18045.153846153844,18045.153846153844,0.0,18045.153846153844,0.0,0.0,0.0,0.0
25,2003.0,0.0,Tuberculosis,All,18045.153846153844,0.0,0.0,,9.800687857739975,0.4894588295167771,0.0,0.0,0.0,18045.153846153844,0.0,37.356,18045.153846153844,18045.153846153844,0.0,18045.153846153844,0.0,0.0,0.0,0.0
26,2003.0,0.0,Tuberculosis,All,18045.153846153844,0.0,0.0,,9.800687857739975,0.4894588295167771,0.0,0.0,0.0,18045.153846153844,0.0,37.356,18045.153846153844,18045.153846153844,0.0,18045.153846153844,0.0,0.0,0.0,0.0
27,2003.0,0.0,Tuberculosis,All,18045.153846153844,0.0,0.0,,9.800687857739975,0.4894588295167771,0.0,0.0,0.0,18045.153846153844,0.0,37.356,18045.153846153844,18045.153846153844,0.0,18045.153846153844,0.0,0.0,0.0,0.0
28,2003.0,0.0,Tuberculosis,All,18045.153846153844,0.0,0.0,,9.800687857739975,0.4894588295167771,0.0,0.0,0.0,18045.153846153844,0.0,37.356,18045.153846153844,18045.153846153844,0.0,18045.153846153844,0.0,0.0,0.0,0.0
29,2003.0,0.0,Tuberculosis,All,18045.153846153844,0.0,0.0,,9.800687857739975,0.4894588295167771,0.0,0.0,0.0,18045.153846153844,0.0,37.356,18045.153846153844,18045.153846153844,0.0,18045.153846153844,0.0,0.0,0.0,0.0
30,2003.0,0.0,Tuberculosis,All,18045.153846153844,0.0,0.0,,9.800687857739975,0.4894588295167771,0.0,0.0,0.0,18045.153846153844,0.0,37.356,18045.153846153844,18045.153846153844,0.0,18045.153846153844,0.0,0.0,0.0,0.0
31,2003.0,0.0,Tuberculosis,All,18045.153846153844,0.0,0.0,,9.800687857739975,0.4894588295167771,0.0,0.0,0.0,18045.153846153844,0.0,37.356,18045.153846153844,18045.153846153844,0.0,18045.153846153844,0.0,0.0,0.0,0.0
32,2003.0,0.0,Tuberculosis,All,18045.153846153844,0.0,0.0,,9.800687857739975,0.4894588295167771,0.0,0.0,0.0,18045.153846153844,0.0,37.356,18045.153846153844,18045.153846153844,0.0,18045.153846153844,0.0,0.0,0.0,0.0
33,2003.0,0.0,Tuberculosis,All,18045.153846153844,0.0,0.0,,9.800687857739975,0.4894588295167771,0.0,0.0,0.0,18045.153846153844,0.0,37.356,18045.153846153844,18045.153846153844,0.0,18045.153846153844,0.0,0.0,0.0,0.0
34,2003.0,0.0,Tuberculosis,All,18045.153846153844,0.0,0.0,,9.800687857739975,0.4894588295167771,0.0,0.0,0.0,18045.153846153844,0.0,37.356,18045.153846153844,18045.153846153844,0.0,18045.153846153844,0.0,0.0,0.0,0.0
35,2003.0,0.0,Tuberculosis,All,18045.153846153844,0.0,0.0,,9.800687857739975,0.4894588295167771,0.0,0.0,0.0,18045.153846153844,0.0,37.356,18045.153846153844,18045.153846153844,0.0,18045.153846153844,0.0,0.0,0.0,0.0
36,2003.0,0.0,Tuberculosis,All,18045.153846153844,0.0,0.0,,9.800687857739975,0.4894588295167771,0.0,0.0,0.0,18045.153846153844,0.0,37.356,18045.153846153844,18045.153846153844,0.0,18045.153846153844,0.0,0.0,0.0,0.0
37,2003.0,0.0,Tuberculosis,All,18045.153846153844,0.0,0.0,,9.800687857739975,0.4894588295167771,0.0,0.0,0.0,18045.153846153844,0.0,37.356,18045.153846153844,18045.153846153844,0.0,18045.153846153844,0.0,0.0,0.0,0.0
38,2003.0,0.0,Tuberculosis,All,18045.153846153844,0.0,0.0,,9.800687857739975,0.4894588295167771,0.0,0.0,0.0,18045.153846153844,0.0,37.356,18045.153846153844,18045.153846153844,0.0,18045.153846153844,0.0,0.0,0.0,0.0
39,2003.0,0.0,Tuberculosis,All,18045.153846153844,0.0,0.0,,9.800687857739975,0.4894588295167771,0.0,0.0,0.0,18045.153846153844,0.0,37.356,18045.153846153844,18045.153846153844,0.0,18045.153846153844,0.0,0.0,0.0,0.0
40,2003.0,0.0,Tuberculosis,All,18045.153846153844,0.0,0.0,,9.800687857739975,0.4894588295167771,0.0,0.0,0.0,18045.153846153844,0.0,37.356,18045.153846153844,18045.153846153844,0.0,18045.153846153844,0.0,0.0,0.0,0.0
41,2003.0,0.0,Tuberculosis,All,18045.153846153844,0.0,0.0,,9.800687857739975,0.4894588295167771,0.0,0.0,0.0,18045.153846153844,0.0,37.356,18045.153846153844,18045.153846153844,0.0,18045.153846153844,0.0,0.0,0.0,0.0
42,2003.0,0.0,Tuberculosis,All,18045.153846153844,0.0,0.0,,9.800687857739975,0.4894588295167771,0.0,0.0,0.0,18045.153846153844,0.0,37.356,18045.153846153844,18045.153846153844,0.0,18045.153846153844,0.0,0.0,0.0,0.0
43,2003.0,0.0,Tuberculosis,All,18045.153846153844,0.0,0.0,,9.800687857739975,0.4894588295167771,0.0,0.0,0.0,18045.153846153844,0.0,37.356,18045.153846153844,18045.153846153844,0.0,18045.153846153844,0.0,0.0,0.0,0.0
44,2003.0,0.0,Tuberculosis,All,18045.153846153844,0.0,0.0,,9.800687857739975,0.4894588295167771,0.0,0.0,0.0,18045.153846153844,0.0,37.356,18045.153846153844,18045.153846153844,0.0,18045.153846153844,0.0,0.0,0.0,0.0
45,2003.0,0.0,Tuberculosis,All,18045.153846153844,0.0,0.0,,9.800687857739975,0.4894588295167771,0.0,0.0,0.0,18045.153846153844,0.0,37.356,18045.153846153844,18045.153846153844,0.0,18045.153846153844,0.0,0.0,0.0,0.0
46,2003.0,0.0,Tuberculosis,All,18045.153846153844,0.0,0.0,,9.800687857739975,0.4894588295167771,0.0,0.0,0.0,18045.153846153844,0.0,37.356,18045.153846153844,18045.153846153844,0.0,18045.153846153844,0.0,0.0,0.0,0.0
47,2003.0,0.0,Tuberculosis,All,18045.153846153844,0.0,0.0,,9.800687857739975,0.4894588295167771,0.0,0.0,0.0,18045.153846153844,0.0,37.356,18045.153846153844,18045.153846153844,0.0,18045.153846153844,0.0,0.0,0.0,0.0
48,2003.0,0.0,Tuberculosis,All,18045.153846153844,0.0,0.0,,9.800687857739975,0.4894588295167771,0.0,0.0,0.0,18045.153846153844,0.0,37.356,18045.153846153844,18045.153846153844,0.0,18045.153846153844,0.0,0.0,0.0,0.0
49,2003.0,0.0,Tuberculosis,All,18045.153846153844,0.0,0.0,,9.800687857739975,0.4894588295167771,0.0,0.0,0.0,18045.153846153844,0.0,37.356,18045.153846153844,18045.153846153844,0.0,18045.153846153844,0.0,0.0,0.0,0.0
50,2003.0,0.0,Tuberculosis,All,18045.153846153844,0.0,0.0,,9.800687857739975,0.4894588295167771,0.0,0.0,0.0,18045.153846153844,0.0,37.356,18045.153846153844,18045.153846153844,0.0,18045.153846153844,0.0,0.0,0.0,0.0
51,2003.0,0.0,Tuberculosis,All,18045.153846153844,0.0,0.0,,9.800687857739975,0.4894588295167771,0.0,0.0,0.0,18045.153846153844,0.0,37.356,18045.153846153844,18045.153846153844,0.0,18045.153846153844,0.0,0.0,0.0,0.0
52,2003.0,0.0,Tuberculosis,All,18045.153846153844,0.0,0.0,,9.800687857739975,0.4894588295167771,0.0,0.0,0.0,18045.153846153844,0.0,37.356,18045.153846153844,18045.153846153844,0.0,18045.153846153844,0.0,0.0,0.0,0.0
1,2004.0,0.0,Tuberculosis,All,19124.634615384617,0.0,0.0,,9.85878484064798,0.6594974326080251,0.0,0.0,0.0,19124.634615384617,0.0,38.212,18045.153846153844,18045.153846153844,0.0,18315.02403846154,539.7403846154521,0.0,0.05982108983021247,0.0
2,2004.0,0.0,Tuberculosis,All,19124.634615384617,0.0,0.0,,9.85878484064798,0.6594974326080251,0.0,0.0,0.0,19124.634615384617,0.0,38.212,19124.634615384617,18584.89423076923,0.0,18584.89423076923,623.2385127004737,0.0,0.0,0.0
3,2004.0,0.0,Tuberculosis,All,19124.634615384617,0.0,0.0,,9.85878484064798,0.6594974326080251,0.0,0.0,0.0,19124.634615384617,0.0,38.212,19124.634615384617,19124.634615384617,0.0,18854.764423076922,539.7403846154666,0.0,0.0,0.0
4,2004.0,0.0,Tuberculosis,All,19124.634615384617,0.0,0.0,,9.85878484064798,0.6594974326080251,0.0,0.0,0.0,19124.634615384617,0.0,38.212,19124.634615384617,19124.634615384617,0.0,19124.634615384617,0.0,0.0,0.0,0.0
5,2004.0,0.0,Tuberculosis,All,19124.634615384617,0.0,0.0,,9.85878484064798,0.6594974326080251,0.0,0.0,0.0,19124.634615384617,0.0,38.212,19124.634615384617,19124.634615384617,0.0,19124.634615384617,0.0,0.0,0.0,0.0
6,2004.0,0.0,Tuberculosis,All,19124.634615384617,0.0,0.0,,9.85878484064798,0.6594974326080251,0.0,0.0,0.0,19124.634615384617,0.0,38.212,19124.634615384617,19124.634615384617,0.0,19124.634615384617,0.0,0.0,0.0,0.0
7,2004.0,0.0,Tuberculosis,All,19124.634615384617,0.0,0.0,,9.85878484064798,0.6594974326080251,0.0,0.0,0.0,19124.634615384617,0.0,38.212,19124.634615384617,19124.634615384617,0.0,19124.634615384617,0.0,0.0,0.0,0.0
8,2004.0,0.0,Tuberculosis,All,19124.634615384617,0.0,0.0,,9.85878484064798,0.6594974326080251,0.0,0.0,0.0,19124.634615384617,0.0,38.212,19124.634615384617,19124.634615384617,0.0,19124.634615384617,0.0,0.0,0.0,0.0
9,2004.0,0.0,Tuberculosis,All,19124.634615384617,0.0,0.0,,9.85878484064798,0.6594974326080251,0.0,0.0,0.0,19124.634615384617,0.0,38.212,19124.634615384617,19124.634615384617,0.0,19124.634615384617,0.0,0.0,0.0,0.0
10,2004.0,0.0,Tuberculosis,All,19124.634615384617,0.0,0.0,,9.85878484064798,0.6594974326080251,0.0,0.0,0.0,19124.634615384617,0.0,38.212,19124.634615384617,19124.634615384617,0.0,19124.634615384617,0.0,0.0,0.0,0.0
11,2004.0,0.0,Tuberculosis,All,19124.634615384617,0.0,0.0,,9.85878484064798,0.6594974326080251,0.0,0.0,0.0,19124.634615384617,0.0,38.212,19124.634615384617,19124.634615384617,0.0,19124.634615384617,0.0,0.0,0.0,0.0
12,2004.0,0.0,Tuberculosis,All,19124.634615384617,0.0,0.0,,9.85878484064798,0.6594974326080251,0.0,0.0,0.0,19124.634615384617,0.0,38.212,19124.634615384617,19124.634615384617,0.0,19124.634615384617,0.0,0.0,0.0,0.0
13,2004.0,0.0,Tuberculosis,All,19124.634615384617,0.0,0.0,,9.85878484064798,0.6594974326080251,0.0,0.0,0.0,19124.634615384617,0.0,38.212,19124.634615384617,19124.634615384617,0.0,19124.634615384617,0.0,0.0,0.0,0.0
14,2004.0,0.0,Tuberculosis,All,19124.634615384617,0.0,0.0,,9.85878484064798,0.6594974326080251,0.0,0.0,0.0,19124.634615384617,0.0,38.212,19124.634615384617,19124.634615384617,0.0,19124.634615384617,0.0,0.0,0.0,0.0
15,2004.0,0.0,Tuberculosis,All,19124.634615384617,0.0,0.0,,9.85878484064798,0.6594974326080251,0.0,0.0,0.0,19124.634615384617,0.0,38.212,19124.634615384617,19124.634615384617,0.0,19124.634615384617,0.0,0.0,0.0,0.0
16,2004.0,0.0,Tuberculosis,All,19124.634615384617,0.0,0.0,,9.85878484064798,0.6594974326080251,0.0,0.0,0.0,19124.634615384617,0.0,38.212,19124.634615384617,19124.634615384617,0.0,19124.634615384617,0.0,0.0,0.0,0.0
17,2004.0,0.0,Tuberculosis,All,19124.634615384617,0.0,0.0,,9.85878484064798,0.6594974326080251,0.0,0.0,0.0,19124.634615384617,0.0,38.212,19124.634615384617,19124.634615384617,0.0,19124.634615384617,0.0,0.0,0.0,0.0
18,2004.0,0.0,Tuberculosis,All,19124.634615384617,0.0,0.0,,9.85878484064798,0.6594974326080251,0.0,0.0,0.0,19124.634615384617,0.0,38.212,19124.634615384617,19124.634615384617,0.0,19124.634615384617,0.0,0.0,0.0,0.0
19,2004.0,0.0,Tuberculosis,All,19124.634615384617,0.0,0.0,,9.85878484064798,0.6594974326080251,0.0,0.0,0.0,19124.634615384617,0.0,38.212,19124.634615384617,19124.634615384617,0.0,19124.634615384617,0.0,0.0,0.0,0.0
20,2004.0,0.0,Tuberculosis,All,19124.634615384617,0.0,0.0,,9.85878484064798,0.6594974326080251,0.0,0.0,0.0,19124.634615384617,0.0,38.212,19124.634615384617,19124.634615384617,0.0,19124.634615384617,0.0,0.0,0.0,0.0
21,2004.0,0.0,Tuberculosis,All,19124.634615384617,0.0,0.0,,9.85878484064798,0.6594974326080251,0.0,0.0,0.0,19124.634615384617,0.0,38.212,19124.634615384617,19124.634615384617,0.0,19124.634615384617,0.0,0.0,0.0,0.0
22,2004.0,0.0,Tuberculosis,All,19124.634615384617,0.0,0.0,,9.85878484064798,0.6594974326080251,0.0,0.0,0.0,19124.634615384617,0.0,38.212,19124.634615384617,19124.634615384617,0.0,19124.634615384617,0.0,0.0,0.0,0.0
23,2004.0,0.0,Tuberculosis,All,19124.634615384617,0.0,0.0,,9.85878484064798,0.6594974326080251,0.0,0.0,0.0,19124.634615384617,0.0,38.212,19124.634615384617,19124.634615384617,0.0,19124.634615384617,0.0,0.0,0.0,0.0
24,2004.0,0.0,Tuberculosis,All,19124.634615384617,0.0,0.0,,9.85878484064798,0.6594974326080251,0.0,0.0,0.0,19124.634615384617,0.0,38.212,19124.634615384617,19124.634615384617,0.0,19124.634615384617,0.0,0.0,0.0,0.0
25,2004.0,0.0,Tuberculosis,All,19124.634615384617,0.0,0.0,,9.85878484064798,0.6594974326080251,0.0,0.0,0.0,19124.634615384617,0.0,38.212,19124.634615384617,19124.634615384617,0.0,19124.634615384617,0.0,0.0,0.0,0.0
26,2004.0,0.0,Tuberculosis,All,19124.634615384617,0.0,0.0,,9.85878484064798,0.6594974326080251,0.0,0.0,0.0,19124.634615384617,0.0,38.212,19124.634615384617,19124.634615384617,0.0,19124.634615384617,0.0,0.0,0.0,0.0
27,2004.0,0.0,Tuberculosis,All,19124.634615384617,0.0,0.0,,9.85878484064798,0.6594974326080251,0.0,0.0,0.0,19124.634615384617,0.0,38.212,19124.634615384617,19124.634615384617,0.0,19124.634615384617,0.0,0.0,0.0,0.0
28,2004.0,0.0,Tuberculosis,All,19124.634615384617,0.0,0.0,,9.85878484064798,0.6594974326080251,0.0,0.0,0.0,19124.634615384617,0.0,38.212,19124.634615384617,19124.634615384617,0.0,19124.634615384617,0.0,0.0,0.0,0.0
29,2004.0,0.0,Tuberculosis,All,19124.634615384617,0.0,0.0,,9.85878484064798,0.6594974326080251,0.0,0.0,0.0,19124.634615384617,0.0,38.212,19124.634615384617,19124.634615384617,0.0,19124.634615384617,0.0,0.0,0.0,0.0
30,2004.0,0.0,Tuberculosis,All,19124.634615384617,0.0,0.0,,9.85878484064798,0.6594974326080251,0.0,0.0,0.0,19124.634615384617,0.0,38.212,19124.634615384617,19124.634615384617,0.0,19124.634615384617,0.0,0.0,0.0,0.0
31,2004.0,0.0,Tuberculosis,All,19124.634615384617,0.0,0.0,,9.85878484064798,0.6594974326080251,0.0,0.0,0.0,19124.634615384617,0.0,38.212,19124.634615384617,19124.634615384617,0.0,19124.634615384617,0.0,0.0,0.0,0.0
32,2004.0,0.0,Tuberculosis,All,19124.634615384617,0.0,0.0,,9.85878484064798,0.6594974326080251,0.0,0.0,0.0,19124.634615384617,0.0,38.212,19124.634615384617,19124.634615384617,0.0,19124.634615384617,0.0,0.0,0.0,0.0
33,2004.0,0.0,Tuberculosis,All,19124.634615384617,0.0,0.0,,9.85878484064798,0.6594974326080251,0.0,0.0,0.0,19124.634615384617,0.0,38.212,19124.634615384617,19124.634615384617,0.0,19124.634615384617,0.0,0.0,0.0,0.0
34,2004.0,0.0,Tuberculosis,All,19124.634615384617,0.0,0.0,,9.85878484064798,0.6594974326080251,0.0,0.0,0.0,19124.634615384617,0.0,38.212,19124.634615384617,19124.634615384617,0.0,19124.634615384617,0.0,0.0,0.0,0.0
35,2004.0,0.0,Tuberculosis,All,19124.634615384617,0.0,0.0,,9.85878484064798,0.6594974326080251,0.0,0.0,0.0,19124.634615384617,0.0,38.212,19124.634615384617,19124.634615384617,0.0,19124.634615384617,0.0,0.0,0.0,0.0
36,2004.0,0.0,Tuberculosis,All,19124.634615384617,0.0,0.0,,9.85878484064798,0.6594974326080251,0.0,0.0,0.0,19124.634615384617,0.0,38.212,19124.634615384617,19124.634615384617,0.0,19124.634615384617,0.0,0.0,0.0,0.0
37,2004.0,0.0,Tuberculosis,All,19124.634615384617,0.0,0.0,,9.85878484064798,0.6594974326080251,0.0,0.0,0.0,19124.634615384617,0.0,38.212,19124.634615384617,19124.634615384617,0.0,19124.634615384617,0.0,0.0,0.0,0.0
38,2004.0,0.0,Tuberculosis,All,19124.634615384617,0.0,0.0,,9.85878484064798,0.6594974326080251,0.0,0.0,0.0,19124.634615384617,0.0,38.212,19124.634615384617,19124.634615384617,0.0,19124.634615384617,0.0,0.0,0.0,0.0
39,2004.0,0.0,Tuberculosis,All,19124.634615384617,0.0,0.0,,9.85878484064798,0.6594974326080251,0.0,0.0,0.0,19124.634615384617,0.0,38.212,19124.634615384617,19124.634615384617,0.0,19124.634615384617,0.0,0.0,0.0,0.0
40,2004.0,0.0,Tuberculosis,All,19124.634615384617,0.0,0.0,,9.85878484064798,0.6594974326080251,0.0,0.0,0.0,19124.634615384617,0.0,38.212,19124.634615384617,19124.634615384617,0.0,19124.634615384617,0.0,0.0,0.0,0.0
41,2004.0,0.0,Tuberculosis,All,19124.634615384617,0.0,0.0,,9.85878484064798,0.6594974326080251,0.0,0.0,0.0,19124.634615384617,0.0,38.212,19124.634615384617,19124.634615384617,0.0,19124.634615384617,0.0,0.0,0.0,0.0
42,2004.0,0.0,Tuberculosis,All,19124.634615384617,0.0,0.0,,9.85878484064798,0.6594974326080251,0.0,0.0,0.0,19124.634615384617,0.0,38.212,19124.634615384617,19124.634615384617,0.0,19124.634615384617,0.0,0.0,0.0,0.0
43,2004.0,0.0,Tuberculosis,All,19124.634615384617,0.0,0.0,,9.85878484064798,0.6594974326080251,0.0,0.0,0.0,19124.634615384617,0.0,38.212,19124.634615384617,19124.634615384617,0.0,19124.634615384617,0.0,0.0,0.0,0.0
44,2004.0,0.0,Tuberculosis,All,19124.634615384617,0.0,0.0,,9.85878484064798,0.6594974326080251,0.0,0.0,0.0,19124.634615384617,0.0,38.212,19124.634615384617,19124.634615384617,0.0,19124.634615384617,0.0,0.0,0.0,0.0
45,2004.0,0.0,Tuberculosis,All,19124.634615384617,0.0,0.0,,9.85878484064798,0.6594974326080251,0.0,0.0,0.0,19124.634615384617,0.0,38.212,19124.634615384617,19124.634615384617,0.0,19124.634615384617,0.0,0.0,0.0,0.0
46,2004.0,0.0,Tuberculosis,All,19124.634615384617,0.0,0.0,,9.85878484064798,0.6594974326080251,0.0,0.0,0.0,19124.634615384617,0.0,38.212,19124.634615384617,19124.634615384617,0.0,19124.634615384617,0.0,0.0,0.0,0.0
47,2004.0,0.0,Tuberculosis,All,19124.634615384617,0.0,0.0,,9.85878484064798,0.6594974326080251,0.0,0.0,0.0,19124.634615384617,0.0,38.212,19124.634615384617,19124.634615384617,0.0,19124.634615384617,0.0,0.0,0.0,0.0
48,2004.0,0.0,Tuberculosis,All,19124.634615384617,0.0,0.0,,9.85878484064798,0.6594974326080251,0.0,0.0,0.0,19124.634615384617,0.0,38.212,19124.634615384617,19124.634615384617,0.0,19124.634615384617,0.0,0.0,0.0,0.0
49,2004.0,0.0,Tuberculosis,All,19124.634615384617,0.0,0.0,,9.85878484064798,0.6594974326080251,0.0,0.0,0.0,19124.634615384617,0.0,38.212,19124.634615384617,19124.634615384617,0.0,19124.634615384617,0.0,0.0,0.0,0.0
50,2004.0,0.0,Tuberculosis,All,19124.634615384617,0.0,0.0,,9.85878484064798,0.6594974326080251,0.0,0.0,0.0,19124.634615384617,0.0,38.212,19124.634615384617,19124.634615384617,0.0,19124.634615384617,0.0,0.0,0.0,0.0
51,2004.0,0.0,Tuberculosis,All,19124.634615384617,0.0,0.0,,9.85878484064798,0.6594974326080251,0.0,0.0,0.0,19124.634615384617,0.0,38.212,19124.634615384617,19124.634615384617,0.0,19124.634615384617,0.0,0.0,0.0,0.0
52,2004.0,0.0,Tuberculosis,All,19124.634615384617,0.0,0.0,,9.85878484064798,0.6594974326080251,0.0,0.0,0.0,19124.634615384617,0.0,38.212,19124.634615384617,19124.634615384617,0.0,19124.634615384617,0.0,0.0,0.0,0.0
1,2005.0,0.0,Tuberculosis,All,19915.78846153846,0.0,0.0,,9.899318296330637,0.7841191013443102,0.0,0.0,0.0,19915.78846153846,0.0,39.074,19124.634615384617,19124.634615384617,0.0,19322.423076923078,395.5769230770525,0.0,0.04136831171234029,0.0
2,2005.0,0.0,Tuberculosis,All,19915.78846153846,0.0,0.0,,9.899318296330637,0.7841191013443102,0.0,0.0,0.0,19915.78846153846,0.0,39.074,19915.78846153846,19520.21153846154,0.0,19520.21153846154,456.77288604745127,0.0,0.0,0.0
3,2005.0,0.0,Tuberculosis,All,19915.78846153846,0.0,0.0,,9.899318296330637,0.7841191013443102,0.0,0.0,0.0,19915.78846153846,0.0,39.074,19915.78846153846,19915.78846153846,0.0,19718.0,395.5769230770722,0.0,0.0,0.0
4,2005.0,0.0,Tuberculosis,All,19915.78846153846,0.0,0.0,,9.899318296330637,0.7841191013443102,0.0,0.0,0.0,19915.78846153846,0.0,39.074,19915.78846153846,19915.78846153846,0.0,19915.78846153846,0.0,0.0,0.0,0.0
5,2005.0,0.0,Tuberculosis,All,19915.78846153846,0.0,0.0,,9.899318296330637,0.7841191013443102,0.0,0.0,0.0,19915.78846153846,0.0,39.074,19915.78846153846,19915.78846153846,0.0,19915.78846153846,0.0,0.0,0.0,0.0
6,2005.0,0.0,Tuberculosis,All,19915.78846153846,0.0,0.0,,9.899318296330637,0.7841191013443102,0.0,0.0,0.0,19915.78846153846,0.0,39.074,19915.78846153846,19915.78846153846,0.0,19915.78846153846,0.0,0.0,0.0,0.0
7,2005.0,0.0,Tuberculosis,All,19915.78846153846,0.0,0.0,,9.899318296330637,0.7841191013443102,0.0,0.0,0.0,19915.78846153846,0.0,39.074,19915.78846153846,19915.78846153846,0.0,19915.78846153846,0.0,0.0,0.0,0.0
8,2005.0,0.0,Tuberculosis,All,19915.78846153846,0.0,0.0,,9.899318296330637,0.7841191013443102,0.0,0.0,0.0,19915.78846153846,0.0,39.074,19915.78846153846,19915.78846153846,0.0,19915.78846153846,0.0,0.0,0.0,0.0
9,2005.0,0.0,Tuberculosis,All,19915.78846153846,0.0,0.0,,9.899318296330637,0.7841191013443102,0.0,0.0,0.0,19915.78846153846,0.0,39.074,19915.78846153846,19915.78846153846,0.0,19915.78846153846,0.0,0.0,0.0,0.0
10,2005.0,0.0,Tuberculosis,All,19915.78846153846,0.0,0.0,,9.899318296330637,0.7841191013443102,0.0,0.0,0.0,19915.78846153846,0.0,39.074,19915.78846153846,19915.78846153846,0.0,19915.78846153846,0.0,0.0,0.0,0.0
11,2005.0,0.0,Tuberculosis,All,19915.78846153846,0.0,0.0,,9.899318296330637,0.7841191013443102,0.0,0.0,0.0,19915.78846153846,0.0,39.074,19915.78846153846,19915.78846153846,0.0,19915.78846153846,0.0,0.0,0.0,0.0
12,2005.0,0.0,Tuberculosis,All,19915.78846153846,0.0,0.0,,9.899318296330637,0.7841191013443102,0.0,0.0,0.0,19915.78846153846,0.0,39.074,19915.78846153846,19915.78846153846,0.0,19915.78846153846,0.0,0.0,0.0,0.0
13,2005.0,0.0,Tuberculosis,All,19915.78846153846,0.0,0.0,,9.899318296330637,0.7841191013443102,0.0,0.0,0.0,19915.78846153846,0.0,39.074,19915.78846153846,19915.78846153846,0.0,19915.78846153846,0.0,0.0,0.0,0.0
14,2005.0,0.0,Tuberculosis,All,19915.78846153846,0.0,0.0,,9.899318296330637,0.7841191013443102,0.0,0.0,0.0,19915.78846153846,0.0,39.074,19915.78846153846,19915.78846153846,0.0,19915.78846153846,0.0,0.0,0.0,0.0
15,2005.0,0.0,Tuberculosis,All,19915.78846153846,0.0,0.0,,9.899318296330637,0.7841191013443102,0.0,0.0,0.0,19915.78846153846,0.0,39.074,19915.78846153846,19915.78846153846,0.0,19915.78846153846,0.0,0.0,0.0,0.0
16,2005.0,0.0,Tuberculosis,All,19915.78846153846,0.0,0.0,,9.899318296330637,0.7841191013443102,0.0,0.0,0.0,19915.78846153846,0.0,39.074,19915.78846153846,19915.78846153846,0.0,19915.78846153846,0.0,0.0,0.0,0.0
17,2005.0,0.0,Tuberculosis,All,19915.78846153846,0.0,0.0,,9.899318296330637,0.7841191013443102,0.0,0.0,0.0,19915.78846153846,0.0,39.074,19915.78846153846,19915.78846153846,0.0,19915.78846153846,0.0,0.0,0.0,0.0
18,2005.0,0.0,Tuberculosis,All,19915.78846153846,0.0,0.0,,9.899318296330637,0.7841191013443102,0.0,0.0,0.0,19915.78846153846,0.0,39.074,19915.78846153846,19915.78846153846,0.0,19915.78846153846,0.0,0.0,0.0,0.0
19,2005.0,0.0,Tuberculosis,All,19915.78846153846,0.0,0.0,,9.899318296330637,0.7841191013443102,0.0,0.0,0.0,19915.78846153846,0.0,39.074,19915.78846153846,19915.78846153846,0.0,19915.78846153846,0.0,0.0,0.0,0.0
20,2005.0,0.0,Tuberculosis,All,19915.78846153846,0.0,0.0,,9.899318296330637,0.7841191013443102,0.0,0.0,0.0,19915.78846153846,0.0,39.074,19915.78846153846,19915.78846153846,0.0,19915.78846153846,0.0,0.0,0.0,0.0
21,2005.0,0.0,Tuberculosis,All,19915.78846153846,0.0,0.0,,9.899318296330637,0.7841191013443102,0.0,0.0,0.0,19915.78846153846,0.0,39.074,19915.78846153846,19915.78846153846,0.0,19915.78846153846,0.0,0.0,0.0,0.0
22,2005.0,0.0,Tuberculosis,All,19915.78846153846,0.0,0.0,,9.899318296330637,0.7841191013443102,0.0,0.0,0.0,19915.78846153846,0.0,39.074,19915.78846153846,19915.78846153846,0.0,19915.78846153846,0.0,0.0,0.0,0.0
23,2005.0,0.0,Tuberculosis,All,19915.78846153846,0.0,0.0,,9.899318296330637,0.7841191013443102,0.0,0.0,0.0,19915.78846153846,0.0,39.074,19915.78846153846,19915.78846153846,0.0,19915.78846153846,0.0,0.0,0.0,0.0
24,2005.0,0.0,Tuberculosis,All,19915.78846153846,0.0,0.0,,9.899318296330637,0.7841191013443102,0.0,0.0,0.0,19915.78846153846,0.0,39.074,19915.78846153846,19915.78846153846,0.0,19915.78846153846,0.0,0.0,0.0,0.0
25,2005.0,0.0,Tuberculosis,All,19915.78846153846,0.0,0.0,,9.899318296330637,0.7841191013443102,0.0,0.0,0.0,19915.78846153846,0.0,39.074,19915.78846153846,19915.78846153846,0.0,19915.78846153846,0.0,0.0,0.0,0.0
26,2005.0,0.0,Tuberculosis,All,19915.78846153846,0.0,0.0,,9.899318296330637,0.7841191013443102,0.0,0.0,0.0,19915.78846153846,0.0,39.074,19915.78846153846,19915.78846153846,0.0,19915.78846153846,0.0,0.0,0.0,0.0
27,2005.0,0.0,Tuberculosis,All,19915.78846153846,0.0,0.0,,9.899318296330637,0.7841191013443102,0.0,0.0,0.0,19915.78846153846,0.0,39.074,19915.78846153846,19915.78846153846,0.0,19915.78846153846,0.0,0.0,0.0,0.0
28,2005.0,0.0,Tuberculosis,All,19915.78846153846,0.0,0.0,,9.899318296330637,0.7841191013443102,0.0,0.0,0.0,19915.78846153846,0.0,39.074,19915.78846153846,19915.78846153846,0.0,19915.78846153846,0.0,0.0,0.0,0.0
29,2005.0,0.0,Tuberculosis,All,19915.78846153846,0.0,0.0,,9.899318296330637,0.7841191013443102,0.0,0.0,0.0,19915.78846153846,0.0,39.074,19915.78846153846,19915.78846153846,0.0,19915.78846153846,0.0,0.0,0.0,0.0
30,2005.0,0.0,Tuberculosis,All,19915.78846153846,0.0,0.0,,9.899318296330637,0.7841191013443102,0.0,0.0,0.0,19915.78846153846,0.0,39.074,19915.78846153846,19915.78846153846,0.0,19915.78846153846,0.0,0.0,0.0,0.0
31,2005.0,0.0,Tuberculosis,All,19915.78846153846,0.0,0.0,,9.899318296330637,0.7841191013443102,0.0,0.0,0.0,19915.78846153846,0.0,39.074,19915.78846153846,19915.78846153846,0.0,19915.78846153846,0.0,0.0,0.0,0.0
32,2005.0,0.0,Tuberculosis,All,19915.78846153846,0.0,0.0,,9.899318296330637,0.7841191013443102,0.0,0.0,0.0,19915.78846153846,0.0,39.074,19915.78846153846,19915.78846153846,0.0,19915.78846153846,0.0,0.0,0.0,0.0
33,2005.0,0.0,Tuberculosis,All,19915.78846153846,0.0,0.0,,9.899318296330637,0.7841191013443102,0.0,0.0,0.0,19915.78846153846,0.0,39.074,19915.78846153846,19915.78846153846,0.0,19915.78846153846,0.0,0.0,0.0,0.0
34,2005.0,0.0,Tuberculosis,All,19915.78846153846,0.0,0.0,,9.899318296330637,0.7841191013443102,0.0,0.0,0.0,19915.78846153846,0.0,39.074,19915.78846153846,19915.78846153846,0.0,19915.78846153846,0.0,0.0,0.0,0.0
35,2005.0,0.0,Tuberculosis,All,19915.78846153846,0.0,0.0,,9.899318296330637,0.7841191013443102,0.0,0.0,0.0,19915.78846153846,0.0,39.074,19915.78846153846,19915.78846153846,0.0,19915.78846153846,0.0,0.0,0.0,0.0
36,2005.0,0.0,Tuberculosis,All,19915.78846153846,0.0,0.0,,9.899318296330637,0.7841191013443102,0.0,0.0,0.0,19915.78846153846,0.0,39.074,19915.78846153846,19915.78846153846,0.0,19915.78846153846,0.0,0.0,0.0,0.0
37,2005.0,0.0,Tuberculosis,All,19915.78846153846,0.0,0.0,,9.899318296330637,0.7841191013443102,0.0,0.0,0.0,19915.78846153846,0.0,39.074,19915.78846153846,19915.78846153846,0.0,19915.78846153846,0.0,0.0,0.0,0.0
38,2005.0,0.0,Tuberculosis,All,19915.78846153846,0.0,0.0,,9.899318296330637,0.7841191013443102,0.0,0.0,0.0,19915.78846153846,0.0,39.074,19915.78846153846,19915.78846153846,0.0,19915.78846153846,0.0,0.0,0.0,0.0
39,2005.0,0.0,Tuberculosis,All,19915.78846153846,0.0,0.0,,9.899318296330637,0.7841191013443102,0.0,0.0,0.0,19915.78846153846,0.0,39.074,19915.78846153846,19915.78846153846,0.0,19915.78846153846,0.0,0.0,0.0,0.0
40,2005.0,0.0,Tuberculosis,All,19915.78846153846,0.0,0.0,,9.899318296330637,0.7841191013443102,0.0,0.0,0.0,19915.78846153846,0.0,39.074,19915.78846153846,19915.78846153846,0.0,19915.78846153846,0.0,0.0,0.0,0.0
41,2005.0,0.0,Tuberculosis,All,19915.78846153846,0.0,0.0,,9.899318296330637,0.7841191013443102,0.0,0.0,0.0,19915.78846153846,0.0,39.074,19915.78846153846,19915.78846153846,0.0,19915.78846153846,0.0,0.0,0.0,0.0
42,2005.0,0.0,Tuberculosis,All,19915.78846153846,0.0,0.0,,9.899318296330637,0.7841191013443102,0.0,0.0,0.0,19915.78846153846,0.0,39.074,19915.78846153846,19915.78846153846,0.0,19915.78846153846,0.0,0.0,0.0,0.0
43,2005.0,0.0,Tuberculosis,All,19915.78846153846,0.0,0.0,,9.899318296330637,0.7841191013443102,0.0,0.0,0.0,19915.78846153846,0.0,39.074,19915.78846153846,19915.78846153846,0.0,19915.78846153846,0.0,0.0,0.0,0.0
44,2005.0,0.0,Tuberculosis,All,19915.78846153846,0.0,0.0,,9.899318296330637,0.7841191013443102,0.0,0.0,0.0,19915.78846153846,0.0,39.074,19915.78846153846,19915.78846153846,0.0,19915.78846153846,0.0,0.0,0.0,0.0
45,2005.0,0.0,Tuberculosis,All,19915.78846153846,0.0,0.0,,9.899318296330637,0.7841191013443102,0.0,0.0,0.0,19915.78846153846,0.0,39.074,19915.78846153846,19915.78846153846,0.0,19915.78846153846,0.0,0.0,0.0,0.0
46,2005.0,0.0,Tuberculosis,All,19915.78846153846,0.0,0.0,,9.899318296330637,0.7841191013443102,0.0,0.0,0.0,19915.78846153846,0.0,39.074,19915.78846153846,19915.78846153846,0.0,19915.78846153846,0.0,0.0,0.0,0.0
47,2005.0,0.0,Tuberculosis,All,19915.78846153846,0.0,0.0,,9.899318296330637,0.7841191013443102,0.0,0.0,0.0,19915.78846153846,0.0,39.074,19915.78846153846,19915.78846153846,0.0,19915.78846153846,0.0,0.0,0.0,0.0
48,2005.0,0.0,Tuberculosis,All,19915.78846153846,0.0,0.0,,9.899318296330637,0.7841191013443102,0.0,0.0,0.0,19915.78846153846,0.0,39.074,19915.78846153846,19915.78846153846,0.0,19915.78846153846,0.0,0.0,0.0,0.0
49,2005.0,0.0,Tuberculosis,All,19915.78846153846,0.0,0.0,,9.899318296330637,0.7841191013443102,0.0,0.0,0.0,19915.78846153846,0.0,39.074,19915.78846153846,19915.78846153846,0.0,19915.78846153846,0.0,0.0,0.0,0.0
50,2005.0,0.0,Tuberculosis,All,19915.78846153846,0.0,0.0,,9.899318296330637,0.7841191013443102,0.0,0.0,0.0,19915.78846153846,0.0,39.074,19915.78846153846,19915.78846153846,0.0,19915.78846153846,0.0,0.0,0.0,0.0
51,2005.0,0.0,Tuberculosis,All,19915.78846153846,0.0,0.0,,9.899318296330637,0.7841191013443102,0.0,0.0,0.0,19915.78846153846,0.0,39.074,19915.78846153846,19915.78846153846,0.0,19915.78846153846,0.0,0.0,0.0,0.0
52,2005.0,0.0,Tuberculosis,All,19915.78846153846,0.0,0.0,,9.899318296330637,0.7841191013443102,0.0,0.0,0.0,19915.78846153846,0.0,39.074,19915.78846153846,19915.78846153846,0.0,19915.78846153846,0.0,0.0,0.0,0.0
1,2006.0,0.0,Tuberculosis,All,20805.615384615387,0.0,0.0,,9.943026262460355,0.9242836427662033,0.0,0.0,0.0,20805.615384615387,0.0,39.943,19915.78846153846,19915.78846153846,0.0,20138.24519230769,444.91346153861326,0.0,0.044679472509731005,0.0
2,2006.0,0.0,Tuberculosis,All,20805.615384615387,0.0,0.0,,9.943026262460355,0.9242836427662033,0.0,0.0,0.0,20805.615384615387,0.0,39.943,20805.615384615387,20360.701923076922,0.0,20360.701923076922,513.7418135707769,0.0,0.0,0.0
3,2006.0,0.0,Tuberculosis,All,20805.615384615387,0.0,0.0,,9.943026262460355,0.9242836427662033,0.0,0.0,0.0,20805.615384615387,0.0,39.943,20805.615384615387,20805.615384615387,0.0,20583.158653846156,444.91346153862986,0.0,0.0,0.0
4,2006.0,0.0,Tuberculosis,All,20805.615384615387,0.0,0.0,,9.943026262460355,0.9242836427662033,0.0,0.0,0.0,20805.615384615387,0.0,39.943,20805.615384615387,20805.615384615387,0.0,20805.615384615387,0.0,0.0,0.0,0.0
5,2006.0,0.0,Tuberculosis,All,20805.615384615387,0.0,0.0,,9.943026262460355,0.9242836427662033,0.0,0.0,0.0,20805.615384615387,0.0,39.943,20805.615384615387,20805.615384615387,0.0,20805.615384615387,0.0,0.0,0.0,0.0
6,2006.0,0.0,Tuberculosis,All,20805.615384615387,0.0,0.0,,9.943026262460355,0.9242836427662033,0.0,0.0,0.0,20805.615384615387,0.0,39.943,20805.615384615387,20805.615384615387,0.0,20805.615384615387,0.0,0.0,0.0,0.0
7,2006.0,0.0,Tuberculosis,All,20805.615384615387,0.0,0.0,,9.943026262460355,0.9242836427662033,0.0,0.0,0.0,20805.615384615387,0.0,39.943,20805.615384615387,20805.615384615387,0.0,20805.615384615387,0.0,0.0,0.0,0.0
8,2006.0,0.0,Tuberculosis,All,20805.615384615387,0.0,0.0,,9.943026262460355,0.9242836427662033,0.0,0.0,0.0,20805.615384615387,0.0,39.943,20805.615384615387,20805.615384615387,0.0,20805.615384615387,0.0,0.0,0.0,0.0
9,2006.0,0.0,Tuberculosis,All,20805.615384615387,0.0,0.0,,9.943026262460355,0.9242836427662033,0.0,0.0,0.0,20805.615384615387,0.0,39.943,20805.615384615387,20805.615384615387,0.0,20805.615384615387,0.0,0.0,0.0,0.0
10,2006.0,0.0,Tuberculosis,All,20805.615384615387,0.0,0.0,,9.943026262460355,0.9242836427662033,0.0,0.0,0.0,20805.615384615387,0.0,39.943,20805.615384615387,20805.615384615387,0.0,20805.615384615387,0.0,0.0,0.0,0.0
11,2006.0,0.0,Tuberculosis,All,20805.615384615387,0.0,0.0,,9.943026262460355,0.9242836427662033,0.0,0.0,0.0,20805.615384615387,0.0,39.943,20805.615384615387,20805.615384615387,0.0,20805.615384615387,0.0,0.0,0.0,0.0
12,2006.0,0.0,Tuberculosis,All,20805.615384615387,0.0,0.0,,9.943026262460355,0.9242836427662033,0.0,0.0,0.0,20805.615384615387,0.0,39.943,20805.615384615387,20805.615384615387,0.0,20805.615384615387,0.0,0.0,0.0,0.0
13,2006.0,0.0,Tuberculosis,All,20805.615384615387,0.0,0.0,,9.943026262460355,0.9242836427662033,0.0,0.0,0.0,20805.615384615387,0.0,39.943,20805.615384615387,20805.615384615387,0.0,20805.615384615387,0.0,0.0,0.0,0.0
14,2006.0,0.0,Tuberculosis,All,20805.615384615387,0.0,0.0,,9.943026262460355,0.9242836427662033,0.0,0.0,0.0,20805.615384615387,0.0,39.943,20805.615384615387,20805.615384615387,0.0,20805.615384615387,0.0,0.0,0.0,0.0
15,2006.0,0.0,Tuberculosis,All,20805.615384615387,0.0,0.0,,9.943026262460355,0.9242836427662033,0.0,0.0,0.0,20805.615384615387,0.0,39.943,20805.615384615387,20805.615384615387,0.0,20805.615384615387,0.0,0.0,0.0,0.0
16,2006.0,0.0,Tuberculosis,All,20805.615384615387,0.0,0.0,,9.943026262460355,0.9242836427662033,0.0,0.0,0.0,20805.615384615387,0.0,39.943,20805.615384615387,20805.615384615387,0.0,20805.615384615387,0.0,0.0,0.0,0.0
17,2006.0,0.0,Tuberculosis,All,20805.615384615387,0.0,0.0,,9.943026262460355,0.9242836427662033,0.0,0.0,0.0,20805.615384615387,0.0,39.943,20805.615384615387,20805.615384615387,0.0,20805.615384615387,0.0,0.0,0.0,0.0
18,2006.0,0.0,Tuberculosis,All,20805.615384615387,0.0,0.0,,9.943026262460355,0.9242836427662033,0.0,0.0,0.0,20805.615384615387,0.0,39.943,20805.615384615387,20805.615384615387,0.0,20805.615384615387,0.0,0.0,0.0,0.0
19,2006.0,0.0,Tuberculosis,All,20805.615384615387,0.0,0.0,,9.943026262460355,0.9242836427662033,0.0,0.0,0.0,20805.615384615387,0.0,39.943,20805.615384615387,20805.615384615387,0.0,20805.615384615387,0.0,0.0,0.0,0.0
20,2006.0,0.0,Tuberculosis,All,20805.615384615387,0.0,0.0,,9.943026262460355,0.9242836427662033,0.0,0.0,0.0,20805.615384615387,0.0,39.943,20805.615384615387,20805.615384615387,0.0,20805.615384615387,0.0,0.0,0.0,0.0
21,2006.0,0.0,Tuberculosis,All,20805.615384615387,0.0,0.0,,9.943026262460355,0.9242836427662033,0.0,0.0,0.0,20805.615384615387,0.0,39.943,20805.615384615387,20805.615384615387,0.0,20805.615384615387,0.0,0.0,0.0,0.0
22,2006.0,0.0,Tuberculosis,All,20805.615384615387,0.0,0.0,,9.943026262460355,0.9242836427662033,0.0,0.0,0.0,20805.615384615387,0.0,39.943,20805.615384615387,20805.615384615387,0.0,20805.615384615387,0.0,0.0,0.0,0.0
23,2006.0,0.0,Tuberculosis,All,20805.615384615387,0.0,0.0,,9.943026262460355,0.9242836427662033,0.0,0.0,0.0,20805.615384615387,0.0,39.943,20805.615384615387,20805.615384615387,0.0,20805.615384615387,0.0,0.0,0.0,0.0
24,2006.0,0.0,Tuberculosis,All,20805.615384615387,0.0,0.0,,9.943026262460355,0.9242836427662033,0.0,0.0,0.0,20805.615384615387,0.0,39.943,20805.615384615387,20805.615384615387,0.0,20805.615384615387,0.0,0.0,0.0,0.0
25,2006.0,0.0,Tuberculosis,All,20805.615384615387,0.0,0.0,,9.943026262460355,0.9242836427662033,0.0,0.0,0.0,20805.615384615387,0.0,39.943,20805.615384615387,20805.615384615387,0.0,20805.615384615387,0.0,0.0,0.0,0.0
26,2006.0,0.0,Tuberculosis,All,20805.615384615387,0.0,0.0,,9.943026262460355,0.9242836427662033,0.0,0.0,0.0,20805.615384615387,0.0,39.943,20805.615384615387,20805.615384615387,0.0,20805.615384615387,0.0,0.0,0.0,0.0
27,2006.0,0.0,Tuberculosis,All,20805.615384615387,0.0,0.0,,9.943026262460355,0.9242836427662033,0.0,0.0,0.0,20805.615384615387,0.0,39.943,20805.615384615387,20805.615384615387,0.0,20805.615384615387,0.0,0.0,0.0,0.0
28,2006.0,0.0,Tuberculosis,All,20805.615384615387,0.0,0.0,,9.943026262460355,0.9242836427662033,0.0,0.0,0.0,20805.615384615387,0.0,39.943,20805.615384615387,20805.615384615387,0.0,20805.615384615387,0.0,0.0,0.0,0.0
29,2006.0,0.0,Tuberculosis,All,20805.615384615387,0.0,0.0,,9.943026262460355,0.9242836427662033,0.0,0.0,0.0,20805.615384615387,0.0,39.943,20805.615384615387,20805.615384615387,0.0,20805.615384615387,0.0,0.0,0.0,0.0
30,2006.0,0.0,Tuberculosis,All,20805.615384615387,0.0,0.0,,9.943026262460355,0.9242836427662033,0.0,0.0,0.0,20805.615384615387,0.0,39.943,20805.615384615387,20805.615384615387,0.0,20805.615384615387,0.0,0.0,0.0,0.0
31,2006.0,0.0,Tuberculosis,All,20805.615384615387,0.0,0.0,,9.943026262460355,0.9242836427662033,0.0,0.0,0.0,20805.615384615387,0.0,39.943,20805.615384615387,20805.615384615387,0.0,20805.615384615387,0.0,0.0,0.0,0.0
32,2006.0,0.0,Tuberculosis,All,20805.615384615387,0.0,0.0,,9.943026262460355,0.9242836427662033,0.0,0.0,0.0,20805.615384615387,0.0,39.943,20805.615384615387,20805.615384615387,0.0,20805.615384615387,0.0,0.0,0.0,0.0
33,2006.0,0.0,Tuberculosis,All,20805.615384615387,0.0,0.0,,9.943026262460355,0.9242836427662033,0.0,0.0,0.0,20805.615384615387,0.0,39.943,20805.615384615387,20805.615384615387,0.0,20805.615384615387,0.0,0.0,0.0,0.0
34,2006.0,0.0,Tuberculosis,All,20805.615384615387,0.0,0.0,,9.943026262460355,0.9242836427662033,0.0,0.0,0.0,20805.615384615387,0.0,39.943,20805.615384615387,20805.615384615387,0.0,20805.615384615387,0.0,0.0,0.0,0.0
35,2006.0,0.0,Tuberculosis,All,20805.615384615387,0.0,0.0,,9.943026262460355,0.9242836427662033,0.0,0.0,0.0,20805.615384615387,0.0,39.943,20805.615384615387,20805.615384615387,0.0,20805.615384615387,0.0,0.0,0.0,0.0
36,2006.0,0.0,Tuberculosis,All,20805.615384615387,0.0,0.0,,9.943026262460355,0.9242836427662033,0.0,0.0,0.0,20805.615384615387,0.0,39.943,20805.615384615387,20805.615384615387,0.0,20805.615384615387,0.0,0.0,0.0,0.0
37,2006.0,0.0,Tuberculosis,All,20805.615384615387,0.0,0.0,,9.943026262460355,0.9242836427662033,0.0,0.0,0.0,20805.615384615387,0.0,39.943,20805.615384615387,20805.615384615387,0.0,20805.615384615387,0.0,0.0,0.0,0.0
38,2006.0,0.0,Tuberculosis,All,20805.615384615387,0.0,0.0,,9.943026262460355,0.9242836427662033,0.0,0.0,0.0,20805.615384615387,0.0,39.943,20805.615384615387,20805.615384615387,0.0,20805.615384615387,0.0,0.0,0.0,0.0
39,2006.0,0.0,Tuberculosis,All,20805.615384615387,0.0,0.0,,9.943026262460355,0.9242836427662033,0.0,0.0,0.0,20805.615384615387,0.0,39.943,20805.615384615387,20805.615384615387,0.0,20805.615384615387,0.0,0.0,0.0,0.0
40,2006.0,0.0,Tuberculosis,All,20805.615384615387,0.0,0.0,,9.943026262460355,0.9242836427662033,0.0,0.0,0.0,20805.615384615387,0.0,39.943,20805.615384615387,20805.615384615387,0.0,20805.615384615387,0.0,0.0,0.0,0.0
41,2006.0,0.0,Tuberculosis,All,20805.615384615387,0.0,0.0,,9.943026262460355,0.9242836427662033,0.0,0.0,0.0,20805.615384615387,0.0,39.943,20805.615384615387,20805.615384615387,0.0,20805.615384615387,0.0,0.0,0.0,0.0
42,2006.0,0.0,Tuberculosis,All,20805.615384615387,0.0,0.0,,9.943026262460355,0.9242836427662033,0.0,0.0,0.0,20805.615384615387,0.0,39.943,20805.615384615387,20805.615384615387,0.0,20805.615384615387,0.0,0.0,0.0,0.0
43,2006.0,0.0,Tuberculosis,All,20805.615384615387,0.0,0.0,,9.943026262460355,0.9242836427662033,0.0,0.0,0.0,20805.615384615387,0.0,39.943,20805.615384615387,20805.615384615387,0.0,20805.615384615387,0.0,0.0,0.0,0.0
44,2006.0,0.0,Tuberculosis,All,20805.615384615387,0.0,0.0,,9.943026262460355,0.9242836427662033,0.0,0.0,0.0,20805.615384615387,0.0,39.943,20805.615384615387,20805.615384615387,0.0,20805.615384615387,0.0,0.0,0.0,0.0
45,2006.0,0.0,Tuberculosis,All,20805.615384615387,0.0,0.0,,9.943026262460355,0.9242836427662033,0.0,0.0,0.0,20805.615384615387,0.0,39.943,20805.615384615387,20805.615384615387,0.0,20805.615384615387,0.0,0.0,0.0,0.0
46,2006.0,0.0,Tuberculosis,All,20805.615384615387,0.0,0.0,,9.943026262460355,0.9242836427662033,0.0,0.0,0.0,20805.615384615387,0.0,39.943,20805.615384615387,20805.615384615387,0.0,20805.615384615387,0.0,0.0,0.0,0.0
47,2006.0,0.0,Tuberculosis,All,20805.615384615387,0.0,0.0,,9.943026262460355,0.9242836427662033,0.0,0.0,0.0,20805.615384615387,0.0,39.943,20805.615384615387,20805.615384615387,0.0,20805.615384615387,0.0,0.0,0.0,0.0
48,2006.0,0.0,Tuberculosis,All,20805.615384615387,0.0,0.0,,9.943026262460355,0.9242836427662033,0.0,0.0,0.0,20805.615384615387,0.0,39.943,20805.615384615387,20805.615384615387,0.0,20805.615384615387,0.0,0.0,0.0,0.0
49,2006.0,0.0,Tuberculosis,All,20805.615384615387,0.0,0.0,,9.943026262460355,0.9242836427662033,0.0,0.0,0.0,20805.615384615387,0.0,39.943,20805.615384615387,20805.615384615387,0.0,20805.615384615387,0.0,0.0,0.0,0.0
50,2006.0,0.0,Tuberculosis,All,20805.615384615387,0.0,0.0,,9.943026262460355,0.9242836427662033,0.0,0.0,0.0,20805.615384615387,0.0,39.943,20805.615384615387,20805.615384615387,0.0,20805.615384615387,0.0,0.0,0.0,0.0
51,2006.0,0.0,Tuberculosis,All,20805.615384615387,0.0,0.0,,9.943026262460355,0.9242836427662033,0.0,0.0,0.0,20805.615384615387,0.0,39.943,20805.615384615387,20805.615384615387,0.0,20805.615384615387,0.0,0.0,0.0,0.0
52,2006.0,0.0,Tuberculosis,All,20805.615384615387,0.0,0.0,,9.943026262460355,0.9242836427662033,0.0,0.0,0.0,20805.615384615387,0.0,39.943,20805.615384615387,20805.615384615387,0.0,20805.615384615387,0.0,0.0,0.0,0.0
1,2007.0,0.0,Tuberculosis,All,21947.53846153846,0.0,0.0,,9.996455831390703,1.1041580883072977,0.0,0.0,0.0,21947.53846153846,0.0,40.819,20805.615384615387,20805.615384615387,0.0,21091.096153846156,570.9615384616835,0.0,0.05488533051358164,0.0
2,2007.0,0.0,Tuberculosis,All,21947.53846153846,0.0,0.0,,9.996455831390703,1.1041580883072977,0.0,0.0,0.0,21947.53846153846,0.0,40.819,21947.53846153846,21376.576923076922,0.0,21376.576923076922,659.2895958555181,0.0,0.0,0.0
3,2007.0,0.0,Tuberculosis,All,21947.53846153846,0.0,0.0,,9.996455831390703,1.1041580883072977,0.0,0.0,0.0,21947.53846153846,0.0,40.819,21947.53846153846,21947.53846153846,0.0,21662.05769230769,570.9615384617041,0.0,0.0,0.0
4,2007.0,0.0,Tuberculosis,All,21947.53846153846,0.0,0.0,,9.996455831390703,1.1041580883072977,0.0,0.0,0.0,21947.53846153846,0.0,40.819,21947.53846153846,21947.53846153846,0.0,21947.53846153846,0.0,0.0,0.0,0.0
5,2007.0,0.0,Tuberculosis,All,21947.53846153846,0.0,0.0,,9.996455831390703,1.1041580883072977,0.0,0.0,0.0,21947.53846153846,0.0,40.819,21947.53846153846,21947.53846153846,0.0,21947.53846153846,0.0,0.0,0.0,0.0
6,2007.0,0.0,Tuberculosis,All,21947.53846153846,0.0,0.0,,9.996455831390703,1.1041580883072977,0.0,0.0,0.0,21947.53846153846,0.0,40.819,21947.53846153846,21947.53846153846,0.0,21947.53846153846,0.0,0.0,0.0,0.0
7,2007.0,0.0,Tuberculosis,All,21947.53846153846,0.0,0.0,,9.996455831390703,1.1041580883072977,0.0,0.0,0.0,21947.53846153846,0.0,40.819,21947.53846153846,21947.53846153846,0.0,21947.53846153846,0.0,0.0,0.0,0.0
8,2007.0,0.0,Tuberculosis,All,21947.53846153846,0.0,0.0,,9.996455831390703,1.1041580883072977,0.0,0.0,0.0,21947.53846153846,0.0,40.819,21947.53846153846,21947.53846153846,0.0,21947.53846153846,0.0,0.0,0.0,0.0
9,2007.0,0.0,Tuberculosis,All,21947.53846153846,0.0,0.0,,9.996455831390703,1.1041580883072977,0.0,0.0,0.0,21947.53846153846,0.0,40.819,21947.53846153846,21947.53846153846,0.0,21947.53846153846,0.0,0.0,0.0,0.0
10,2007.0,0.0,Tuberculosis,All,21947.53846153846,0.0,0.0,,9.996455831390703,1.1041580883072977,0.0,0.0,0.0,21947.53846153846,0.0,40.819,21947.53846153846,21947.53846153846,0.0,21947.53846153846,0.0,0.0,0.0,0.0
11,2007.0,0.0,Tuberculosis,All,21947.53846153846,0.0,0.0,,9.996455831390703,1.1041580883072977,0.0,0.0,0.0,21947.53846153846,0.0,40.819,21947.53846153846,21947.53846153846,0.0,21947.53846153846,0.0,0.0,0.0,0.0
12,2007.0,0.0,Tuberculosis,All,21947.53846153846,0.0,0.0,,9.996455831390703,1.1041580883072977,0.0,0.0,0.0,21947.53846153846,0.0,40.819,21947.53846153846,21947.53846153846,0.0,21947.53846153846,0.0,0.0,0.0,0.0
13,2007.0,0.0,Tuberculosis,All,21947.53846153846,0.0,0.0,,9.996455831390703,1.1041580883072977,0.0,0.0,0.0,21947.53846153846,0.0,40.819,21947.53846153846,21947.53846153846,0.0,21947.53846153846,0.0,0.0,0.0,0.0
14,2007.0,0.0,Tuberculosis,All,21947.53846153846,0.0,0.0,,9.996455831390703,1.1041580883072977,0.0,0.0,0.0,21947.53846153846,0.0,40.819,21947.53846153846,21947.53846153846,0.0,21947.53846153846,0.0,0.0,0.0,0.0
15,2007.0,0.0,Tuberculosis,All,21947.53846153846,0.0,0.0,,9.996455831390703,1.1041580883072977,0.0,0.0,0.0,21947.53846153846,0.0,40.819,21947.53846153846,21947.53846153846,0.0,21947.53846153846,0.0,0.0,0.0,0.0
16,2007.0,0.0,Tuberculosis,All,21947.53846153846,0.0,0.0,,9.996455831390703,1.1041580883072977,0.0,0.0,0.0,21947.53846153846,0.0,40.819,21947.53846153846,21947.53846153846,0.0,21947.53846153846,0.0,0.0,0.0,0.0
17,2007.0,0.0,Tuberculosis,All,21947.53846153846,0.0,0.0,,9.996455831390703,1.1041580883072977,0.0,0.0,0.0,21947.53846153846,0.0,40.819,21947.53846153846,21947.53846153846,0.0,21947.53846153846,0.0,0.0,0.0,0.0
18,2007.0,0.0,Tuberculosis,All,21947.53846153846,0.0,0.0,,9.996455831390703,1.1041580883072977,0.0,0.0,0.0,21947.53846153846,0.0,40.819,21947.53846153846,21947.53846153846,0.0,21947.53846153846,0.0,0.0,0.0,0.0
19,2007.0,0.0,Tuberculosis,All,21947.53846153846,0.0,0.0,,9.996455831390703,1.1041580883072977,0.0,0.0,0.0,21947.53846153846,0.0,40.819,21947.53846153846,21947.53846153846,0.0,21947.53846153846,0.0,0.0,0.0,0.0
20,2007.0,0.0,Tuberculosis,All,21947.53846153846,0.0,0.0,,9.996455831390703,1.1041580883072977,0.0,0.0,0.0,21947.53846153846,0.0,40.819,21947.53846153846,21947.53846153846,0.0,21947.53846153846,0.0,0.0,0.0,0.0
21,2007.0,0.0,Tuberculosis,All,21947.53846153846,0.0,0.0,,9.996455831390703,1.1041580883072977,0.0,0.0,0.0,21947.53846153846,0.0,40.819,21947.53846153846,21947.53846153846,0.0,21947.53846153846,0.0,0.0,0.0,0.0
22,2007.0,0.0,Tuberculosis,All,21947.53846153846,0.0,0.0,,9.996455831390703,1.1041580883072977,0.0,0.0,0.0,21947.53846153846,0.0,40.819,21947.53846153846,21947.53846153846,0.0,21947.53846153846,0.0,0.0,0.0,0.0
23,2007.0,0.0,Tuberculosis,All,21947.53846153846,0.0,0.0,,9.996455831390703,1.1041580883072977,0.0,0.0,0.0,21947.53846153846,0.0,40.819,21947.53846153846,21947.53846153846,0.0,21947.53846153846,0.0,0.0,0.0,0.0
24,2007.0,0.0,Tuberculosis,All,21947.53846153846,0.0,0.0,,9.996455831390703,1.1041580883072977,0.0,0.0,0.0,21947.53846153846,0.0,40.819,21947.53846153846,21947.53846153846,0.0,21947.53846153846,0.0,0.0,0.0,0.0
25,2007.0,0.0,Tuberculosis,All,21947.53846153846,0.0,0.0,,9.996455831390703,1.1041580883072977,0.0,0.0,0.0,21947.53846153846,0.0,40.819,21947.53846153846,21947.53846153846,0.0,21947.53846153846,0.0,0.0,0.0,0.0
26,2007.0,0.0,Tuberculosis,All,21947.53846153846,0.0,0.0,,9.996455831390703,1.1041580883072977,0.0,0.0,0.0,21947.53846153846,0.0,40.819,21947.53846153846,21947.53846153846,0.0,21947.53846153846,0.0,0.0,0.0,0.0
27,2007.0,0.0,Tuberculosis,All,21947.53846153846,0.0,0.0,,9.996455831390703,1.1041580883072977,0.0,0.0,0.0,21947.53846153846,0.0,40.819,21947.53846153846,21947.53846153846,0.0,21947.53846153846,0.0,0.0,0.0,0.0
28,2007.0,0.0,Tuberculosis,All,21947.53846153846,0.0,0.0,,9.996455831390703,1.1041580883072977,0.0,0.0,0.0,21947.53846153846,0.0,40.819,21947.53846153846,21947.53846153846,0.0,21947.53846153846,0.0,0.0,0.0,0.0
29,2007.0,0.0,Tuberculosis,All,21947.53846153846,0.0,0.0,,9.996455831390703,1.1041580883072977,0.0,0.0,0.0,21947.53846153846,0.0,40.819,21947.53846153846,21947.53846153846,0.0,21947.53846153846,0.0,0.0,0.0,0.0
30,2007.0,0.0,Tuberculosis,All,21947.53846153846,0.0,0.0,,9.996455831390703,1.1041580883072977,0.0,0.0,0.0,21947.53846153846,0.0,40.819,21947.53846153846,21947.53846153846,0.0,21947.53846153846,0.0,0.0,0.0,0.0
31,2007.0,0.0,Tuberculosis,All,21947.53846153846,0.0,0.0,,9.996455831390703,1.1041580883072977,0.0,0.0,0.0,21947.53846153846,0.0,40.819,21947.53846153846,21947.53846153846,0.0,21947.53846153846,0.0,0.0,0.0,0.0
32,2007.0,0.0,Tuberculosis,All,21947.53846153846,0.0,0.0,,9.996455831390703,1.1041580883072977,0.0,0.0,0.0,21947.53846153846,0.0,40.819,21947.53846153846,21947.53846153846,0.0,21947.53846153846,0.0,0.0,0.0,0.0
33,2007.0,0.0,Tuberculosis,All,21947.53846153846,0.0,0.0,,9.996455831390703,1.1041580883072977,0.0,0.0,0.0,21947.53846153846,0.0,40.819,21947.53846153846,21947.53846153846,0.0,21947.53846153846,0.0,0.0,0.0,0.0
34,2007.0,0.0,Tuberculosis,All,21947.53846153846,0.0,0.0,,9.996455831390703,1.1041580883072977,0.0,0.0,0.0,21947.53846153846,0.0,40.819,21947.53846153846,21947.53846153846,0.0,21947.53846153846,0.0,0.0,0.0,0.0
35,2007.0,0.0,Tuberculosis,All,21947.53846153846,0.0,0.0,,9.996455831390703,1.1041580883072977,0.0,0.0,0.0,21947.53846153846,0.0,40.819,21947.53846153846,21947.53846153846,0.0,21947.53846153846,0.0,0.0,0.0,0.0
36,2007.0,0.0,Tuberculosis,All,21947.53846153846,0.0,0.0,,9.996455831390703,1.1041580883072977,0.0,0.0,0.0,21947.53846153846,0.0,40.819,21947.53846153846,21947.53846153846,0.0,21947.53846153846,0.0,0.0,0.0,0.0
37,2007.0,0.0,Tuberculosis,All,21947.53846153846,0.0,0.0,,9.996455831390703,1.1041580883072977,0.0,0.0,0.0,21947.53846153846,0.0,40.819,21947.53846153846,21947.53846153846,0.0,21947.53846153846,0.0,0.0,0.0,0.0
38,2007.0,0.0,Tuberculosis,All,21947.53846153846,0.0,0.0,,9.996455831390703,1.1041580883072977,0.0,0.0,0.0,21947.53846153846,0.0,40.819,21947.53846153846,21947.53846153846,0.0,21947.53846153846,0.0,0.0,0.0,0.0
39,2007.0,0.0,Tuberculosis,All,21947.53846153846,0.0,0.0,,9.996455831390703,1.1041580883072977,0.0,0.0,0.0,21947.53846153846,0.0,40.819,21947.53846153846,21947.53846153846,0.0,21947.53846153846,0.0,0.0,0.0,0.0
40,2007.0,0.0,Tuberculosis,All,21947.53846153846,0.0,0.0,,9.996455831390703,1.1041580883072977,0.0,0.0,0.0,21947.53846153846,0.0,40.819,21947.53846153846,21947.53846153846,0.0,21947.53846153846,0.0,0.0,0.0,0.0
41,2007.0,0.0,Tuberculosis,All,21947.53846153846,0.0,0.0,,9.996455831390703,1.1041580883072977,0.0,0.0,0.0,21947.53846153846,0.0,40.819,21947.53846153846,21947.53846153846,0.0,21947.53846153846,0.0,0.0,0.0,0.0
42,2007.0,0.0,Tuberculosis,All,21947.53846153846,0.0,0.0,,9.996455831390703,1.1041580883072977,0.0,0.0,0.0,21947.53846153846,0.0,40.819,21947.53846153846,21947.53846153846,0.0,21947.53846153846,0.0,0.0,0.0,0.0
43,2007.0,0.0,Tuberculosis,All,21947.53846153846,0.0,0.0,,9.996455831390703,1.1041580883072977,0.0,0.0,0.0,21947.53846153846,0.0,40.819,21947.53846153846,21947.53846153846,0.0,21947.53846153846,0.0,0.0,0.0,0.0
44,2007.0,0.0,Tuberculosis,All,21947.53846153846,0.0,0.0,,9.996455831390703,1.1041580883072977,0.0,0.0,0.0,21947.53846153846,0.0,40.819,21947.53846153846,21947.53846153846,0.0,21947.53846153846,0.0,0.0,0.0,0.0
45,2007.0,0.0,Tuberculosis,All,21947.53846153846,0.0,0.0,,9.996455831390703,1.1041580883072977,0.0,0.0,0.0,21947.53846153846,0.0,40.819,21947.53846153846,21947.53846153846,0.0,21947.53846153846,0.0,0.0,0.0,0.0
46,2007.0,0.0,Tuberculosis,All,21947.53846153846,0.0,0.0,,9.996455831390703,1.1041580883072977,0.0,0.0,0.0,21947.53846153846,0.0,40.819,21947.53846153846,21947.53846153846,0.0,21947.53846153846,0.0,0.0,0.0,0.0
47,2007.0,0.0,Tuberculosis,All,21947.53846153846,0.0,0.0,,9.996455831390703,1.1041580883072977,0.0,0.0,0.0,21947.53846153846,0.0,40.819,21947.53846153846,21947.53846153846,0.0,21947.53846153846,0.0,0.0,0.0,0.0
48,2007.0,0.0,Tuberculosis,All,21947.53846153846,0.0,0.0,,9.996455831390703,1.1041580883072977,0.0,0.0,0.0,21947.53846153846,0.0,40.819,21947.53846153846,21947.53846153846,0.0,21947.53846153846,0.0,0.0,0.0,0.0
49,2007.0,0.0,Tuberculosis,All,21947.53846153846,0.0,0.0,,9.996455831390703,1.1041580883072977,0.0,0.0,0.0,21947.53846153846,0.0,40.819,21947.53846153846,21947.53846153846,0.0,21947.53846153846,0.0,0.0,0.0,0.0
50,2007.0,0.0,Tuberculosis,All,21947.53846153846,0.0,0.0,,9.996455831390703,1.1041580883072977,0.0,0.0,0.0,21947.53846153846,0.0,40.819,21947.53846153846,21947.53846153846,0.0,21947.53846153846,0.0,0.0,0.0,0.0
51,2007.0,0.0,Tuberculosis,All,21947.53846153846,0.0,0.0,,9.996455831390703,1.1041580883072977,0.0,0.0,0.0,21947.53846153846,0.0,40.819,21947.53846153846,21947.53846153846,0.0,21947.53846153846,0.0,0.0,0.0,0.0
52,2007.0,0.0,Tuberculosis,All,21947.53846153846,0.0,0.0,,9.996455831390703,1.1041580883072977,0.0,0.0,0.0,21947.53846153846,0.0,40.819,21947.53846153846,21947.53846153846,0.0,21947.53846153846,0.0,0.0,0.0,0.0
1,2008.0,0.0,Tuberculosis,All,22901.865384615383,0.0,0.0,,10.039017307680467,1.254482597569285,0.0,0.0,0.0,22901.865384615383,0.0,41.702,21947.53846153846,21947.53846153846,0.0,22186.12019230769,477.1634615386827,0.0,0.0434821847903041,0.0
2,2008.0,0.0,Tuberculosis,All,22901.865384615383,0.0,0.0,,10.039017307680467,1.254482597569285,0.0,0.0,0.0,22901.865384615383,0.0,41.702,22901.865384615383,22424.701923076922,0.0,22424.701923076922,550.9809059335686,0.0,0.0,0.0
3,2008.0,0.0,Tuberculosis,All,22901.865384615383,0.0,0.0,,10.039017307680467,1.254482597569285,0.0,0.0,0.0,22901.865384615383,0.0,41.702,22901.865384615383,22901.865384615383,0.0,22663.283653846152,477.1634615387024,0.0,0.0,0.0
4,2008.0,0.0,Tuberculosis,All,22901.865384615383,0.0,0.0,,10.039017307680467,1.254482597569285,0.0,0.0,0.0,22901.865384615383,0.0,41.702,22901.865384615383,22901.865384615383,0.0,22901.865384615383,0.0,0.0,0.0,0.0
5,2008.0,0.0,Tuberculosis,All,22901.865384615383,0.0,0.0,,10.039017307680467,1.254482597569285,0.0,0.0,0.0,22901.865384615383,0.0,41.702,22901.865384615383,22901.865384615383,0.0,22901.865384615383,0.0,0.0,0.0,0.0
6,2008.0,0.0,Tuberculosis,All,22901.865384615383,0.0,0.0,,10.039017307680467,1.254482597569285,0.0,0.0,0.0,22901.865384615383,0.0,41.702,22901.865384615383,22901.865384615383,0.0,22901.865384615383,0.0,0.0,0.0,0.0
7,2008.0,0.0,Tuberculosis,All,22901.865384615383,0.0,0.0,,10.039017307680467,1.254482597569285,0.0,0.0,0.0,22901.865384615383,0.0,41.702,22901.865384615383,22901.865384615383,0.0,22901.865384615383,0.0,0.0,0.0,0.0
8,2008.0,0.0,Tuberculosis,All,22901.865384615383,0.0,0.0,,10.039017307680467,1.254482597569285,0.0,0.0,0.0,22901.865384615383,0.0,41.702,22901.865384615383,22901.865384615383,0.0,22901.865384615383,0.0,0.0,0.0,0.0
9,2008.0,0.0,Tuberculosis,All,22901.865384615383,0.0,0.0,,10.039017307680467,1.254482597569285,0.0,0.0,0.0,22901.865384615383,0.0,41.702,22901.865384615383,22901.865384615383,0.0,22901.865384615383,0.0,0.0,0.0,0.0
10,2008.0,0.0,Tuberculosis,All,22901.865384615383,0.0,0.0,,10.039017307680467,1.254482597569285,0.0,0.0,0.0,22901.865384615383,0.0,41.702,22901.865384615383,22901.865384615383,0.0,22901.865384615383,0.0,0.0,0.0,0.0
11,2008.0,0.0,Tuberculosis,All,22901.865384615383,0.0,0.0,,10.039017307680467,1.254482597569285,0.0,0.0,0.0,22901.865384615383,0.0,41.702,22901.865384615383,22901.865384615383,0.0,22901.865384615383,0.0,0.0,0.0,0.0
12,2008.0,0.0,Tuberculosis,All,22901.865384615383,0.0,0.0,,10.039017307680467,1.254482597569285,0.0,0.0,0.0,22901.865384615383,0.0,41.702,22901.865384615383,22901.865384615383,0.0,22901.865384615383,0.0,0.0,0.0,0.0
13,2008.0,0.0,Tuberculosis,All,22901.865384615383,0.0,0.0,,10.039017307680467,1.254482597569285,0.0,0.0,0.0,22901.865384615383,0.0,41.702,22901.865384615383,22901.865384615383,0.0,22901.865384615383,0.0,0.0,0.0,0.0
14,2008.0,0.0,Tuberculosis,All,22901.865384615383,0.0,0.0,,10.039017307680467,1.254482597569285,0.0,0.0,0.0,22901.865384615383,0.0,41.702,22901.865384615383,22901.865384615383,0.0,22901.865384615383,0.0,0.0,0.0,0.0
15,2008.0,0.0,Tuberculosis,All,22901.865384615383,0.0,0.0,,10.039017307680467,1.254482597569285,0.0,0.0,0.0,22901.865384615383,0.0,41.702,22901.865384615383,22901.865384615383,0.0,22901.865384615383,0.0,0.0,0.0,0.0
16,2008.0,0.0,Tuberculosis,All,22901.865384615383,0.0,0.0,,10.039017307680467,1.254482597569285,0.0,0.0,0.0,22901.865384615383,0.0,41.702,22901.865384615383,22901.865384615383,0.0,22901.865384615383,0.0,0.0,0.0,0.0
17,2008.0,0.0,Tuberculosis,All,22901.865384615383,0.0,0.0,,10.039017307680467,1.254482597569285,0.0,0.0,0.0,22901.865384615383,0.0,41.702,22901.865384615383,22901.865384615383,0.0,22901.865384615383,0.0,0.0,0.0,0.0
18,2008.0,0.0,Tuberculosis,All,22901.865384615383,0.0,0.0,,10.039017307680467,1.254482597569285,0.0,0.0,0.0,22901.865384615383,0.0,41.702,22901.865384615383,22901.865384615383,0.0,22901.865384615383,0.0,0.0,0.0,0.0
19,2008.0,0.0,Tuberculosis,All,22901.865384615383,0.0,0.0,,10.039017307680467,1.254482597569285,0.0,0.0,0.0,22901.865384615383,0.0,41.702,22901.865384615383,22901.865384615383,0.0,22901.865384615383,0.0,0.0,0.0,0.0
20,2008.0,0.0,Tuberculosis,All,22901.865384615383,0.0,0.0,,10.039017307680467,1.254482597569285,0.0,0.0,0.0,22901.865384615383,0.0,41.702,22901.865384615383,22901.865384615383,0.0,22901.865384615383,0.0,0.0,0.0,0.0
21,2008.0,0.0,Tuberculosis,All,22901.865384615383,0.0,0.0,,10.039017307680467,1.254482597569285,0.0,0.0,0.0,22901.865384615383,0.0,41.702,22901.865384615383,22901.865384615383,0.0,22901.865384615383,0.0,0.0,0.0,0.0
22,2008.0,0.0,Tuberculosis,All,22901.865384615383,0.0,0.0,,10.039017307680467,1.254482597569285,0.0,0.0,0.0,22901.865384615383,0.0,41.702,22901.865384615383,22901.865384615383,0.0,22901.865384615383,0.0,0.0,0.0,0.0
23,2008.0,0.0,Tuberculosis,All,22901.865384615383,0.0,0.0,,10.039017307680467,1.254482597569285,0.0,0.0,0.0,22901.865384615383,0.0,41.702,22901.865384615383,22901.865384615383,0.0,22901.865384615383,0.0,0.0,0.0,0.0
24,2008.0,0.0,Tuberculosis,All,22901.865384615383,0.0,0.0,,10.039017307680467,1.254482597569285,0.0,0.0,0.0,22901.865384615383,0.0,41.702,22901.865384615383,22901.865384615383,0.0,22901.865384615383,0.0,0.0,0.0,0.0
25,2008.0,0.0,Tuberculosis,All,22901.865384615383,0.0,0.0,,10.039017307680467,1.254482597569285,0.0,0.0,0.0,22901.865384615383,0.0,41.702,22901.865384615383,22901.865384615383,0.0,22901.865384615383,0.0,0.0,0.0,0.0
26,2008.0,0.0,Tuberculosis,All,22901.865384615383,0.0,0.0,,10.039017307680467,1.254482597569285,0.0,0.0,0.0,22901.865384615383,0.0,41.702,22901.865384615383,22901.865384615383,0.0,22901.865384615383,0.0,0.0,0.0,0.0
27,2008.0,0.0,Tuberculosis,All,22901.865384615383,0.0,0.0,,10.039017307680467,1.254482597569285,0.0,0.0,0.0,22901.865384615383,0.0,41.702,22901.865384615383,22901.865384615383,0.0,22901.865384615383,0.0,0.0,0.0,0.0
28,2008.0,0.0,Tuberculosis,All,22901.865384615383,0.0,0.0,,10.039017307680467,1.254482597569285,0.0,0.0,0.0,22901.865384615383,0.0,41.702,22901.865384615383,22901.865384615383,0.0,22901.865384615383,0.0,0.0,0.0,0.0
29,2008.0,0.0,Tuberculosis,All,22901.865384615383,0.0,0.0,,10.039017307680467,1.254482597569285,0.0,0.0,0.0,22901.865384615383,0.0,41.702,22901.865384615383,22901.865384615383,0.0,22901.865384615383,0.0,0.0,0.0,0.0
30,2008.0,0.0,Tuberculosis,All,22901.865384615383,0.0,0.0,,10.039017307680467,1.254482597569285,0.0,0.0,0.0,22901.865384615383,0.0,41.702,22901.865384615383,22901.865384615383,0.0,22901.865384615383,0.0,0.0,0.0,0.0
31,2008.0,0.0,Tuberculosis,All,22901.865384615383,0.0,0.0,,10.039017307680467,1.254482597569285,0.0,0.0,0.0,22901.865384615383,0.0,41.702,22901.865384615383,22901.865384615383,0.0,22901.865384615383,0.0,0.0,0.0,0.0
32,2008.0,0.0,Tuberculosis,All,22901.865384615383,0.0,0.0,,10.039017307680467,1.254482597569285,0.0,0.0,0.0,22901.865384615383,0.0,41.702,22901.865384615383,22901.865384615383,0.0,22901.865384615383,0.0,0.0,0.0,0.0
33,2008.0,0.0,Tuberculosis,All,22901.865384615383,0.0,0.0,,10.039017307680467,1.254482597569285,0.0,0.0,0.0,22901.865384615383,0.0,41.702,22901.865384615383,22901.865384615383,0.0,22901.865384615383,0.0,0.0,0.0,0.0
34,2008.0,0.0,Tuberculosis,All,22901.865384615383,0.0,0.0,,10.039017307680467,1.254482597569285,0.0,0.0,0.0,22901.865384615383,0.0,41.702,22901.865384615383,22901.865384615383,0.0,22901.865384615383,0.0,0.0,0.0,0.0
35,2008.0,0.0,Tuberculosis,All,22901.865384615383,0.0,0.0,,10.039017307680467,1.254482597569285,0.0,0.0,0.0,22901.865384615383,0.0,41.702,22901.865384615383,22901.865384615383,0.0,22901.865384615383,0.0,0.0,0.0,0.0
36,2008.0,0.0,Tuberculosis,All,22901.865384615383,0.0,0.0,,10.039017307680467,1.254482597569285,0.0,0.0,0.0,22901.865384615383,0.0,41.702,22901.865384615383,22901.865384615383,0.0,22901.865384615383,0.0,0.0,0.0,0.0
37,2008.0,0.0,Tuberculosis,All,22901.865384615383,0.0,0.0,,10.039017307680467,1.254482597569285,0.0,0.0,0.0,22901.865384615383,0.0,41.702,22901.865384615383,22901.865384615383,0.0,22901.865384615383,0.0,0.0,0.0,0.0
38,2008.0,0.0,Tuberculosis,All,22901.865384615383,0.0,0.0,,10.039017307680467,1.254482597569285,0.0,0.0,0.0,22901.865384615383,0.0,41.702,22901.865384615383,22901.865384615383,0.0,22901.865384615383,0.0,0.0,0.0,0.0
39,2008.0,0.0,Tuberculosis,All,22901.865384615383,0.0,0.0,,10.039017307680467,1.254482597569285,0.0,0.0,0.0,22901.865384615383,0.0,41.702,22901.865384615383,22901.865384615383,0.0,22901.865384615383,0.0,0.0,0.0,0.0
40,2008.0,0.0,Tuberculosis,All,22901.865384615383,0.0,0.0,,10.039017307680467,1.254482597569285,0.0,0.0,0.0,22901.865384615383,0.0,41.702,22901.865384615383,22901.865384615383,0.0,22901.865384615383,0.0,0.0,0.0,0.0
41,2008.0,0.0,Tuberculosis,All,22901.865384615383,0.0,0.0,,10.039017307680467,1.254482597569285,0.0,0.0,0.0,22901.865384615383,0.0,41.702,22901.865384615383,22901.865384615383,0.0,22901.865384615383,0.0,0.0,0.0,0.0
42,2008.0,0.0,Tuberculosis,All,22901.865384615383,0.0,0.0,,10.039017307680467,1.254482597569285,0.0,0.0,0.0,22901.865384615383,0.0,41.702,22901.865384615383,22901.865384615383,0.0,22901.865384615383,0.0,0.0,0.0,0.0
43,2008.0,0.0,Tuberculosis,All,22901.865384615383,0.0,0.0,,10.039017307680467,1.254482597569285,0.0,0.0,0.0,22901.865384615383,0.0,41.702,22901.865384615383,22901.865384615383,0.0,22901.865384615383,0.0,0.0,0.0,0.0
44,2008.0,0.0,Tuberculosis,All,22901.865384615383,0.0,0.0,,10.039017307680467,1.254482597569285,0.0,0.0,0.0,22901.865384615383,0.0,41.702,22901.865384615383,22901.865384615383,0.0,22901.865384615383,0.0,0.0,0.0,0.0
45,2008.0,0.0,Tuberculosis,All,22901.865384615383,0.0,0.0,,10.039017307680467,1.254482597569285,0.0,0.0,0.0,22901.865384615383,0.0,41.702,22901.865384615383,22901.865384615383,0.0,22901.865384615383,0.0,0.0,0.0,0.0
46,2008.0,0.0,Tuberculosis,All,22901.865384615383,0.0,0.0,,10.039017307680467,1.254482597569285,0.0,0.0,0.0,22901.865384615383,0.0,41.702,22901.865384615383,22901.865384615383,0.0,22901.865384615383,0.0,0.0,0.0,0.0
47,2008.0,0.0,Tuberculosis,All,22901.865384615383,0.0,0.0,,10.039017307680467,1.254482597569285,0.0,0.0,0.0,22901.865384615383,0.0,41.702,22901.865384615383,22901.865384615383,0.0,22901.865384615383,0.0,0.0,0.0,0.0
48,2008.0,0.0,Tuberculosis,All,22901.865384615383,0.0,0.0,,10.039017307680467,1.254482597569285,0.0,0.0,0.0,22901.865384615383,0.0,41.702,22901.865384615383,22901.865384615383,0.0,22901.865384615383,0.0,0.0,0.0,0.0
49,2008.0,0.0,Tuberculosis,All,22901.865384615383,0.0,0.0,,10.039017307680467,1.254482597569285,0.0,0.0,0.0,22901.865384615383,0.0,41.702,22901.865384615383,22901.865384615383,0.0,22901.865384615383,0.0,0.0,0.0,0.0
50,2008.0,0.0,Tuberculosis,All,22901.865384615383,0.0,0.0,,10.039017307680467,1.254482597569285,0.0,0.0,0.0,22901.865384615383,0.0,41.702,22901.865384615383,22901.865384615383,0.0,22901.865384615383,0.0,0.0,0.0,0.0
51,2008.0,0.0,Tuberculosis,All,22901.865384615383,0.0,0.0,,10.039017307680467,1.254482597569285,0.0,0.0,0.0,22901.865384615383,0.0,41.702,22901.865384615383,22901.865384615383,0.0,22901.865384615383,0.0,0.0,0.0,0.0
52,2008.0,0.0,Tuberculosis,All,22901.865384615383,0.0,0.0,,10.039017307680467,1.254482597569285,0.0,0.0,0.0,22901.865384615383,0.0,41.702,22901.865384615383,22901.865384615383,0.0,22901.865384615383,0.0,0.0,0.0,0.0
1,2009.0,0.0,Tuberculosis,All,23415.25,0.0,0.0,,10.061185504775269,1.3353503678314116,0.0,0.0,0.0,23415.25,0.0,42.588,22901.865384615383,22901.865384615383,0.0,23030.21153846154,256.6923076927836,0.0,0.0224167161391792,0.0
2,2009.0,0.0,Tuberculosis,All,23415.25,0.0,0.0,,10.061185504775269,1.3353503678314116,0.0,0.0,0.0,23415.25,0.0,42.588,23415.25,23158.55769230769,0.0,23158.557692307695,296.4027458905395,0.0,0.0,0.0
3,2009.0,0.0,Tuberculosis,All,23415.25,0.0,0.0,,10.061185504775269,1.3353503678314116,0.0,0.0,0.0,23415.25,0.0,42.588,23415.25,23415.25,0.0,23286.903846153844,256.6923076927994,0.0,0.0,0.0
4,2009.0,0.0,Tuberculosis,All,23415.25,0.0,0.0,,10.061185504775269,1.3353503678314116,0.0,0.0,0.0,23415.25,0.0,42.588,23415.25,23415.25,0.0,23415.25,0.0,0.0,0.0,0.0
5,2009.0,0.0,Tuberculosis,All,23415.25,0.0,0.0,,10.061185504775269,1.3353503678314116,0.0,0.0,0.0,23415.25,0.0,42.588,23415.25,23415.25,0.0,23415.25,0.0,0.0,0.0,0.0
6,2009.0,0.0,Tuberculosis,All,23415.25,0.0,0.0,,10.061185504775269,1.3353503678314116,0.0,0.0,0.0,23415.25,0.0,42.588,23415.25,23415.25,0.0,23415.25,0.0,0.0,0.0,0.0
7,2009.0,0.0,Tuberculosis,All,23415.25,0.0,0.0,,10.061185504775269,1.3353503678314116,0.0,0.0,0.0,23415.25,0.0,42.588,23415.25,23415.25,0.0,23415.25,0.0,0.0,0.0,0.0
8,2009.0,0.0,Tuberculosis,All,23415.25,0.0,0.0,,10.061185504775269,1.3353503678314116,0.0,0.0,0.0,23415.25,0.0,42.588,23415.25,23415.25,0.0,23415.25,0.0,0.0,0.0,0.0
9,2009.0,0.0,Tuberculosis,All,23415.25,0.0,0.0,,10.061185504775269,1.3353503678314116,0.0,0.0,0.0,23415.25,0.0,42.588,23415.25,23415.25,0.0,23415.25,0.0,0.0,0.0,0.0
10,2009.0,0.0,Tuberculosis,All,23415.25,0.0,0.0,,10.061185504775269,1.3353503678314116,0.0,0.0,0.0,23415.25,0.0,42.588,23415.25,23415.25,0.0,23415.25,0.0,0.0,0.0,0.0
11,2009.0,0.0,Tuberculosis,All,23415.25,0.0,0.0,,10.061185504775269,1.3353503678314116,0.0,0.0,0.0,23415.25,0.0,42.588,23415.25,23415.25,0.0,23415.25,0.0,0.0,0.0,0.0
12,2009.0,0.0,Tuberculosis,All,23415.25,0.0,0.0,,10.061185504775269,1.3353503678314116,0.0,0.0,0.0,23415.25,0.0,42.588,23415.25,23415.25,0.0,23415.25,0.0,0.0,0.0,0.0
13,2009.0,0.0,Tuberculosis,All,23415.25,0.0,0.0,,10.061185504775269,1.3353503678314116,0.0,0.0,0.0,23415.25,0.0,42.588,23415.25,23415.25,0.0,23415.25,0.0,0.0,0.0,0.0
14,2009.0,0.0,Tuberculosis,All,23415.25,0.0,0.0,,10.061185504775269,1.3353503678314116,0.0,0.0,0.0,23415.25,0.0,42.588,23415.25,23415.25,0.0,23415.25,0.0,0.0,0.0,0.0
15,2009.0,0.0,Tuberculosis,All,23415.25,0.0,0.0,,10.061185504775269,1.3353503678314116,0.0,0.0,0.0,23415.25,0.0,42.588,23415.25,23415.25,0.0,23415.25,0.0,0.0,0.0,0.0
16,2009.0,0.0,Tuberculosis,All,23415.25,0.0,0.0,,10.061185504775269,1.3353503678314116,0.0,0.0,0.0,23415.25,0.0,42.588,23415.25,23415.25,0.0,23415.25,0.0,0.0,0.0,0.0
17,2009.0,0.0,Tuberculosis,All,23415.25,0.0,0.0,,10.061185504775269,1.3353503678314116,0.0,0.0,0.0,23415.25,0.0,42.588,23415.25,23415.25,0.0,23415.25,0.0,0.0,0.0,0.0
18,2009.0,0.0,Tuberculosis,All,23415.25,0.0,0.0,,10.061185504775269,1.3353503678314116,0.0,0.0,0.0,23415.25,0.0,42.588,23415.25,23415.25,0.0,23415.25,0.0,0.0,0.0,0.0
19,2009.0,0.0,Tuberculosis,All,23415.25,0.0,0.0,,10.061185504775269,1.3353503678314116,0.0,0.0,0.0,23415.25,0.0,42.588,23415.25,23415.25,0.0,23415.25,0.0,0.0,0.0,0.0
20,2009.0,0.0,Tuberculosis,All,23415.25,0.0,0.0,,10.061185504775269,1.3353503678314116,0.0,0.0,0.0,23415.25,0.0,42.588,23415.25,23415.25,0.0,23415.25,0.0,0.0,0.0,0.0
21,2009.0,0.0,Tuberculosis,All,23415.25,0.0,0.0,,10.061185504775269,1.3353503678314116,0.0,0.0,0.0,23415.25,0.0,42.588,23415.25,23415.25,0.0,23415.25,0.0,0.0,0.0,0.0
22,2009.0,0.0,Tuberculosis,All,23415.25,0.0,0.0,,10.061185504775269,1.3353503678314116,0.0,0.0,0.0,23415.25,0.0,42.588,23415.25,23415.25,0.0,23415.25,0.0,0.0,0.0,0.0
23,2009.0,0.0,Tuberculosis,All,23415.25,0.0,0.0,,10.061185504775269,1.3353503678314116,0.0,0.0,0.0,23415.25,0.0,42.588,23415.25,23415.25,0.0,23415.25,0.0,0.0,0.0,0.0
24,2009.0,0.0,Tuberculosis,All,23415.25,0.0,0.0,,10.061185504775269,1.3353503678314116,0.0,0.0,0.0,23415.25,0.0,42.588,23415.25,23415.25,0.0,23415.25,0.0,0.0,0.0,0.0
25,2009.0,0.0,Tuberculosis,All,23415.25,0.0,0.0,,10.061185504775269,1.3353503678314116,0.0,0.0,0.0,23415.25,0.0,42.588,23415.25,23415.25,0.0,23415.25,0.0,0.0,0.0,0.0
26,2009.0,0.0,Tuberculosis,All,23415.25,0.0,0.0,,10.061185504775269,1.3353503678314116,0.0,0.0,0.0,23415.25,0.0,42.588,23415.25,23415.25,0.0,23415.25,0.0,0.0,0.0,0.0
27,2009.0,0.0,Tuberculosis,All,23415.25,0.0,0.0,,10.061185504775269,1.3353503678314116,0.0,0.0,0.0,23415.25,0.0,42.588,23415.25,23415.25,0.0,23415.25,0.0,0.0,0.0,0.0
28,2009.0,0.0,Tuberculosis,All,23415.25,0.0,0.0,,10.061185504775269,1.3353503678314116,0.0,0.0,0.0,23415.25,0.0,42.588,23415.25,23415.25,0.0,23415.25,0.0,0.0,0.0,0.0
29,2009.0,0.0,Tuberculosis,All,23415.25,0.0,0.0,,10.061185504775269,1.3353503678314116,0.0,0.0,0.0,23415.25,0.0,42.588,23415.25,23415.25,0.0,23415.25,0.0,0.0,0.0,0.0
30,2009.0,0.0,Tuberculosis,All,23415.25,0.0,0.0,,10.061185504775269,1.3353503678314116,0.0,0.0,0.0,23415.25,0.0,42.588,23415.25,23415.25,0.0,23415.25,0.0,0.0,0.0,0.0
31,2009.0,0.0,Tuberculosis,All,23415.25,0.0,0.0,,10.061185504775269,1.3353503678314116,0.0,0.0,0.0,23415.25,0.0,42.588,23415.25,23415.25,0.0,23415.25,0.0,0.0,0.0,0.0
32,2009.0,0.0,Tuberculosis,All,23415.25,0.0,0.0,,10.061185504775269,1.3353503678314116,0.0,0.0,0.0,23415.25,0.0,42.588,23415.25,23415.25,0.0,23415.25,0.0,0.0,0.0,0.0
33,2009.0,0.0,Tuberculosis,All,23415.25,0.0,0.0,,10.061185504775269,1.3353503678314116,0.0,0.0,0.0,23415.25,0.0,42.588,23415.25,23415.25,0.0,23415.25,0.0,0.0,0.0,0.0
34,2009.0,0.0,Tuberculosis,All,23415.25,0.0,0.0,,10.061185504775269,1.3353503678314116,0.0,0.0,0.0,23415.25,0.0,42.588,23415.25,23415.25,0.0,23415.25,0.0,0.0,0.0,0.0
35,2009.0,0.0,Tuberculosis,All,23415.25,0.0,0.0,,10.061185504775269,1.3353503678314116,0.0,0.0,0.0,23415.25,0.0,42.588,23415.25,23415.25,0.0,23415.25,0.0,0.0,0.0,0.0
36,2009.0,0.0,Tuberculosis,All,23415.25,0.0,0.0,,10.061185504775269,1.3353503678314116,0.0,0.0,0.0,23415.25,0.0,42.588,23415.25,23415.25,0.0,23415.25,0.0,0.0,0.0,0.0
37,2009.0,0.0,Tuberculosis,All,23415.25,0.0,0.0,,10.061185504775269,1.3353503678314116,0.0,0.0,0.0,23415.25,0.0,42.588,23415.25,23415.25,0.0,23415.25,0.0,0.0,0.0,0.0
38,2009.0,0.0,Tuberculosis,All,23415.25,0.0,0.0,,10.061185504775269,1.3353503678314116,0.0,0.0,0.0,23415.25,0.0,42.588,23415.25,23415.25,0.0,23415.25,0.0,0.0,0.0,0.0
39,2009.0,0.0,Tuberculosis,All,23415.25,0.0,0.0,,10.061185504775269,1.3353503678314116,0.0,0.0,0.0,23415.25,0.0,42.588,23415.25,23415.25,0.0,23415.25,0.0,0.0,0.0,0.0
40,2009.0,0.0,Tuberculosis,All,23415.25,0.0,0.0,,10.061185504775269,1.3353503678314116,0.0,0.0,0.0,23415.25,0.0,42.588,23415.25,23415.25,0.0,23415.25,0.0,0.0,0.0,0.0
41,2009.0,0.0,Tuberculosis,All,23415.25,0.0,0.0,,10.061185504775269,1.3353503678314116,0.0,0.0,0.0,23415.25,0.0,42.588,23415.25,23415.25,0.0,23415.25,0.0,0.0,0.0,0.0
42,2009.0,0.0,Tuberculosis,All,23415.25,0.0,0.0,,10.061185504775269,1.3353503678314116,0.0,0.0,0.0,23415.25,0.0,42.588,23415.25,23415.25,0.0,23415.25,0.0,0.0,0.0,0.0
43,2009.0,0.0,Tuberculosis,All,23415.25,0.0,0.0,,10.061185504775269,1.3353503678314116,0.0,0.0,0.0,23415.25,0.0,42.588,23415.25,23415.25,0.0,23415.25,0.0,0.0,0.0,0.0
44,2009.0,0.0,Tuberculosis,All,23415.25,0.0,0.0,,10.061185504775269,1.3353503678314116,0.0,0.0,0.0,23415.25,0.0,42.588,23415.25,23415.25,0.0,23415.25,0.0,0.0,0.0,0.0
45,2009.0,0.0,Tuberculosis,All,23415.25,0.0,0.0,,10.061185504775269,1.3353503678314116,0.0,0.0,0.0,23415.25,0.0,42.588,23415.25,23415.25,0.0,23415.25,0.0,0.0,0.0,0.0
46,2009.0,0.0,Tuberculosis,All,23415.25,0.0,0.0,,10.061185504775269,1.3353503678314116,0.0,0.0,0.0,23415.25,0.0,42.588,23415.25,23415.25,0.0,23415.25,0.0,0.0,0.0,0.0
47,2009.0,0.0,Tuberculosis,All,23415.25,0.0,0.0,,10.061185504775269,1.3353503678314116,0.0,0.0,0.0,23415.25,0.0,42.588,23415.25,23415.25,0.0,23415.25,0.0,0.0,0.0,0.0
48,2009.0,0.0,Tuberculosis,All,23415.25,0.0,0.0,,10.061185504775269,1.3353503678314116,0.0,0.0,0.0,23415.25,0.0,42.588,23415.25,23415.25,0.0,23415.25,0.0,0.0,0.0,0.0
49,2009.0,0.0,Tuberculosis,All,23415.25,0.0,0.0,,10.061185504775269,1.3353503678314116,0.0,0.0,0.0,23415.25,0.0,42.588,23415.25,23415.25,0.0,23415.25,0.0,0.0,0.0,0.0
50,2009.0,0.0,Tuberculosis,All,23415.25,0.0,0.0,,10.061185504775269,1.3353503678314116,0.0,0.0,0.0,23415.25,0.0,42.588,23415.25,23415.25,0.0,23415.25,0.0,0.0,0.0,0.0
51,2009.0,0.0,Tuberculosis,All,23415.25,0.0,0.0,,10.061185504775269,1.3353503678314116,0.0,0.0,0.0,23415.25,0.0,42.588,23415.25,23415.25,0.0,23415.25,0.0,0.0,0.0,0.0
52,2009.0,0.0,Tuberculosis,All,23415.25,0.0,0.0,,10.061185504775269,1.3353503678314116,0.0,0.0,0.0,23415.25,0.0,42.588,23415.25,23415.25,0.0,23415.25,0.0,0.0,0.0,0.0
1,2010.0,0.0,Tuberculosis,All,23536.653846153848,0.0,0.0,,10.066356709158761,1.3544737658560149,0.0,0.0,0.0,23536.653846153848,0.0,43.48,23415.25,23415.25,0.0,23445.600961538465,60.70192307904635,0.0,0.005184819557931158,0.0
2,2010.0,0.0,Tuberculosis,All,23536.653846153848,0.0,0.0,,10.066356709158761,1.3544737658560149,0.0,0.0,0.0,23536.653846153848,0.0,43.48,23536.653846153848,23475.951923076922,0.0,23475.951923076922,70.09254325942737,0.0,0.0,0.0
3,2010.0,0.0,Tuberculosis,All,23536.653846153848,0.0,0.0,,10.066356709158761,1.3544737658560149,0.0,0.0,0.0,23536.653846153848,0.0,43.48,23536.653846153848,23536.653846153848,0.0,23506.302884615383,60.70192307906818,0.0,0.0,0.0
4,2010.0,0.0,Tuberculosis,All,23536.653846153848,0.0,0.0,,10.066356709158761,1.3544737658560149,0.0,0.0,0.0,23536.653846153848,0.0,43.48,23536.653846153848,23536.653846153848,0.0,23536.653846153848,0.0,0.0,0.0,0.0
5,2010.0,0.0,Tuberculosis,All,23536.653846153848,0.0,0.0,,10.066356709158761,1.3544737658560149,0.0,0.0,0.0,23536.653846153848,0.0,43.48,23536.653846153848,23536.653846153848,0.0,23536.653846153848,0.0,0.0,0.0,0.0
6,2010.0,0.0,Tuberculosis,All,23536.653846153848,0.0,0.0,,10.066356709158761,1.3544737658560149,0.0,0.0,0.0,23536.653846153848,0.0,43.48,23536.653846153848,23536.653846153848,0.0,23536.653846153848,0.0,0.0,0.0,0.0
7,2010.0,0.0,Tuberculosis,All,23536.653846153848,0.0,0.0,,10.066356709158761,1.3544737658560149,0.0,0.0,0.0,23536.653846153848,0.0,43.48,23536.653846153848,23536.653846153848,0.0,23536.653846153848,0.0,0.0,0.0,0.0
8,2010.0,0.0,Tuberculosis,All,23536.653846153848,0.0,0.0,,10.066356709158761,1.3544737658560149,0.0,0.0,0.0,23536.653846153848,0.0,43.48,23536.653846153848,23536.653846153848,0.0,23536.653846153848,0.0,0.0,0.0,0.0
9,2010.0,0.0,Tuberculosis,All,23536.653846153848,0.0,0.0,,10.066356709158761,1.3544737658560149,0.0,0.0,0.0,23536.653846153848,0.0,43.48,23536.653846153848,23536.653846153848,0.0,23536.653846153848,0.0,0.0,0.0,0.0
10,2010.0,0.0,Tuberculosis,All,23536.653846153848,0.0,0.0,,10.066356709158761,1.3544737658560149,0.0,0.0,0.0,23536.653846153848,0.0,43.48,23536.653846153848,23536.653846153848,0.0,23536.653846153848,0.0,0.0,0.0,0.0
11,2010.0,0.0,Tuberculosis,All,23536.653846153848,0.0,0.0,,10.066356709158761,1.3544737658560149,0.0,0.0,0.0,23536.653846153848,0.0,43.48,23536.653846153848,23536.653846153848,0.0,23536.653846153848,0.0,0.0,0.0,0.0
12,2010.0,0.0,Tuberculosis,All,23536.653846153848,0.0,0.0,,10.066356709158761,1.3544737658560149,0.0,0.0,0.0,23536.653846153848,0.0,43.48,23536.653846153848,23536.653846153848,0.0,23536.653846153848,0.0,0.0,0.0,0.0
13,2010.0,0.0,Tuberculosis,All,23536.653846153848,0.0,0.0,,10.066356709158761,1.3544737658560149,0.0,0.0,0.0,23536.653846153848,0.0,43.48,23536.653846153848,23536.653846153848,0.0,23536.653846153848,0.0,0.0,0.0,0.0
14,2010.0,0.0,Tuberculosis,All,23536.653846153848,0.0,0.0,,10.066356709158761,1.3544737658560149,0.0,0.0,0.0,23536.653846153848,0.0,43.48,23536.653846153848,23536.653846153848,0.0,23536.653846153848,0.0,0.0,0.0,0.0
15,2010.0,0.0,Tuberculosis,All,23536.653846153848,0.0,0.0,,10.066356709158761,1.3544737658560149,0.0,0.0,0.0,23536.653846153848,0.0,43.48,23536.653846153848,23536.653846153848,0.0,23536.653846153848,0.0,0.0,0.0,0.0
16,2010.0,0.0,Tuberculosis,All,23536.653846153848,0.0,0.0,,10.066356709158761,1.3544737658560149,0.0,0.0,0.0,23536.653846153848,0.0,43.48,23536.653846153848,23536.653846153848,0.0,23536.653846153848,0.0,0.0,0.0,0.0
17,2010.0,0.0,Tuberculosis,All,23536.653846153848,0.0,0.0,,10.066356709158761,1.3544737658560149,0.0,0.0,0.0,23536.653846153848,0.0,43.48,23536.653846153848,23536.653846153848,0.0,23536.653846153848,0.0,0.0,0.0,0.0
18,2010.0,0.0,Tuberculosis,All,23536.653846153848,0.0,0.0,,10.066356709158761,1.3544737658560149,0.0,0.0,0.0,23536.653846153848,0.0,43.48,23536.653846153848,23536.653846153848,0.0,23536.653846153848,0.0,0.0,0.0,0.0
19,2010.0,0.0,Tuberculosis,All,23536.653846153848,0.0,0.0,,10.066356709158761,1.3544737658560149,0.0,0.0,0.0,23536.653846153848,0.0,43.48,23536.653846153848,23536.653846153848,0.0,23536.653846153848,0.0,0.0,0.0,0.0
20,2010.0,0.0,Tuberculosis,All,23536.653846153848,0.0,0.0,,10.066356709158761,1.3544737658560149,0.0,0.0,0.0,23536.653846153848,0.0,43.48,23536.653846153848,23536.653846153848,0.0,23536.653846153848,0.0,0.0,0.0,0.0
21,2010.0,0.0,Tuberculosis,All,23536.653846153848,0.0,0.0,,10.066356709158761,1.3544737658560149,0.0,0.0,0.0,23536.653846153848,0.0,43.48,23536.653846153848,23536.653846153848,0.0,23536.653846153848,0.0,0.0,0.0,0.0
22,2010.0,0.0,Tuberculosis,All,23536.653846153848,0.0,0.0,,10.066356709158761,1.3544737658560149,0.0,0.0,0.0,23536.653846153848,0.0,43.48,23536.653846153848,23536.653846153848,0.0,23536.653846153848,0.0,0.0,0.0,0.0
23,2010.0,0.0,Tuberculosis,All,23536.653846153848,0.0,0.0,,10.066356709158761,1.3544737658560149,0.0,0.0,0.0,23536.653846153848,0.0,43.48,23536.653846153848,23536.653846153848,0.0,23536.653846153848,0.0,0.0,0.0,0.0
24,2010.0,0.0,Tuberculosis,All,23536.653846153848,0.0,0.0,,10.066356709158761,1.3544737658560149,0.0,0.0,0.0,23536.653846153848,0.0,43.48,23536.653846153848,23536.653846153848,0.0,23536.653846153848,0.0,0.0,0.0,0.0
25,2010.0,0.0,Tuberculosis,All,23536.653846153848,0.0,0.0,,10.066356709158761,1.3544737658560149,0.0,0.0,0.0,23536.653846153848,0.0,43.48,23536.653846153848,23536.653846153848,0.0,23536.653846153848,0.0,0.0,0.0,0.0
26,2010.0,0.0,Tuberculosis,All,23536.653846153848,0.0,0.0,,10.066356709158761,1.3544737658560149,0.0,0.0,0.0,23536.653846153848,0.0,43.48,23536.653846153848,23536.653846153848,0.0,23536.653846153848,0.0,0.0,0.0,0.0
27,2010.0,0.0,Tuberculosis,All,23536.653846153848,0.0,0.0,,10.066356709158761,1.3544737658560149,0.0,0.0,0.0,23536.653846153848,0.0,43.48,23536.653846153848,23536.653846153848,0.0,23536.653846153848,0.0,0.0,0.0,0.0
28,2010.0,0.0,Tuberculosis,All,23536.653846153848,0.0,0.0,,10.066356709158761,1.3544737658560149,0.0,0.0,0.0,23536.653846153848,0.0,43.48,23536.653846153848,23536.653846153848,0.0,23536.653846153848,0.0,0.0,0.0,0.0
29,2010.0,0.0,Tuberculosis,All,23536.653846153848,0.0,0.0,,10.066356709158761,1.3544737658560149,0.0,0.0,0.0,23536.653846153848,0.0,43.48,23536.653846153848,23536.653846153848,0.0,23536.653846153848,0.0,0.0,0.0,0.0
30,2010.0,0.0,Tuberculosis,All,23536.653846153848,0.0,0.0,,10.066356709158761,1.3544737658560149,0.0,0.0,0.0,23536.653846153848,0.0,43.48,23536.653846153848,23536.653846153848,0.0,23536.653846153848,0.0,0.0,0.0,0.0
31,2010.0,0.0,Tuberculosis,All,23536.653846153848,0.0,0.0,,10.066356709158761,1.3544737658560149,0.0,0.0,0.0,23536.653846153848,0.0,43.48,23536.653846153848,23536.653846153848,0.0,23536.653846153848,0.0,0.0,0.0,0.0
32,2010.0,0.0,Tuberculosis,All,23536.653846153848,0.0,0.0,,10.066356709158761,1.3544737658560149,0.0,0.0,0.0,23536.653846153848,0.0,43.48,23536.653846153848,23536.653846153848,0.0,23536.653846153848,0.0,0.0,0.0,0.0
33,2010.0,0.0,Tuberculosis,All,23536.653846153848,0.0,0.0,,10.066356709158761,1.3544737658560149,0.0,0.0,0.0,23536.653846153848,0.0,43.48,23536.653846153848,23536.653846153848,0.0,23536.653846153848,0.0,0.0,0.0,0.0
34,2010.0,0.0,Tuberculosis,All,23536.653846153848,0.0,0.0,,10.066356709158761,1.3544737658560149,0.0,0.0,0.0,23536.653846153848,0.0,43.48,23536.653846153848,23536.653846153848,0.0,23536.653846153848,0.0,0.0,0.0,0.0
35,2010.0,0.0,Tuberculosis,All,23536.653846153848,0.0,0.0,,10.066356709158761,1.3544737658560149,0.0,0.0,0.0,23536.653846153848,0.0,43.48,23536.653846153848,23536.653846153848,0.0,23536.653846153848,0.0,0.0,0.0,0.0
36,2010.0,0.0,Tuberculosis,All,23536.653846153848,0.0,0.0,,10.066356709158761,1.3544737658560149,0.0,0.0,0.0,23536.653846153848,0.0,43.48,23536.653846153848,23536.653846153848,0.0,23536.653846153848,0.0,0.0,0.0,0.0
37,2010.0,0.0,Tuberculosis,All,23536.653846153848,0.0,0.0,,10.066356709158761,1.3544737658560149,0.0,0.0,0.0,23536.653846153848,0.0,43.48,23536.653846153848,23536.653846153848,0.0,23536.653846153848,0.0,0.0,0.0,0.0
38,2010.0,0.0,Tuberculosis,All,23536.653846153848,0.0,0.0,,10.066356709158761,1.3544737658560149,0.0,0.0,0.0,23536.653846153848,0.0,43.48,23536.653846153848,23536.653846153848,0.0,23536.653846153848,0.0,0.0,0.0,0.0
39,2010.0,0.0,Tuberculosis,All,23536.653846153848,0.0,0.0,,10.066356709158761,1.3544737658560149,0.0,0.0,0.0,23536.653846153848,0.0,43.48,23536.653846153848,23536.653846153848,0.0,23536.653846153848,0.0,0.0,0.0,0.0
40,2010.0,0.0,Tuberculosis,All,23536.653846153848,0.0,0.0,,10.066356709158761,1.3544737658560149,0.0,0.0,0.0,23536.653846153848,0.0,43.48,23536.653846153848,23536.653846153848,0.0,23536.653846153848,0.0,0.0,0.0,0.0
41,2010.0,0.0,Tuberculosis,All,23536.653846153848,0.0,0.0,,10.066356709158761,1.3544737658560149,0.0,0.0,0.0,23536.653846153848,0.0,43.48,23536.653846153848,23536.653846153848,0.0,23536.653846153848,0.0,0.0,0.0,0.0
42,2010.0,0.0,Tuberculosis,All,23536.653846153848,0.0,0.0,,10.066356709158761,1.3544737658560149,0.0,0.0,0.0,23536.653846153848,0.0,43.48,23536.653846153848,23536.653846153848,0.0,23536.653846153848,0.0,0.0,0.0,0.0
43,2010.0,0.0,Tuberculosis,All,23536.653846153848,0.0,0.0,,10.066356709158761,1.3544737658560149,0.0,0.0,0.0,23536.653846153848,0.0,43.48,23536.653846153848,23536.653846153848,0.0,23536.653846153848,0.0,0.0,0.0,0.0
44,2010.0,0.0,Tuberculosis,All,23536.653846153848,0.0,0.0,,10.066356709158761,1.3544737658560149,0.0,0.0,0.0,23536.653846153848,0.0,43.48,23536.653846153848,23536.653846153848,0.0,23536.653846153848,0.0,0.0,0.0,0.0
45,2010.0,0.0,Tuberculosis,All,23536.653846153848,0.0,0.0,,10.066356709158761,1.3544737658560149,0.0,0.0,0.0,23536.653846153848,0.0,43.48,23536.653846153848,23536.653846153848,0.0,23536.653846153848,0.0,0.0,0.0,0.0
46,2010.0,0.0,Tuberculosis,All,23536.653846153848,0.0,0.0,,10.066356709158761,1.3544737658560149,0.0,0.0,0.0,23536.653846153848,0.0,43.48,23536.653846153848,23536.653846153848,0.0,23536.653846153848,0.0,0.0,0.0,0.0
47,2010.0,0.0,Tuberculosis,All,23536.653846153848,0.0,0.0,,10.066356709158761,1.3544737658560149,0.0,0.0,0.0,23536.653846153848,0.0,43.48,23536.653846153848,23536.653846153848,0.0,23536.653846153848,0.0,0.0,0.0,0.0
48,2010.0,0.0,Tuberculosis,All,23536.653846153848,0.0,0.0,,10.066356709158761,1.3544737658560149,0.0,0.0,0.0,23536.653846153848,0.0,43.48,23536.653846153848,23536.653846153848,0.0,23536.653846153848,0.0,0.0,0.0,0.0
49,2010.0,0.0,Tuberculosis,All,23536.653846153848,0.0,0.0,,10.066356709158761,1.3544737658560149,0.0,0.0,0.0,23536.653846153848,0.0,43.48,23536.653846153848,23536.653846153848,0.0,23536.653846153848,0.0,0.0,0.0,0.0
50,2010.0,0.0,Tuberculosis,All,23536.653846153848,0.0,0.0,,10.066356709158761,1.3544737658560149,0.0,0.0,0.0,23536.653846153848,0.0,43.48,23536.653846153848,23536.653846153848,0.0,23536.653846153848,0.0,0.0,0.0,0.0
51,2010.0,0.0,Tuberculosis,All,23536.653846153848,0.0,0.0,,10.066356709158761,1.3544737658560149,0.0,0.0,0.0,23536.653846153848,0.0,43.48,23536.653846153848,23536.653846153848,0.0,23536.653846153848,0.0,0.0,0.0,0.0
52,2010.0,0.0,Tuberculosis,All,23536.653846153848,0.0,0.0,,10.066356709158761,1.3544737658560149,0.0,0.0,0.0,23536.653846153848,0.0,43.48,23536.653846153848,23536.653846153848,0.0,23536.653846153848,0.0,0.0,0.0,0.0
1,2011.0,0.0,Tuberculosis,All,24401.98076923077,0.0,0.0,,10.102460566493434,1.490779094687484,0.0,0.0,0.0,24401.98076923077,0.0,44.366,23536.653846153848,23536.653846153848,0.0,23752.985576923078,432.66346153877583,0.0,0.036765078363861226,0.0
2,2011.0,0.0,Tuberculosis,All,24401.98076923077,0.0,0.0,,10.102460566493434,1.490779094687484,0.0,0.0,0.0,24401.98076923077,0.0,44.366,24401.98076923077,23969.31730769231,0.0,23969.31730769231,499.5967319757747,0.0,0.0,0.0
3,2011.0,0.0,Tuberculosis,All,24401.98076923077,0.0,0.0,,10.102460566493434,1.490779094687484,0.0,0.0,0.0,24401.98076923077,0.0,44.366,24401.98076923077,24401.98076923077,0.0,24185.64903846154,432.6634615387998,0.0,0.0,0.0
4,2011.0,0.0,Tuberculosis,All,24401.98076923077,0.0,0.0,,10.102460566493434,1.490779094687484,0.0,0.0,0.0,24401.98076923077,0.0,44.366,24401.98076923077,24401.98076923077,0.0,24401.98076923077,0.0,0.0,0.0,0.0
5,2011.0,0.0,Tuberculosis,All,24401.98076923077,0.0,0.0,,10.102460566493434,1.490779094687484,0.0,0.0,0.0,24401.98076923077,0.0,44.366,24401.98076923077,24401.98076923077,0.0,24401.98076923077,0.0,0.0,0.0,0.0
6,2011.0,0.0,Tuberculosis,All,24401.98076923077,0.0,0.0,,10.102460566493434,1.490779094687484,0.0,0.0,0.0,24401.98076923077,0.0,44.366,24401.98076923077,24401.98076923077,0.0,24401.98076923077,0.0,0.0,0.0,0.0
7,2011.0,0.0,Tuberculosis,All,24401.98076923077,0.0,0.0,,10.102460566493434,1.490779094687484,0.0,0.0,0.0,24401.98076923077,0.0,44.366,24401.98076923077,24401.98076923077,0.0,24401.98076923077,0.0,0.0,0.0,0.0
8,2011.0,0.0,Tuberculosis,All,24401.98076923077,0.0,0.0,,10.102460566493434,1.490779094687484,0.0,0.0,0.0,24401.98076923077,0.0,44.366,24401.98076923077,24401.98076923077,0.0,24401.98076923077,0.0,0.0,0.0,0.0
9,2011.0,0.0,Tuberculosis,All,24401.98076923077,0.0,0.0,,10.102460566493434,1.490779094687484,0.0,0.0,0.0,24401.98076923077,0.0,44.366,24401.98076923077,24401.98076923077,0.0,24401.98076923077,0.0,0.0,0.0,0.0
10,2011.0,0.0,Tuberculosis,All,24401.98076923077,0.0,0.0,,10.102460566493434,1.490779094687484,0.0,0.0,0.0,24401.98076923077,0.0,44.366,24401.98076923077,24401.98076923077,0.0,24401.98076923077,0.0,0.0,0.0,0.0
11,2011.0,0.0,Tuberculosis,All,24401.98076923077,0.0,0.0,,10.102460566493434,1.490779094687484,0.0,0.0,0.0,24401.98076923077,0.0,44.366,24401.98076923077,24401.98076923077,0.0,24401.98076923077,0.0,0.0,0.0,0.0
12,2011.0,0.0,Tuberculosis,All,24401.98076923077,0.0,0.0,,10.102460566493434,1.490779094687484,0.0,0.0,0.0,24401.98076923077,0.0,44.366,24401.98076923077,24401.98076923077,0.0,24401.98076923077,0.0,0.0,0.0,0.0
13,2011.0,0.0,Tuberculosis,All,24401.98076923077,0.0,0.0,,10.102460566493434,1.490779094687484,0.0,0.0,0.0,24401.98076923077,0.0,44.366,24401.98076923077,24401.98076923077,0.0,24401.98076923077,0.0,0.0,0.0,0.0
14,2011.0,0.0,Tuberculosis,All,24401.98076923077,0.0,0.0,,10.102460566493434,1.490779094687484,0.0,0.0,0.0,24401.98076923077,0.0,44.366,24401.98076923077,24401.98076923077,0.0,24401.98076923077,0.0,0.0,0.0,0.0
15,2011.0,0.0,Tuberculosis,All,24401.98076923077,0.0,0.0,,10.102460566493434,1.490779094687484,0.0,0.0,0.0,24401.98076923077,0.0,44.366,24401.98076923077,24401.98076923077,0.0,24401.98076923077,0.0,0.0,0.0,0.0
16,2011.0,0.0,Tuberculosis,All,24401.98076923077,0.0,0.0,,10.102460566493434,1.490779094687484,0.0,0.0,0.0,24401.98076923077,0.0,44.366,24401.98076923077,24401.98076923077,0.0,24401.98076923077,0.0,0.0,0.0,0.0
17,2011.0,0.0,Tuberculosis,All,24401.98076923077,0.0,0.0,,10.102460566493434,1.490779094687484,0.0,0.0,0.0,24401.98076923077,0.0,44.366,24401.98076923077,24401.98076923077,0.0,24401.98076923077,0.0,0.0,0.0,0.0
18,2011.0,0.0,Tuberculosis,All,24401.98076923077,0.0,0.0,,10.102460566493434,1.490779094687484,0.0,0.0,0.0,24401.98076923077,0.0,44.366,24401.98076923077,24401.98076923077,0.0,24401.98076923077,0.0,0.0,0.0,0.0
19,2011.0,0.0,Tuberculosis,All,24401.98076923077,0.0,0.0,,10.102460566493434,1.490779094687484,0.0,0.0,0.0,24401.98076923077,0.0,44.366,24401.98076923077,24401.98076923077,0.0,24401.98076923077,0.0,0.0,0.0,0.0
20,2011.0,0.0,Tuberculosis,All,24401.98076923077,0.0,0.0,,10.102460566493434,1.490779094687484,0.0,0.0,0.0,24401.98076923077,0.0,44.366,24401.98076923077,24401.98076923077,0.0,24401.98076923077,0.0,0.0,0.0,0.0
21,2011.0,0.0,Tuberculosis,All,24401.98076923077,0.0,0.0,,10.102460566493434,1.490779094687484,0.0,0.0,0.0,24401.98076923077,0.0,44.366,24401.98076923077,24401.98076923077,0.0,24401.98076923077,0.0,0.0,0.0,0.0
22,2011.0,0.0,Tuberculosis,All,24401.98076923077,0.0,0.0,,10.102460566493434,1.490779094687484,0.0,0.0,0.0,24401.98076923077,0.0,44.366,24401.98076923077,24401.98076923077,0.0,24401.98076923077,0.0,0.0,0.0,0.0
23,2011.0,0.0,Tuberculosis,All,24401.98076923077,0.0,0.0,,10.102460566493434,1.490779094687484,0.0,0.0,0.0,24401.98076923077,0.0,44.366,24401.98076923077,24401.98076923077,0.0,24401.98076923077,0.0,0.0,0.0,0.0
24,2011.0,0.0,Tuberculosis,All,24401.98076923077,0.0,0.0,,10.102460566493434,1.490779094687484,0.0,0.0,0.0,24401.98076923077,0.0,44.366,24401.98076923077,24401.98076923077,0.0,24401.98076923077,0.0,0.0,0.0,0.0
25,2011.0,0.0,Tuberculosis,All,24401.98076923077,0.0,0.0,,10.102460566493434,1.490779094687484,0.0,0.0,0.0,24401.98076923077,0.0,44.366,24401.98076923077,24401.98076923077,0.0,24401.98076923077,0.0,0.0,0.0,0.0
26,2011.0,0.0,Tuberculosis,All,24401.98076923077,0.0,0.0,,10.102460566493434,1.490779094687484,0.0,0.0,0.0,24401.98076923077,0.0,44.366,24401.98076923077,24401.98076923077,0.0,24401.98076923077,0.0,0.0,0.0,0.0
27,2011.0,0.0,Tuberculosis,All,24401.98076923077,0.0,0.0,,10.102460566493434,1.490779094687484,0.0,0.0,0.0,24401.98076923077,0.0,44.366,24401.98076923077,24401.98076923077,0.0,24401.98076923077,0.0,0.0,0.0,0.0
28,2011.0,0.0,Tuberculosis,All,24401.98076923077,0.0,0.0,,10.102460566493434,1.490779094687484,0.0,0.0,0.0,24401.98076923077,0.0,44.366,24401.98076923077,24401.98076923077,0.0,24401.98076923077,0.0,0.0,0.0,0.0
29,2011.0,0.0,Tuberculosis,All,24401.98076923077,0.0,0.0,,10.102460566493434,1.490779094687484,0.0,0.0,0.0,24401.98076923077,0.0,44.366,24401.98076923077,24401.98076923077,0.0,24401.98076923077,0.0,0.0,0.0,0.0
30,2011.0,0.0,Tuberculosis,All,24401.98076923077,0.0,0.0,,10.102460566493434,1.490779094687484,0.0,0.0,0.0,24401.98076923077,0.0,44.366,24401.98076923077,24401.98076923077,0.0,24401.98076923077,0.0,0.0,0.0,0.0
31,2011.0,0.0,Tuberculosis,All,24401.98076923077,0.0,0.0,,10.102460566493434,1.490779094687484,0.0,0.0,0.0,24401.98076923077,0.0,44.366,24401.98076923077,24401.98076923077,0.0,24401.98076923077,0.0,0.0,0.0,0.0
32,2011.0,0.0,Tuberculosis,All,24401.98076923077,0.0,0.0,,10.102460566493434,1.490779094687484,0.0,0.0,0.0,24401.98076923077,0.0,44.366,24401.98076923077,24401.98076923077,0.0,24401.98076923077,0.0,0.0,0.0,0.0
33,2011.0,0.0,Tuberculosis,All,24401.98076923077,0.0,0.0,,10.102460566493434,1.490779094687484,0.0,0.0,0.0,24401.98076923077,0.0,44.366,24401.98076923077,24401.98076923077,0.0,24401.98076923077,0.0,0.0,0.0,0.0
34,2011.0,0.0,Tuberculosis,All,24401.98076923077,0.0,0.0,,10.102460566493434,1.490779094687484,0.0,0.0,0.0,24401.98076923077,0.0,44.366,24401.98076923077,24401.98076923077,0.0,24401.98076923077,0.0,0.0,0.0,0.0
35,2011.0,0.0,Tuberculosis,All,24401.98076923077,0.0,0.0,,10.102460566493434,1.490779094687484,0.0,0.0,0.0,24401.98076923077,0.0,44.366,24401.98076923077,24401.98076923077,0.0,24401.98076923077,0.0,0.0,0.0,0.0
36,2011.0,0.0,Tuberculosis,All,24401.98076923077,0.0,0.0,,10.102460566493434,1.490779094687484,0.0,0.0,0.0,24401.98076923077,0.0,44.366,24401.98076923077,24401.98076923077,0.0,24401.98076923077,0.0,0.0,0.0,0.0
37,2011.0,0.0,Tuberculosis,All,24401.98076923077,0.0,0.0,,10.102460566493434,1.490779094687484,0.0,0.0,0.0,24401.98076923077,0.0,44.366,24401.98076923077,24401.98076923077,0.0,24401.98076923077,0.0,0.0,0.0,0.0
38,2011.0,0.0,Tuberculosis,All,24401.98076923077,0.0,0.0,,10.102460566493434,1.490779094687484,0.0,0.0,0.0,24401.98076923077,0.0,44.366,24401.98076923077,24401.98076923077,0.0,24401.98076923077,0.0,0.0,0.0,0.0
39,2011.0,0.0,Tuberculosis,All,24401.98076923077,0.0,0.0,,10.102460566493434,1.490779094687484,0.0,0.0,0.0,24401.98076923077,0.0,44.366,24401.98076923077,24401.98076923077,0.0,24401.98076923077,0.0,0.0,0.0,0.0
40,2011.0,0.0,Tuberculosis,All,24401.98076923077,0.0,0.0,,10.102460566493434,1.490779094687484,0.0,0.0,0.0,24401.98076923077,0.0,44.366,24401.98076923077,24401.98076923077,0.0,24401.98076923077,0.0,0.0,0.0,0.0
41,2011.0,0.0,Tuberculosis,All,24401.98076923077,0.0,0.0,,10.102460566493434,1.490779094687484,0.0,0.0,0.0,24401.98076923077,0.0,44.366,24401.98076923077,24401.98076923077,0.0,24401.98076923077,0.0,0.0,0.0,0.0
42,2011.0,0.0,Tuberculosis,All,24401.98076923077,0.0,0.0,,10.102460566493434,1.490779094687484,0.0,0.0,0.0,24401.98076923077,0.0,44.366,24401.98076923077,24401.98076923077,0.0,24401.98076923077,0.0,0.0,0.0,0.0
43,2011.0,0.0,Tuberculosis,All,24401.98076923077,0.0,0.0,,10.102460566493434,1.490779094687484,0.0,0.0,0.0,24401.98076923077,0.0,44.366,24401.98076923077,24401.98076923077,0.0,24401.98076923077,0.0,0.0,0.0,0.0
44,2011.0,0.0,Tuberculosis,All,24401.98076923077,0.0,0.0,,10.102460566493434,1.490779094687484,0.0,0.0,0.0,24401.98076923077,0.0,44.366,24401.98076923077,24401.98076923077,0.0,24401.98076923077,0.0,0.0,0.0,0.0
45,2011.0,0.0,Tuberculosis,All,24401.98076923077,0.0,0.0,,10.102460566493434,1.490779094687484,0.0,0.0,0.0,24401.98076923077,0.0,44.366,24401.98076923077,24401.98076923077,0.0,24401.98076923077,0.0,0.0,0.0,0.0
46,2011.0,0.0,Tuberculosis,All,24401.98076923077,0.0,0.0,,10.102460566493434,1.490779094687484,0.0,0.0,0.0,24401.98076923077,0.0,44.366,24401.98076923077,24401.98076923077,0.0,24401.98076923077,0.0,0.0,0.0,0.0
47,2011.0,0.0,Tuberculosis,All,24401.98076923077,0.0,0.0,,10.102460566493434,1.490779094687484,0.0,0.0,0.0,24401.98076923077,0.0,44.366,24401.98076923077,24401.98076923077,0.0,24401.98076923077,0.0,0.0,0.0,0.0
48,2011.0,0.0,Tuberculosis,All,24401.98076923077,0.0,0.0,,10.102460566493434,1.490779094687484,0.0,0.0,0.0,24401.98076923077,0.0,44.366,24401.98076923077,24401.98076923077,0.0,24401.98076923077,0.0,0.0,0.0,0.0
49,2011.0,0.0,Tuberculosis,All,24401.98076923077,0.0,0.0,,10.102460566493434,1.490779094687484,0.0,0.0,0.0,24401.98076923077,0.0,44.366,24401.98076923077,24401.98076923077,0.0,24401.98076923077,0.0,0.0,0.0,0.0
50,2011.0,0.0,Tuberculosis,All,24401.98076923077,0.0,0.0,,10.102460566493434,1.490779094687484,0.0,0.0,0.0,24401.98076923077,0.0,44.366,24401.98076923077,24401.98076923077,0.0,24401.98076923077,0.0,0.0,0.0,0.0
51,2011.0,0.0,Tuberculosis,All,24401.98076923077,0.0,0.0,,10.102460566493434,1.490779094687484,0.0,0.0,0.0,24401.98076923077,0.0,44.366,24401.98076923077,24401.98076923077,0.0,24401.98076923077,0.0,0.0,0.0,0.0
52,2011.0,0.0,Tuberculosis,All,24401.98076923077,0.0,0.0,,10.102460566493434,1.490779094687484,0.0,0.0,0.0,24401.98076923077,0.0,44.366,24401.98076923077,24401.98076923077,0.0,24401.98076923077,0.0,0.0,0.0,0.0
1,2012.0,0.0,Tuberculosis,All,23210.96153846154,0.0,0.0,,10.052423008341245,1.3031710779192687,0.0,0.0,0.0,23210.96153846154,0.0,45.246,24401.98076923077,24401.98076923077,0.0,24104.22596153846,595.5096153848577,0.0,-0.048808301343759124,0.0
2,2012.0,0.0,Tuberculosis,All,23210.96153846154,0.0,0.0,,10.052423008341245,1.3031710779192687,0.0,0.0,0.0,23210.96153846154,0.0,45.246,23210.96153846154,23806.471153846156,0.0,23806.471153846156,687.635273494835,0.0,0.0,0.0
3,2012.0,0.0,Tuberculosis,All,23210.96153846154,0.0,0.0,,10.052423008341245,1.3031710779192687,0.0,0.0,0.0,23210.96153846154,0.0,45.246,23210.96153846154,23210.96153846154,0.0,23508.716346153848,595.509615384832,0.0,0.0,0.0
4,2012.0,0.0,Tuberculosis,All,23210.96153846154,0.0,0.0,,10.052423008341245,1.3031710779192687,0.0,0.0,0.0,23210.96153846154,0.0,45.246,23210.96153846154,23210.96153846154,0.0,23210.96153846154,0.0,0.0,0.0,0.0
5,2012.0,0.0,Tuberculosis,All,23210.96153846154,0.0,0.0,,10.052423008341245,1.3031710779192687,0.0,0.0,0.0,23210.96153846154,0.0,45.246,23210.96153846154,23210.96153846154,0.0,23210.96153846154,0.0,0.0,0.0,0.0
6,2012.0,0.0,Tuberculosis,All,23210.96153846154,0.0,0.0,,10.052423008341245,1.3031710779192687,0.0,0.0,0.0,23210.96153846154,0.0,45.246,23210.96153846154,23210.96153846154,0.0,23210.96153846154,0.0,0.0,0.0,0.0
7,2012.0,0.0,Tuberculosis,All,23210.96153846154,0.0,0.0,,10.052423008341245,1.3031710779192687,0.0,0.0,0.0,23210.96153846154,0.0,45.246,23210.96153846154,23210.96153846154,0.0,23210.96153846154,0.0,0.0,0.0,0.0
8,2012.0,0.0,Tuberculosis,All,23210.96153846154,0.0,0.0,,10.052423008341245,1.3031710779192687,0.0,0.0,0.0,23210.96153846154,0.0,45.246,23210.96153846154,23210.96153846154,0.0,23210.96153846154,0.0,0.0,0.0,0.0
9,2012.0,0.0,Tuberculosis,All,23210.96153846154,0.0,0.0,,10.052423008341245,1.3031710779192687,0.0,0.0,0.0,23210.96153846154,0.0,45.246,23210.96153846154,23210.96153846154,0.0,23210.96153846154,0.0,0.0,0.0,0.0
10,2012.0,0.0,Tuberculosis,All,23210.96153846154,0.0,0.0,,10.052423008341245,1.3031710779192687,0.0,0.0,0.0,23210.96153846154,0.0,45.246,23210.96153846154,23210.96153846154,0.0,23210.96153846154,0.0,0.0,0.0,0.0
11,2012.0,0.0,Tuberculosis,All,23210.96153846154,0.0,0.0,,10.052423008341245,1.3031710779192687,0.0,0.0,0.0,23210.96153846154,0.0,45.246,23210.96153846154,23210.96153846154,0.0,23210.96153846154,0.0,0.0,0.0,0.0
12,2012.0,0.0,Tuberculosis,All,23210.96153846154,0.0,0.0,,10.052423008341245,1.3031710779192687,0.0,0.0,0.0,23210.96153846154,0.0,45.246,23210.96153846154,23210.96153846154,0.0,23210.96153846154,0.0,0.0,0.0,0.0
13,2012.0,0.0,Tuberculosis,All,23210.96153846154,0.0,0.0,,10.052423008341245,1.3031710779192687,0.0,0.0,0.0,23210.96153846154,0.0,45.246,23210.96153846154,23210.96153846154,0.0,23210.96153846154,0.0,0.0,0.0,0.0
14,2012.0,0.0,Tuberculosis,All,23210.96153846154,0.0,0.0,,10.052423008341245,1.3031710779192687,0.0,0.0,0.0,23210.96153846154,0.0,45.246,23210.96153846154,23210.96153846154,0.0,23210.96153846154,0.0,0.0,0.0,0.0
15,2012.0,0.0,Tuberculosis,All,23210.96153846154,0.0,0.0,,10.052423008341245,1.3031710779192687,0.0,0.0,0.0,23210.96153846154,0.0,45.246,23210.96153846154,23210.96153846154,0.0,23210.96153846154,0.0,0.0,0.0,0.0
16,2012.0,0.0,Tuberculosis,All,23210.96153846154,0.0,0.0,,10.052423008341245,1.3031710779192687,0.0,0.0,0.0,23210.96153846154,0.0,45.246,23210.96153846154,23210.96153846154,0.0,23210.96153846154,0.0,0.0,0.0,0.0
17,2012.0,0.0,Tuberculosis,All,23210.96153846154,0.0,0.0,,10.052423008341245,1.3031710779192687,0.0,0.0,0.0,23210.96153846154,0.0,45.246,23210.96153846154,23210.96153846154,0.0,23210.96153846154,0.0,0.0,0.0,0.0
18,2012.0,0.0,Tuberculosis,All,23210.96153846154,0.0,0.0,,10.052423008341245,1.3031710779192687,0.0,0.0,0.0,23210.96153846154,0.0,45.246,23210.96153846154,23210.96153846154,0.0,23210.96153846154,0.0,0.0,0.0,0.0
19,2012.0,0.0,Tuberculosis,All,23210.96153846154,0.0,0.0,,10.052423008341245,1.3031710779192687,0.0,0.0,0.0,23210.96153846154,0.0,45.246,23210.96153846154,23210.96153846154,0.0,23210.96153846154,0.0,0.0,0.0,0.0
20,2012.0,0.0,Tuberculosis,All,23210.96153846154,0.0,0.0,,10.052423008341245,1.3031710779192687,0.0,0.0,0.0,23210.96153846154,0.0,45.246,23210.96153846154,23210.96153846154,0.0,23210.96153846154,0.0,0.0,0.0,0.0
21,2012.0,0.0,Tuberculosis,All,23210.96153846154,0.0,0.0,,10.052423008341245,1.3031710779192687,0.0,0.0,0.0,23210.96153846154,0.0,45.246,23210.96153846154,23210.96153846154,0.0,23210.96153846154,0.0,0.0,0.0,0.0
22,2012.0,0.0,Tuberculosis,All,23210.96153846154,0.0,0.0,,10.052423008341245,1.3031710779192687,0.0,0.0,0.0,23210.96153846154,0.0,45.246,23210.96153846154,23210.96153846154,0.0,23210.96153846154,0.0,0.0,0.0,0.0
23,2012.0,0.0,Tuberculosis,All,23210.96153846154,0.0,0.0,,10.052423008341245,1.3031710779192687,0.0,0.0,0.0,23210.96153846154,0.0,45.246,23210.96153846154,23210.96153846154,0.0,23210.96153846154,0.0,0.0,0.0,0.0
24,2012.0,0.0,Tuberculosis,All,23210.96153846154,0.0,0.0,,10.052423008341245,1.3031710779192687,0.0,0.0,0.0,23210.96153846154,0.0,45.246,23210.96153846154,23210.96153846154,0.0,23210.96153846154,0.0,0.0,0.0,0.0
25,2012.0,0.0,Tuberculosis,All,23210.96153846154,0.0,0.0,,10.052423008341245,1.3031710779192687,0.0,0.0,0.0,23210.96153846154,0.0,45.246,23210.96153846154,23210.96153846154,0.0,23210.96153846154,0.0,0.0,0.0,0.0
26,2012.0,0.0,Tuberculosis,All,23210.96153846154,0.0,0.0,,10.052423008341245,1.3031710779192687,0.0,0.0,0.0,23210.96153846154,0.0,45.246,23210.96153846154,23210.96153846154,0.0,23210.96153846154,0.0,0.0,0.0,0.0
27,2012.0,0.0,Tuberculosis,All,23210.96153846154,0.0,0.0,,10.052423008341245,1.3031710779192687,0.0,0.0,0.0,23210.96153846154,0.0,45.246,23210.96153846154,23210.96153846154,0.0,23210.96153846154,0.0,0.0,0.0,0.0
28,2012.0,0.0,Tuberculosis,All,23210.96153846154,0.0,0.0,,10.052423008341245,1.3031710779192687,0.0,0.0,0.0,23210.96153846154,0.0,45.246,23210.96153846154,23210.96153846154,0.0,23210.96153846154,0.0,0.0,0.0,0.0
29,2012.0,0.0,Tuberculosis,All,23210.96153846154,0.0,0.0,,10.052423008341245,1.3031710779192687,0.0,0.0,0.0,23210.96153846154,0.0,45.246,23210.96153846154,23210.96153846154,0.0,23210.96153846154,0.0,0.0,0.0,0.0
30,2012.0,0.0,Tuberculosis,All,23210.96153846154,0.0,0.0,,10.052423008341245,1.3031710779192687,0.0,0.0,0.0,23210.96153846154,0.0,45.246,23210.96153846154,23210.96153846154,0.0,23210.96153846154,0.0,0.0,0.0,0.0
31,2012.0,0.0,Tuberculosis,All,23210.96153846154,0.0,0.0,,10.052423008341245,1.3031710779192687,0.0,0.0,0.0,23210.96153846154,0.0,45.246,23210.96153846154,23210.96153846154,0.0,23210.96153846154,0.0,0.0,0.0,0.0
32,2012.0,0.0,Tuberculosis,All,23210.96153846154,0.0,0.0,,10.052423008341245,1.3031710779192687,0.0,0.0,0.0,23210.96153846154,0.0,45.246,23210.96153846154,23210.96153846154,0.0,23210.96153846154,0.0,0.0,0.0,0.0
33,2012.0,0.0,Tuberculosis,All,23210.96153846154,0.0,0.0,,10.052423008341245,1.3031710779192687,0.0,0.0,0.0,23210.96153846154,0.0,45.246,23210.96153846154,23210.96153846154,0.0,23210.96153846154,0.0,0.0,0.0,0.0
34,2012.0,0.0,Tuberculosis,All,23210.96153846154,0.0,0.0,,10.052423008341245,1.3031710779192687,0.0,0.0,0.0,23210.96153846154,0.0,45.246,23210.96153846154,23210.96153846154,0.0,23210.96153846154,0.0,0.0,0.0,0.0
35,2012.0,0.0,Tuberculosis,All,23210.96153846154,0.0,0.0,,10.052423008341245,1.3031710779192687,0.0,0.0,0.0,23210.96153846154,0.0,45.246,23210.96153846154,23210.96153846154,0.0,23210.96153846154,0.0,0.0,0.0,0.0
36,2012.0,0.0,Tuberculosis,All,23210.96153846154,0.0,0.0,,10.052423008341245,1.3031710779192687,0.0,0.0,0.0,23210.96153846154,0.0,45.246,23210.96153846154,23210.96153846154,0.0,23210.96153846154,0.0,0.0,0.0,0.0
37,2012.0,0.0,Tuberculosis,All,23210.96153846154,0.0,0.0,,10.052423008341245,1.3031710779192687,0.0,0.0,0.0,23210.96153846154,0.0,45.246,23210.96153846154,23210.96153846154,0.0,23210.96153846154,0.0,0.0,0.0,0.0
38,2012.0,0.0,Tuberculosis,All,23210.96153846154,0.0,0.0,,10.052423008341245,1.3031710779192687,0.0,0.0,0.0,23210.96153846154,0.0,45.246,23210.96153846154,23210.96153846154,0.0,23210.96153846154,0.0,0.0,0.0,0.0
39,2012.0,0.0,Tuberculosis,All,23210.96153846154,0.0,0.0,,10.052423008341245,1.3031710779192687,0.0,0.0,0.0,23210.96153846154,0.0,45.246,23210.96153846154,23210.96153846154,0.0,23210.96153846154,0.0,0.0,0.0,0.0
40,2012.0,0.0,Tuberculosis,All,23210.96153846154,0.0,0.0,,10.052423008341245,1.3031710779192687,0.0,0.0,0.0,23210.96153846154,0.0,45.246,23210.96153846154,23210.96153846154,0.0,23210.96153846154,0.0,0.0,0.0,0.0
41,2012.0,0.0,Tuberculosis,All,23210.96153846154,0.0,0.0,,10.052423008341245,1.3031710779192687,0.0,0.0,0.0,23210.96153846154,0.0,45.246,23210.96153846154,23210.96153846154,0.0,23210.96153846154,0.0,0.0,0.0,0.0
42,2012.0,0.0,Tuberculosis,All,23210.96153846154,0.0,0.0,,10.052423008341245,1.3031710779192687,0.0,0.0,0.0,23210.96153846154,0.0,45.246,23210.96153846154,23210.96153846154,0.0,23210.96153846154,0.0,0.0,0.0,0.0
43,2012.0,0.0,Tuberculosis,All,23210.96153846154,0.0,0.0,,10.052423008341245,1.3031710779192687,0.0,0.0,0.0,23210.96153846154,0.0,45.246,23210.96153846154,23210.96153846154,0.0,23210.96153846154,0.0,0.0,0.0,0.0
44,2012.0,0.0,Tuberculosis,All,23210.96153846154,0.0,0.0,,10.052423008341245,1.3031710779192687,0.0,0.0,0.0,23210.96153846154,0.0,45.246,23210.96153846154,23210.96153846154,0.0,23210.96153846154,0.0,0.0,0.0,0.0
45,2012.0,0.0,Tuberculosis,All,23210.96153846154,0.0,0.0,,10.052423008341245,1.3031710779192687,0.0,0.0,0.0,23210.96153846154,0.0,45.246,23210.96153846154,23210.96153846154,0.0,23210.96153846154,0.0,0.0,0.0,0.0
46,2012.0,0.0,Tuberculosis,All,23210.96153846154,0.0,0.0,,10.052423008341245,1.3031710779192687,0.0,0.0,0.0,23210.96153846154,0.0,45.246,23210.96153846154,23210.96153846154,0.0,23210.96153846154,0.0,0.0,0.0,0.0
47,2012.0,0.0,Tuberculosis,All,23210.96153846154,0.0,0.0,,10.052423008341245,1.3031710779192687,0.0,0.0,0.0,23210.96153846154,0.0,45.246,23210.96153846154,23210.96153846154,0.0,23210.96153846154,0.0,0.0,0.0,0.0
48,2012.0,0.0,Tuberculosis,All,23210.96153846154,0.0,0.0,,10.052423008341245,1.3031710779192687,0.0,0.0,0.0,23210.96153846154,0.0,45.246,23210.96153846154,23210.96153846154,0.0,23210.96153846154,0.0,0.0,0.0,0.0
49,2012.0,0.0,Tuberculosis,All,23210.96153846154,0.0,0.0,,10.052423008341245,1.3031710779192687,0.0,0.0,0.0,23210.96153846154,0.0,45.246,23210.96153846154,23210.96153846154,0.0,23210.96153846154,0.0,0.0,0.0,0.0
50,2012.0,0.0,Tuberculosis,All,23210.96153846154,0.0,0.0,,10.052423008341245,1.3031710779192687,0.0,0.0,0.0,23210.96153846154,0.0,45.246,23210.96153846154,23210.96153846154,0.0,23210.96153846154,0.0,0.0,0.0,0.0
51,2012.0,0.0,Tuberculosis,All,23210.96153846154,0.0,0.0,,10.052423008341245,1.3031710779192687,0.0,0.0,0.0,23210.96153846154,0.0,45.246,23210.96153846154,23210.96153846154,0.0,23210.96153846154,0.0,0.0,0.0,0.0
52,2012.0,0.0,Tuberculosis,All,23210.96153846154,0.0,0.0,,10.052423008341245,1.3031710779192687,0.0,0.0,0.0,23210.96153846154,0.0,45.246,23210.96153846154,23210.96153846154,0.0,23210.96153846154,0.0,0.0,0.0,0.0
1,2013.0,0.0,Tuberculosis,All,23836.98076923077,0.0,0.0,,10.079035418314866,1.4017809267858778,0.0,0.0,0.0,23836.98076923077,0.0,46.118,23210.96153846154,23210.96153846154,0.0,23367.466346153848,313.0096153850155,0.0,0.026970844345758374,0.0
2,2013.0,0.0,Tuberculosis,All,23836.98076923077,0.0,0.0,,10.079035418314866,1.4017809267858778,0.0,0.0,0.0,23836.98076923077,0.0,46.118,23836.98076923077,23523.971153846156,0.0,23523.971153846152,361.4323714028517,0.0,0.0,0.0
3,2013.0,0.0,Tuberculosis,All,23836.98076923077,0.0,0.0,,10.079035418314866,1.4017809267858778,0.0,0.0,0.0,23836.98076923077,0.0,46.118,23836.98076923077,23836.98076923077,0.0,23680.47596153846,313.00961538503213,0.0,0.0,0.0
4,2013.0,0.0,Tuberculosis,All,23836.98076923077,0.0,0.0,,10.079035418314866,1.4017809267858778,0.0,0.0,0.0,23836.98076923077,0.0,46.118,23836.98076923077,23836.98076923077,0.0,23836.98076923077,0.0,0.0,0.0,0.0
5,2013.0,0.0,Tuberculosis,All,23836.98076923077,0.0,0.0,,10.079035418314866,1.4017809267858778,0.0,0.0,0.0,23836.98076923077,0.0,46.118,23836.98076923077,23836.98076923077,0.0,23836.98076923077,0.0,0.0,0.0,0.0
6,2013.0,0.0,Tuberculosis,All,23836.98076923077,0.0,0.0,,10.079035418314866,1.4017809267858778,0.0,0.0,0.0,23836.98076923077,0.0,46.118,23836.98076923077,23836.98076923077,0.0,23836.98076923077,0.0,0.0,0.0,0.0
7,2013.0,0.0,Tuberculosis,All,23836.98076923077,0.0,0.0,,10.079035418314866,1.4017809267858778,0.0,0.0,0.0,23836.98076923077,0.0,46.118,23836.98076923077,23836.98076923077,0.0,23836.98076923077,0.0,0.0,0.0,0.0
8,2013.0,0.0,Tuberculosis,All,23836.98076923077,0.0,0.0,,10.079035418314866,1.4017809267858778,0.0,0.0,0.0,23836.98076923077,0.0,46.118,23836.98076923077,23836.98076923077,0.0,23836.98076923077,0.0,0.0,0.0,0.0
9,2013.0,0.0,Tuberculosis,All,23836.98076923077,0.0,0.0,,10.079035418314866,1.4017809267858778,0.0,0.0,0.0,23836.98076923077,0.0,46.118,23836.98076923077,23836.98076923077,0.0,23836.98076923077,0.0,0.0,0.0,0.0
10,2013.0,0.0,Tuberculosis,All,23836.98076923077,0.0,0.0,,10.079035418314866,1.4017809267858778,0.0,0.0,0.0,23836.98076923077,0.0,46.118,23836.98076923077,23836.98076923077,0.0,23836.98076923077,0.0,0.0,0.0,0.0
11,2013.0,0.0,Tuberculosis,All,23836.98076923077,0.0,0.0,,10.079035418314866,1.4017809267858778,0.0,0.0,0.0,23836.98076923077,0.0,46.118,23836.98076923077,23836.98076923077,0.0,23836.98076923077,0.0,0.0,0.0,0.0
12,2013.0,0.0,Tuberculosis,All,23836.98076923077,0.0,0.0,,10.079035418314866,1.4017809267858778,0.0,0.0,0.0,23836.98076923077,0.0,46.118,23836.98076923077,23836.98076923077,0.0,23836.98076923077,0.0,0.0,0.0,0.0
13,2013.0,0.0,Tuberculosis,All,23836.98076923077,0.0,0.0,,10.079035418314866,1.4017809267858778,0.0,0.0,0.0,23836.98076923077,0.0,46.118,23836.98076923077,23836.98076923077,0.0,23836.98076923077,0.0,0.0,0.0,0.0
14,2013.0,0.0,Tuberculosis,All,23836.98076923077,0.0,0.0,,10.079035418314866,1.4017809267858778,0.0,0.0,0.0,23836.98076923077,0.0,46.118,23836.98076923077,23836.98076923077,0.0,23836.98076923077,0.0,0.0,0.0,0.0
15,2013.0,0.0,Tuberculosis,All,23836.98076923077,0.0,0.0,,10.079035418314866,1.4017809267858778,0.0,0.0,0.0,23836.98076923077,0.0,46.118,23836.98076923077,23836.98076923077,0.0,23836.98076923077,0.0,0.0,0.0,0.0
16,2013.0,0.0,Tuberculosis,All,23836.98076923077,0.0,0.0,,10.079035418314866,1.4017809267858778,0.0,0.0,0.0,23836.98076923077,0.0,46.118,23836.98076923077,23836.98076923077,0.0,23836.98076923077,0.0,0.0,0.0,0.0
17,2013.0,0.0,Tuberculosis,All,23836.98076923077,0.0,0.0,,10.079035418314866,1.4017809267858778,0.0,0.0,0.0,23836.98076923077,0.0,46.118,23836.98076923077,23836.98076923077,0.0,23836.98076923077,0.0,0.0,0.0,0.0
18,2013.0,0.0,Tuberculosis,All,23836.98076923077,0.0,0.0,,10.079035418314866,1.4017809267858778,0.0,0.0,0.0,23836.98076923077,0.0,46.118,23836.98076923077,23836.98076923077,0.0,23836.98076923077,0.0,0.0,0.0,0.0
19,2013.0,0.0,Tuberculosis,All,23836.98076923077,0.0,0.0,,10.079035418314866,1.4017809267858778,0.0,0.0,0.0,23836.98076923077,0.0,46.118,23836.98076923077,23836.98076923077,0.0,23836.98076923077,0.0,0.0,0.0,0.0
20,2013.0,0.0,Tuberculosis,All,23836.98076923077,0.0,0.0,,10.079035418314866,1.4017809267858778,0.0,0.0,0.0,23836.98076923077,0.0,46.118,23836.98076923077,23836.98076923077,0.0,23836.98076923077,0.0,0.0,0.0,0.0
21,2013.0,0.0,Tuberculosis,All,23836.98076923077,0.0,0.0,,10.079035418314866,1.4017809267858778,0.0,0.0,0.0,23836.98076923077,0.0,46.118,23836.98076923077,23836.98076923077,0.0,23836.98076923077,0.0,0.0,0.0,0.0
22,2013.0,0.0,Tuberculosis,All,23836.98076923077,0.0,0.0,,10.079035418314866,1.4017809267858778,0.0,0.0,0.0,23836.98076923077,0.0,46.118,23836.98076923077,23836.98076923077,0.0,23836.98076923077,0.0,0.0,0.0,0.0
23,2013.0,0.0,Tuberculosis,All,23836.98076923077,0.0,0.0,,10.079035418314866,1.4017809267858778,0.0,0.0,0.0,23836.98076923077,0.0,46.118,23836.98076923077,23836.98076923077,0.0,23836.98076923077,0.0,0.0,0.0,0.0
24,2013.0,0.0,Tuberculosis,All,23836.98076923077,0.0,0.0,,10.079035418314866,1.4017809267858778,0.0,0.0,0.0,23836.98076923077,0.0,46.118,23836.98076923077,23836.98076923077,0.0,23836.98076923077,0.0,0.0,0.0,0.0
25,2013.0,0.0,Tuberculosis,All,23836.98076923077,0.0,0.0,,10.079035418314866,1.4017809267858778,0.0,0.0,0.0,23836.98076923077,0.0,46.118,23836.98076923077,23836.98076923077,0.0,23836.98076923077,0.0,0.0,0.0,0.0
26,2013.0,0.0,Tuberculosis,All,23836.98076923077,0.0,0.0,,10.079035418314866,1.4017809267858778,0.0,0.0,0.0,23836.98076923077,0.0,46.118,23836.98076923077,23836.98076923077,0.0,23836.98076923077,0.0,0.0,0.0,0.0
27,2013.0,0.0,Tuberculosis,All,23836.98076923077,0.0,0.0,,10.079035418314866,1.4017809267858778,0.0,0.0,0.0,23836.98076923077,0.0,46.118,23836.98076923077,23836.98076923077,0.0,23836.98076923077,0.0,0.0,0.0,0.0
28,2013.0,0.0,Tuberculosis,All,23836.98076923077,0.0,0.0,,10.079035418314866,1.4017809267858778,0.0,0.0,0.0,23836.98076923077,0.0,46.118,23836.98076923077,23836.98076923077,0.0,23836.98076923077,0.0,0.0,0.0,0.0
29,2013.0,0.0,Tuberculosis,All,23836.98076923077,0.0,0.0,,10.079035418314866,1.4017809267858778,0.0,0.0,0.0,23836.98076923077,0.0,46.118,23836.98076923077,23836.98076923077,0.0,23836.98076923077,0.0,0.0,0.0,0.0
30,2013.0,0.0,Tuberculosis,All,23836.98076923077,0.0,0.0,,10.079035418314866,1.4017809267858778,0.0,0.0,0.0,23836.98076923077,0.0,46.118,23836.98076923077,23836.98076923077,0.0,23836.98076923077,0.0,0.0,0.0,0.0
31,2013.0,0.0,Tuberculosis,All,23836.98076923077,0.0,0.0,,10.079035418314866,1.4017809267858778,0.0,0.0,0.0,23836.98076923077,0.0,46.118,23836.98076923077,23836.98076923077,0.0,23836.98076923077,0.0,0.0,0.0,0.0
32,2013.0,0.0,Tuberculosis,All,23836.98076923077,0.0,0.0,,10.079035418314866,1.4017809267858778,0.0,0.0,0.0,23836.98076923077,0.0,46.118,23836.98076923077,23836.98076923077,0.0,23836.98076923077,0.0,0.0,0.0,0.0
33,2013.0,0.0,Tuberculosis,All,23836.98076923077,0.0,0.0,,10.079035418314866,1.4017809267858778,0.0,0.0,0.0,23836.98076923077,0.0,46.118,23836.98076923077,23836.98076923077,0.0,23836.98076923077,0.0,0.0,0.0,0.0
34,2013.0,0.0,Tuberculosis,All,23836.98076923077,0.0,0.0,,10.079035418314866,1.4017809267858778,0.0,0.0,0.0,23836.98076923077,0.0,46.118,23836.98076923077,23836.98076923077,0.0,23836.98076923077,0.0,0.0,0.0,0.0
35,2013.0,0.0,Tuberculosis,All,23836.98076923077,0.0,0.0,,10.079035418314866,1.4017809267858778,0.0,0.0,0.0,23836.98076923077,0.0,46.118,23836.98076923077,23836.98076923077,0.0,23836.98076923077,0.0,0.0,0.0,0.0
36,2013.0,0.0,Tuberculosis,All,23836.98076923077,0.0,0.0,,10.079035418314866,1.4017809267858778,0.0,0.0,0.0,23836.98076923077,0.0,46.118,23836.98076923077,23836.98076923077,0.0,23836.98076923077,0.0,0.0,0.0,0.0
37,2013.0,0.0,Tuberculosis,All,23836.98076923077,0.0,0.0,,10.079035418314866,1.4017809267858778,0.0,0.0,0.0,23836.98076923077,0.0,46.118,23836.98076923077,23836.98076923077,0.0,23836.98076923077,0.0,0.0,0.0,0.0
38,2013.0,0.0,Tuberculosis,All,23836.98076923077,0.0,0.0,,10.079035418314866,1.4017809267858778,0.0,0.0,0.0,23836.98076923077,0.0,46.118,23836.98076923077,23836.98076923077,0.0,23836.98076923077,0.0,0.0,0.0,0.0
39,2013.0,0.0,Tuberculosis,All,23836.98076923077,0.0,0.0,,10.079035418314866,1.4017809267858778,0.0,0.0,0.0,23836.98076923077,0.0,46.118,23836.98076923077,23836.98076923077,0.0,23836.98076923077,0.0,0.0,0.0,0.0
40,2013.0,0.0,Tuberculosis,All,23836.98076923077,0.0,0.0,,10.079035418314866,1.4017809267858778,0.0,0.0,0.0,23836.98076923077,0.0,46.118,23836.98076923077,23836.98076923077,0.0,23836.98076923077,0.0,0.0,0.0,0.0
41,2013.0,0.0,Tuberculosis,All,23836.98076923077,0.0,0.0,,10.079035418314866,1.4017809267858778,0.0,0.0,0.0,23836.98076923077,0.0,46.118,23836.98076923077,23836.98076923077,0.0,23836.98076923077,0.0,0.0,0.0,0.0
42,2013.0,0.0,Tuberculosis,All,23836.98076923077,0.0,0.0,,10.079035418314866,1.4017809267858778,0.0,0.0,0.0,23836.98076923077,0.0,46.118,23836.98076923077,23836.98076923077,0.0,23836.98076923077,0.0,0.0,0.0,0.0
43,2013.0,0.0,Tuberculosis,All,23836.98076923077,0.0,0.0,,10.079035418314866,1.4017809267858778,0.0,0.0,0.0,23836.98076923077,0.0,46.118,23836.98076923077,23836.98076923077,0.0,23836.98076923077,0.0,0.0,0.0,0.0
44,2013.0,0.0,Tuberculosis,All,23836.98076923077,0.0,0.0,,10.079035418314866,1.4017809267858778,0.0,0.0,0.0,23836.98076923077,0.0,46.118,23836.98076923077,23836.98076923077,0.0,23836.98076923077,0.0,0.0,0.0,0.0
45,2013.0,0.0,Tuberculosis,All,23836.98076923077,0.0,0.0,,10.079035418314866,1.4017809267858778,0.0,0.0,0.0,23836.98076923077,0.0,46.118,23836.98076923077,23836.98076923077,0.0,23836.98076923077,0.0,0.0,0.0,0.0
46,2013.0,0.0,Tuberculosis,All,23836.98076923077,0.0,0.0,,10.079035418314866,1.4017809267858778,0.0,0.0,0.0,23836.98076923077,0.0,46.118,23836.98076923077,23836.98076923077,0.0,23836.98076923077,0.0,0.0,0.0,0.0
47,2013.0,0.0,Tuberculosis,All,23836.98076923077,0.0,0.0,,10.079035418314866,1.4017809267858778,0.0,0.0,0.0,23836.98076923077,0.0,46.118,23836.98076923077,23836.98076923077,0.0,23836.98076923077,0.0,0.0,0.0,0.0
48,2013.0,0.0,Tuberculosis,All,23836.98076923077,0.0,0.0,,10.079035418314866,1.4017809267858778,0.0,0.0,0.0,23836.98076923077,0.0,46.118,23836.98076923077,23836.98076923077,0.0,23836.98076923077,0.0,0.0,0.0,0.0
49,2013.0,0.0,Tuberculosis,All,23836.98076923077,0.0,0.0,,10.079035418314866,1.4017809267858778,0.0,0.0,0.0,23836.98076923077,0.0,46.118,23836.98076923077,23836.98076923077,0.0,23836.98076923077,0.0,0.0,0.0,0.0
50,2013.0,0.0,Tuberculosis,All,23836.98076923077,0.0,0.0,,10.079035418314866,1.4017809267858778,0.0,0.0,0.0,23836.98076923077,0.0,46.118,23836.98076923077,23836.98076923077,0.0,23836.98076923077,0.0,0.0,0.0,0.0
51,2013.0,0.0,Tuberculosis,All,23836.98076923077,0.0,0.0,,10.079035418314866,1.4017809267858778,0.0,0.0,0.0,23836.98076923077,0.0,46.118,23836.98076923077,23836.98076923077,0.0,23836.98076923077,0.0,0.0,0.0,0.0
52,2013.0,0.0,Tuberculosis,All,23836.98076923077,0.0,0.0,,10.079035418314866,1.4017809267858778,0.0,0.0,0.0,23836.98076923077,0.0,46.118,23836.98076923077,23836.98076923077,0.0,23836.98076923077,0.0,0.0,0.0,0.0
1,2014.0,0.0,Tuberculosis,All,24098.25,0.0,0.0,,10.089935998662549,1.4429357637195477,0.0,0.0,0.0,24098.25,0.0,46.982,23836.98076923077,23836.98076923077,0.0,23902.298076923078,130.63461538563934,0.0,0.010960667934358608,0.0
2,2014.0,0.0,Tuberculosis,All,24098.25,0.0,0.0,,10.089935998662549,1.4429357637195477,0.0,0.0,0.0,24098.25,0.0,46.982,24098.25,23967.615384615383,0.0,23967.615384615383,150.8438607164739,0.0,0.0,0.0
3,2014.0,0.0,Tuberculosis,All,24098.25,0.0,0.0,,10.089935998662549,1.4429357637195477,0.0,0.0,0.0,24098.25,0.0,46.982,24098.25,24098.25,0.0,24032.932692307695,130.63461538565215,0.0,0.0,0.0
4,2014.0,0.0,Tuberculosis,All,24098.25,0.0,0.0,,10.089935998662549,1.4429357637195477,0.0,0.0,0.0,24098.25,0.0,46.982,24098.25,24098.25,0.0,24098.25,0.0,0.0,0.0,0.0
5,2014.0,0.0,Tuberculosis,All,24098.25,0.0,0.0,,10.089935998662549,1.4429357637195477,0.0,0.0,0.0,24098.25,0.0,46.982,24098.25,24098.25,0.0,24098.25,0.0,0.0,0.0,0.0
6,2014.0,0.0,Tuberculosis,All,24098.25,0.0,0.0,,10.089935998662549,1.4429357637195477,0.0,0.0,0.0,24098.25,0.0,46.982,24098.25,24098.25,0.0,24098.25,0.0,0.0,0.0,0.0
7,2014.0,0.0,Tuberculosis,All,24098.25,0.0,0.0,,10.089935998662549,1.4429357637195477,0.0,0.0,0.0,24098.25,0.0,46.982,24098.25,24098.25,0.0,24098.25,0.0,0.0,0.0,0.0
8,2014.0,0.0,Tuberculosis,All,24098.25,0.0,0.0,,10.089935998662549,1.4429357637195477,0.0,0.0,0.0,24098.25,0.0,46.982,24098.25,24098.25,0.0,24098.25,0.0,0.0,0.0,0.0
9,2014.0,0.0,Tuberculosis,All,24098.25,0.0,0.0,,10.089935998662549,1.4429357637195477,0.0,0.0,0.0,24098.25,0.0,46.982,24098.25,24098.25,0.0,24098.25,0.0,0.0,0.0,0.0
10,2014.0,0.0,Tuberculosis,All,24098.25,0.0,0.0,,10.089935998662549,1.4429357637195477,0.0,0.0,0.0,24098.25,0.0,46.982,24098.25,24098.25,0.0,24098.25,0.0,0.0,0.0,0.0
11,2014.0,0.0,Tuberculosis,All,24098.25,0.0,0.0,,10.089935998662549,1.4429357637195477,0.0,0.0,0.0,24098.25,0.0,46.982,24098.25,24098.25,0.0,24098.25,0.0,0.0,0.0,0.0
12,2014.0,0.0,Tuberculosis,All,24098.25,0.0,0.0,,10.089935998662549,1.4429357637195477,0.0,0.0,0.0,24098.25,0.0,46.982,24098.25,24098.25,0.0,24098.25,0.0,0.0,0.0,0.0
13,2014.0,0.0,Tuberculosis,All,24098.25,0.0,0.0,,10.089935998662549,1.4429357637195477,0.0,0.0,0.0,24098.25,0.0,46.982,24098.25,24098.25,0.0,24098.25,0.0,0.0,0.0,0.0
14,2014.0,0.0,Tuberculosis,All,24098.25,0.0,0.0,,10.089935998662549,1.4429357637195477,0.0,0.0,0.0,24098.25,0.0,46.982,24098.25,24098.25,0.0,24098.25,0.0,0.0,0.0,0.0
15,2014.0,0.0,Tuberculosis,All,24098.25,0.0,0.0,,10.089935998662549,1.4429357637195477,0.0,0.0,0.0,24098.25,0.0,46.982,24098.25,24098.25,0.0,24098.25,0.0,0.0,0.0,0.0
16,2014.0,0.0,Tuberculosis,All,24098.25,0.0,0.0,,10.089935998662549,1.4429357637195477,0.0,0.0,0.0,24098.25,0.0,46.982,24098.25,24098.25,0.0,24098.25,0.0,0.0,0.0,0.0
17,2014.0,0.0,Tuberculosis,All,24098.25,0.0,0.0,,10.089935998662549,1.4429357637195477,0.0,0.0,0.0,24098.25,0.0,46.982,24098.25,24098.25,0.0,24098.25,0.0,0.0,0.0,0.0
18,2014.0,0.0,Tuberculosis,All,24098.25,0.0,0.0,,10.089935998662549,1.4429357637195477,0.0,0.0,0.0,24098.25,0.0,46.982,24098.25,24098.25,0.0,24098.25,0.0,0.0,0.0,0.0
19,2014.0,0.0,Tuberculosis,All,24098.25,0.0,0.0,,10.089935998662549,1.4429357637195477,0.0,0.0,0.0,24098.25,0.0,46.982,24098.25,24098.25,0.0,24098.25,0.0,0.0,0.0,0.0
20,2014.0,0.0,Tuberculosis,All,24098.25,0.0,0.0,,10.089935998662549,1.4429357637195477,0.0,0.0,0.0,24098.25,0.0,46.982,24098.25,24098.25,0.0,24098.25,0.0,0.0,0.0,0.0
21,2014.0,0.0,Tuberculosis,All,24098.25,0.0,0.0,,10.089935998662549,1.4429357637195477,0.0,0.0,0.0,24098.25,0.0,46.982,24098.25,24098.25,0.0,24098.25,0.0,0.0,0.0,0.0
22,2014.0,0.0,Tuberculosis,All,24098.25,0.0,0.0,,10.089935998662549,1.4429357637195477,0.0,0.0,0.0,24098.25,0.0,46.982,24098.25,24098.25,0.0,24098.25,0.0,0.0,0.0,0.0
23,2014.0,0.0,Tuberculosis,All,24098.25,0.0,0.0,,10.089935998662549,1.4429357637195477,0.0,0.0,0.0,24098.25,0.0,46.982,24098.25,24098.25,0.0,24098.25,0.0,0.0,0.0,0.0
24,2014.0,0.0,Tuberculosis,All,24098.25,0.0,0.0,,10.089935998662549,1.4429357637195477,0.0,0.0,0.0,24098.25,0.0,46.982,24098.25,24098.25,0.0,24098.25,0.0,0.0,0.0,0.0
25,2014.0,0.0,Tuberculosis,All,24098.25,0.0,0.0,,10.089935998662549,1.4429357637195477,0.0,0.0,0.0,24098.25,0.0,46.982,24098.25,24098.25,0.0,24098.25,0.0,0.0,0.0,0.0
26,2014.0,0.0,Tuberculosis,All,24098.25,0.0,0.0,,10.089935998662549,1.4429357637195477,0.0,0.0,0.0,24098.25,0.0,46.982,24098.25,24098.25,0.0,24098.25,0.0,0.0,0.0,0.0
27,2014.0,0.0,Tuberculosis,All,24098.25,0.0,0.0,,10.089935998662549,1.4429357637195477,0.0,0.0,0.0,24098.25,0.0,46.982,24098.25,24098.25,0.0,24098.25,0.0,0.0,0.0,0.0
28,2014.0,0.0,Tuberculosis,All,24098.25,0.0,0.0,,10.089935998662549,1.4429357637195477,0.0,0.0,0.0,24098.25,0.0,46.982,24098.25,24098.25,0.0,24098.25,0.0,0.0,0.0,0.0
29,2014.0,0.0,Tuberculosis,All,24098.25,0.0,0.0,,10.089935998662549,1.4429357637195477,0.0,0.0,0.0,24098.25,0.0,46.982,24098.25,24098.25,0.0,24098.25,0.0,0.0,0.0,0.0
30,2014.0,0.0,Tuberculosis,All,24098.25,0.0,0.0,,10.089935998662549,1.4429357637195477,0.0,0.0,0.0,24098.25,0.0,46.982,24098.25,24098.25,0.0,24098.25,0.0,0.0,0.0,0.0
31,2014.0,0.0,Tuberculosis,All,24098.25,0.0,0.0,,10.089935998662549,1.4429357637195477,0.0,0.0,0.0,24098.25,0.0,46.982,24098.25,24098.25,0.0,24098.25,0.0,0.0,0.0,0.0
32,2014.0,0.0,Tuberculosis,All,24098.25,0.0,0.0,,10.089935998662549,1.4429357637195477,0.0,0.0,0.0,24098.25,0.0,46.982,24098.25,24098.25,0.0,24098.25,0.0,0.0,0.0,0.0
33,2014.0,0.0,Tuberculosis,All,24098.25,0.0,0.0,,10.089935998662549,1.4429357637195477,0.0,0.0,0.0,24098.25,0.0,46.982,24098.25,24098.25,0.0,24098.25,0.0,0.0,0.0,0.0
34,2014.0,0.0,Tuberculosis,All,24098.25,0.0,0.0,,10.089935998662549,1.4429357637195477,0.0,0.0,0.0,24098.25,0.0,46.982,24098.25,24098.25,0.0,24098.25,0.0,0.0,0.0,0.0
35,2014.0,0.0,Tuberculosis,All,24098.25,0.0,0.0,,10.089935998662549,1.4429357637195477,0.0,0.0,0.0,24098.25,0.0,46.982,24098.25,24098.25,0.0,24098.25,0.0,0.0,0.0,0.0
36,2014.0,0.0,Tuberculosis,All,24098.25,0.0,0.0,,10.089935998662549,1.4429357637195477,0.0,0.0,0.0,24098.25,0.0,46.982,24098.25,24098.25,0.0,24098.25,0.0,0.0,0.0,0.0
37,2014.0,0.0,Tuberculosis,All,24098.25,0.0,0.0,,10.089935998662549,1.4429357637195477,0.0,0.0,0.0,24098.25,0.0,46.982,24098.25,24098.25,0.0,24098.25,0.0,0.0,0.0,0.0
38,2014.0,0.0,Tuberculosis,All,24098.25,0.0,0.0,,10.089935998662549,1.4429357637195477,0.0,0.0,0.0,24098.25,0.0,46.982,24098.25,24098.25,0.0,24098.25,0.0,0.0,0.0,0.0
39,2014.0,0.0,Tuberculosis,All,24098.25,0.0,0.0,,10.089935998662549,1.4429357637195477,0.0,0.0,0.0,24098.25,0.0,46.982,24098.25,24098.25,0.0,24098.25,0.0,0.0,0.0,0.0
40,2014.0,0.0,Tuberculosis,All,24098.25,0.0,0.0,,10.089935998662549,1.4429357637195477,0.0,0.0,0.0,24098.25,0.0,46.982,24098.25,24098.25,0.0,24098.25,0.0,0.0,0.0,0.0
41,2014.0,0.0,Tuberculosis,All,24098.25,0.0,0.0,,10.089935998662549,1.4429357637195477,0.0,0.0,0.0,24098.25,0.0,46.982,24098.25,24098.25,0.0,24098.25,0.0,0.0,0.0,0.0
42,2014.0,0.0,Tuberculosis,All,24098.25,0.0,0.0,,10.089935998662549,1.4429357637195477,0.0,0.0,0.0,24098.25,0.0,46.982,24098.25,24098.25,0.0,24098.25,0.0,0.0,0.0,0.0
43,2014.0,0.0,Tuberculosis,All,24098.25,0.0,0.0,,10.089935998662549,1.4429357637195477,0.0,0.0,0.0,24098.25,0.0,46.982,24098.25,24098.25,0.0,24098.25,0.0,0.0,0.0,0.0
44,2014.0,0.0,Tuberculosis,All,24098.25,0.0,0.0,,10.089935998662549,1.4429357637195477,0.0,0.0,0.0,24098.25,0.0,46.982,24098.25,24098.25,0.0,24098.25,0.0,0.0,0.0,0.0
45,2014.0,0.0,Tuberculosis,All,24098.25,0.0,0.0,,10.089935998662549,1.4429357637195477,0.0,0.0,0.0,24098.25,0.0,46.982,24098.25,24098.25,0.0,24098.25,0.0,0.0,0.0,0.0
46,2014.0,0.0,Tuberculosis,All,24098.25,0.0,0.0,,10.089935998662549,1.4429357637195477,0.0,0.0,0.0,24098.25,0.0,46.982,24098.25,24098.25,0.0,24098.25,0.0,0.0,0.0,0.0
47,2014.0,0.0,Tuberculosis,All,24098.25,0.0,0.0,,10.089935998662549,1.4429357637195477,0.0,0.0,0.0,24098.25,0.0,46.982,24098.25,24098.25,0.0,24098.25,0.0,0.0,0.0,0.0
48,2014.0,0.0,Tuberculosis,All,24098.25,0.0,0.0,,10.089935998662549,1.4429357637195477,0.0,0.0,0.0,24098.25,0.0,46.982,24098.25,24098.25,0.0,24098.25,0.0,0.0,0.0,0.0
49,2014.0,0.0,Tuberculosis,All,24098.25,0.0,0.0,,10.089935998662549,1.4429357637195477,0.0,0.0,0.0,24098.25,0.0,46.982,24098.25,24098.25,0.0,24098.25,0.0,0.0,0.0,0.0
50,2014.0,0.0,Tuberculosis,All,24098.25,0.0,0.0,,10.089935998662549,1.4429357637195477,0.0,0.0,0.0,24098.25,0.0,46.982,24098.25,24098.25,0.0,24098.25,0.0,0.0,0.0,0.0
51,2014.0,0.0,Tuberculosis,All,24098.25,0.0,0.0,,10.089935998662549,1.4429357637195477,0.0,0.0,0.0,24098.25,0.0,46.982,24098.25,24098.25,0.0,24098.25,0.0,0.0,0.0,0.0
52,2014.0,0.0,Tuberculosis,All,24098.25,0.0,0.0,,10.089935998662549,1.4429357637195477,0.0,0.0,0.0,24098.25,0.0,46.982,24098.25,24098.25,0.0,24098.25,0.0,0.0,0.0,0.0
1,2015.0,0.0,Tuberculosis,All,11086.384615384615,0.0,0.0,,9.313563219834,-0.6066787145337168,0.0,0.0,0.0,11086.384615384615,0.0,47.838,24098.25,24098.25,0.0,20845.283653846152,6505.932692307706,0.0,-0.5399506347811722,0.0
2,2015.0,0.0,Tuberculosis,All,11086.384615384615,0.0,0.0,,9.313563219834,-0.6066787145337168,0.0,0.0,0.0,11086.384615384615,0.0,47.838,11086.384615384615,17592.31730769231,0.0,17592.31730769231,7512.403982466869,0.0,0.0,0.0
3,2015.0,0.0,Tuberculosis,All,11086.384615384615,0.0,0.0,,9.313563219834,-0.6066787145337168,0.0,0.0,0.0,11086.384615384615,0.0,47.838,11086.384615384615,11086.384615384615,0.0,14339.350961538461,6505.932692307688,0.0,0.0,0.0
4,2015.0,0.0,Tuberculosis,All,11086.384615384615,0.0,0.0,,9.313563219834,-0.6066787145337168,0.0,0.0,0.0,11086.384615384615,0.0,47.838,11086.384615384615,11086.384615384615,0.0,11086.384615384615,0.0,0.0,0.0,0.0
5,2015.0,0.0,Tuberculosis,All,11086.384615384615,0.0,0.0,,9.313563219834,-0.6066787145337168,0.0,0.0,0.0,11086.384615384615,0.0,47.838,11086.384615384615,11086.384615384615,0.0,11086.384615384615,0.0,0.0,0.0,0.0
6,2015.0,0.0,Tuberculosis,All,11086.384615384615,0.0,0.0,,9.313563219834,-0.6066787145337168,0.0,0.0,0.0,11086.384615384615,0.0,47.838,11086.384615384615,11086.384615384615,0.0,11086.384615384615,0.0,0.0,0.0,0.0
7,2015.0,0.0,Tuberculosis,All,11086.384615384615,0.0,0.0,,9.313563219834,-0.6066787145337168,0.0,0.0,0.0,11086.384615384615,0.0,47.838,11086.384615384615,11086.384615384615,0.0,11086.384615384615,0.0,0.0,0.0,0.0
8,2015.0,0.0,Tuberculosis,All,11086.384615384615,0.0,0.0,,9.313563219834,-0.6066787145337168,0.0,0.0,0.0,11086.384615384615,0.0,47.838,11086.384615384615,11086.384615384615,0.0,11086.384615384615,0.0,0.0,0.0,0.0
9,2015.0,0.0,Tuberculosis,All,11086.384615384615,0.0,0.0,,9.313563219834,-0.6066787145337168,0.0,0.0,0.0,11086.384615384615,0.0,47.838,11086.384615384615,11086.384615384615,0.0,11086.384615384615,0.0,0.0,0.0,0.0
10,2015.0,0.0,Tuberculosis,All,11086.384615384615,0.0,0.0,,9.313563219834,-0.6066787145337168,0.0,0.0,0.0,11086.384615384615,0.0,47.838,11086.384615384615,11086.384615384615,0.0,11086.384615384615,0.0,0.0,0.0,0.0
11,2015.0,0.0,Tuberculosis,All,11086.384615384615,0.0,0.0,,9.313563219834,-0.6066787145337168,0.0,0.0,0.0,11086.384615384615,0.0,47.838,11086.384615384615,11086.384615384615,0.0,11086.384615384615,0.0,0.0,0.0,0.0
12,2015.0,0.0,Tuberculosis,All,11086.384615384615,0.0,0.0,,9.313563219834,-0.6066787145337168,0.0,0.0,0.0,11086.384615384615,0.0,47.838,11086.384615384615,11086.384615384615,0.0,11086.384615384615,0.0,0.0,0.0,0.0
13,2015.0,0.0,Tuberculosis,All,11086.384615384615,0.0,0.0,,9.313563219834,-0.6066787145337168,0.0,0.0,0.0,11086.384615384615,0.0,47.838,11086.384615384615,11086.384615384615,0.0,11086.384615384615,0.0,0.0,0.0,0.0
14,2015.0,0.0,Tuberculosis,All,11086.384615384615,0.0,0.0,,9.313563219834,-0.6066787145337168,0.0,0.0,0.0,11086.384615384615,0.0,47.838,11086.384615384615,11086.384615384615,0.0,11086.384615384615,0.0,0.0,0.0,0.0
15,2015.0,0.0,Tuberculosis,All,11086.384615384615,0.0,0.0,,9.313563219834,-0.6066787145337168,0.0,0.0,0.0,11086.384615384615,0.0,47.838,11086.384615384615,11086.384615384615,0.0,11086.384615384615,0.0,0.0,0.0,0.0
16,2015.0,0.0,Tuberculosis,All,11086.384615384615,0.0,0.0,,9.313563219834,-0.6066787145337168,0.0,0.0,0.0,11086.384615384615,0.0,47.838,11086.384615384615,11086.384615384615,0.0,11086.384615384615,0.0,0.0,0.0,0.0
17,2015.0,0.0,Tuberculosis,All,11086.384615384615,0.0,0.0,,9.313563219834,-0.6066787145337168,0.0,0.0,0.0,11086.384615384615,0.0,47.838,11086.384615384615,11086.384615384615,0.0,11086.384615384615,0.0,0.0,0.0,0.0
18,2015.0,0.0,Tuberculosis,All,11086.384615384615,0.0,0.0,,9.313563219834,-0.6066787145337168,0.0,0.0,0.0,11086.384615384615,0.0,47.838,11086.384615384615,11086.384615384615,0.0,11086.384615384615,0.0,0.0,0.0,0.0
19,2015.0,0.0,Tuberculosis,All,11086.384615384615,0.0,0.0,,9.313563219834,-0.6066787145337168,0.0,0.0,0.0,11086.384615384615,0.0,47.838,11086.384615384615,11086.384615384615,0.0,11086.384615384615,0.0,0.0,0.0,0.0
20,2015.0,0.0,Tuberculosis,All,11086.384615384615,0.0,0.0,,9.313563219834,-0.6066787145337168,0.0,0.0,0.0,11086.384615384615,0.0,47.838,11086.384615384615,11086.384615384615,0.0,11086.384615384615,0.0,0.0,0.0,0.0
21,2015.0,0.0,Tuberculosis,All,11086.384615384615,0.0,0.0,,9.313563219834,-0.6066787145337168,0.0,0.0,0.0,11086.384615384615,0.0,47.838,11086.384615384615,11086.384615384615,0.0,11086.384615384615,0.0,0.0,0.0,0.0
22,2015.0,0.0,Tuberculosis,All,11086.384615384615,0.0,0.0,,9.313563219834,-0.6066787145337168,0.0,0.0,0.0,11086.384615384615,0.0,47.838,11086.384615384615,11086.384615384615,0.0,11086.384615384615,0.0,0.0,0.0,0.0
23,2015.0,0.0,Tuberculosis,All,11086.384615384615,0.0,0.0,,9.313563219834,-0.6066787145337168,0.0,0.0,0.0,11086.384615384615,0.0,47.838,11086.384615384615,11086.384615384615,0.0,11086.384615384615,0.0,0.0,0.0,0.0
24,2015.0,0.0,Tuberculosis,All,11086.384615384615,0.0,0.0,,9.313563219834,-0.6066787145337168,0.0,0.0,0.0,11086.384615384615,0.0,47.838,11086.384615384615,11086.384615384615,0.0,11086.384615384615,0.0,0.0,0.0,0.0
25,2015.0,0.0,Tuberculosis,All,11086.384615384615,0.0,0.0,,9.313563219834,-0.6066787145337168,0.0,0.0,0.0,11086.384615384615,0.0,47.838,11086.384615384615,11086.384615384615,0.0,11086.384615384615,0.0,0.0,0.0,0.0
26,2015.0,0.0,Tuberculosis,All,11086.384615384615,0.0,0.0,,9.313563219834,-0.6066787145337168,0.0,0.0,0.0,11086.384615384615,0.0,47.838,11086.384615384615,11086.384615384615,0.0,11086.384615384615,0.0,0.0,0.0,0.0
27,2015.0,0.0,Tuberculosis,All,11086.384615384615,0.0,0.0,,9.313563219834,-0.6066787145337168,0.0,0.0,0.0,11086.384615384615,0.0,47.838,11086.384615384615,11086.384615384615,0.0,11086.384615384615,0.0,0.0,0.0,0.0
28,2015.0,0.0,Tuberculosis,All,11086.384615384615,0.0,0.0,,9.313563219834,-0.6066787145337168,0.0,0.0,0.0,11086.384615384615,0.0,47.838,11086.384615384615,11086.384615384615,0.0,11086.384615384615,0.0,0.0,0.0,0.0
29,2015.0,0.0,Tuberculosis,All,11086.384615384615,0.0,0.0,,9.313563219834,-0.6066787145337168,0.0,0.0,0.0,11086.384615384615,0.0,47.838,11086.384615384615,11086.384615384615,0.0,11086.384615384615,0.0,0.0,0.0,0.0
30,2015.0,0.0,Tuberculosis,All,11086.384615384615,0.0,0.0,,9.313563219834,-0.6066787145337168,0.0,0.0,0.0,11086.384615384615,0.0,47.838,11086.384615384615,11086.384615384615,0.0,11086.384615384615,0.0,0.0,0.0,0.0
31,2015.0,0.0,Tuberculosis,All,11086.384615384615,0.0,0.0,,9.313563219834,-0.6066787145337168,0.0,0.0,0.0,11086.384615384615,0.0,47.838,11086.384615384615,11086.384615384615,0.0,11086.384615384615,0.0,0.0,0.0,0.0
32,2015.0,0.0,Tuberculosis,All,11086.384615384615,0.0,0.0,,9.313563219834,-0.6066787145337168,0.0,0.0,0.0,11086.384615384615,0.0,47.838,11086.384615384615,11086.384615384615,0.0,11086.384615384615,0.0,0.0,0.0,0.0
33,2015.0,0.0,Tuberculosis,All,11086.384615384615,0.0,0.0,,9.313563219834,-0.6066787145337168,0.0,0.0,0.0,11086.384615384615,0.0,47.838,11086.384615384615,11086.384615384615,0.0,11086.384615384615,0.0,0.0,0.0,0.0
34,2015.0,0.0,Tuberculosis,All,11086.384615384615,0.0,0.0,,9.313563219834,-0.6066787145337168,0.0,0.0,0.0,11086.384615384615,0.0,47.838,11086.384615384615,11086.384615384615,0.0,11086.384615384615,0.0,0.0,0.0,0.0
35,2015.0,0.0,Tuberculosis,All,11086.384615384615,0.0,0.0,,9.313563219834,-0.6066787145337168,0.0,0.0,0.0,11086.384615384615,0.0,47.838,11086.384615384615,11086.384615384615,0.0,11086.384615384615,0.0,0.0,0.0,0.0
36,2015.0,0.0,Tuberculosis,All,11086.384615384615,0.0,0.0,,9.313563219834,-0.6066787145337168,0.0,0.0,0.0,11086.384615384615,0.0,47.838,11086.384615384615,11086.384615384615,0.0,11086.384615384615,0.0,0.0,0.0,0.0
37,2015.0,0.0,Tuberculosis,All,11086.384615384615,0.0,0.0,,9.313563219834,-0.6066787145337168,0.0,0.0,0.0,11086.384615384615,0.0,47.838,11086.384615384615,11086.384615384615,0.0,11086.384615384615,0.0,0.0,0.0,0.0
38,2015.0,0.0,Tuberculosis,All,11086.384615384615,0.0,0.0,,9.313563219834,-0.6066787145337168,0.0,0.0,0.0,11086.384615384615,0.0,47.838,11086.384615384615,11086.384615384615,0.0,11086.384615384615,0.0,0.0,0.0,0.0
39,2015.0,0.0,Tuberculosis,All,11086.384615384615,0.0,0.0,,9.313563219834,-0.6066787145337168,0.0,0.0,0.0,11086.384615384615,0.0,47.838,11086.384615384615,11086.384615384615,0.0,11086.384615384615,0.0,0.0,0.0,0.0
40,2015.0,0.0,Tuberculosis,All,11086.384615384615,0.0,0.0,,9.313563219834,-0.6066787145337168,0.0,0.0,0.0,11086.384615384615,0.0,47.838,11086.384615384615,11086.384615384615,0.0,11086.384615384615,0.0,0.0,0.0,0.0
41,2015.0,0.0,Tuberculosis,All,11086.384615384615,0.0,0.0,,9.313563219834,-0.6066787145337168,0.0,0.0,0.0,11086.384615384615,0.0,47.838,11086.384615384615,11086.384615384615,0.0,11086.384615384615,0.0,0.0,0.0,0.0
42,2015.0,0.0,Tuberculosis,All,11086.384615384615,0.0,0.0,,9.313563219834,-0.6066787145337168,0.0,0.0,0.0,11086.384615384615,0.0,47.838,11086.384615384615,11086.384615384615,0.0,11086.384615384615,0.0,0.0,0.0,0.0
43,2015.0,0.0,Tuberculosis,All,11086.384615384615,0.0,0.0,,9.313563219834,-0.6066787145337168,0.0,0.0,0.0,11086.384615384615,0.0,47.838,11086.384615384615,11086.384615384615,0.0,11086.384615384615,0.0,0.0,0.0,0.0
44,2015.0,0.0,Tuberculosis,All,11086.384615384615,0.0,0.0,,9.313563219834,-0.6066787145337168,0.0,0.0,0.0,11086.384615384615,0.0,47.838,11086.384615384615,11086.384615384615,0.0,11086.384615384615,0.0,0.0,0.0,0.0
45,2015.0,0.0,Tuberculosis,All,11086.384615384615,0.0,0.0,,9.313563219834,-0.6066787145337168,0.0,0.0,0.0,11086.384615384615,0.0,47.838,11086.384615384615,11086.384615384615,0.0,11086.384615384615,0.0,0.0,0.0,0.0
46,2015.0,0.0,Tuberculosis,All,11086.384615384615,0.0,0.0,,9.313563219834,-0.6066787145337168,0.0,0.0,0.0,11086.384615384615,0.0,47.838,11086.384615384615,11086.384615384615,0.0,11086.384615384615,0.0,0.0,0.0,0.0
47,2015.0,0.0,Tuberculosis,All,11086.384615384615,0.0,0.0,,9.313563219834,-0.6066787145337168,0.0,0.0,0.0,11086.384615384615,0.0,47.838,11086.384615384615,11086.384615384615,0.0,11086.384615384615,0.0,0.0,0.0,0.0
48,2015.0,0.0,Tuberculosis,All,11086.384615384615,0.0,0.0,,9.313563219834,-0.6066787145337168,0.0,0.0,0.0,11086.384615384615,0.0,47.838,11086.384615384615,11086.384615384615,0.0,11086.384615384615,0.0,0.0,0.0,0.0
49,2015.0,0.0,Tuberculosis,All,11086.384615384615,0.0,0.0,,9.313563219834,-0.6066787145337168,0.0,0.0,0.0,11086.384615384615,0.0,47.838,11086.384615384615,11086.384615384615,0.0,11086.384615384615,0.0,0.0,0.0,0.0
50,2015.0,0.0,Tuberculosis,All,11086.384615384615,0.0,0.0,,9.313563219834,-0.6066787145337168,0.0,0.0,0.0,11086.384615384615,0.0,47.838,11086.384615384615,11086.384615384615,0.0,11086.384615384615,0.0,0.0,0.0,0.0
51,2015.0,0.0,Tuberculosis,All,11086.384615384615,0.0,0.0,,9.313563219834,-0.6066787145337168,0.0,0.0,0.0,11086.384615384615,0.0,47.838,11086.384615384615,11086.384615384615,0.0,11086.384615384615,0.0,0.0,0.0,0.0
52,2015.0,0.0,Tuberculosis,All,11086.384615384615,0.0,0.0,,9.313563219834,-0.6066787145337168,0.0,0.0,0.0,11086.384615384615,0.0,47.838,11086.384615384615,11086.384615384615,0.0,11086.384615384615,0.0,0.0,0.0,0.0
1,2016.0,0.0,Tuberculosis,All,11395.365384615385,0.0,0.0,,9.341049757635869,-0.5580084094392612,0.0,0.0,0.0,11395.365384615385,0.0,48.683,11086.384615384615,11086.384615384615,0.0,11163.629807692307,154.4903846147519,0.0,0.027870291348362188,0.0
2,2016.0,0.0,Tuberculosis,All,11395.365384615385,0.0,0.0,,9.341049757635869,-0.5580084094392612,0.0,0.0,0.0,11395.365384615385,0.0,48.683,11395.365384615385,11240.875,0.0,11240.875,178.39013028926294,0.0,0.0,0.0
3,2016.0,0.0,Tuberculosis,All,11395.365384615385,0.0,0.0,,9.341049757635869,-0.5580084094392612,0.0,0.0,0.0,11395.365384615385,0.0,48.683,11395.365384615385,11395.365384615385,0.0,11318.120192307693,154.49038461477178,0.0,0.0,0.0
4,2016.0,0.0,Tuberculosis,All,11395.365384615385,0.0,0.0,,9.341049757635869,-0.5580084094392612,0.0,0.0,0.0,11395.365384615385,0.0,48.683,11395.365384615385,11395.365384615385,0.0,11395.365384615385,0.0,0.0,0.0,0.0
5,2016.0,0.0,Tuberculosis,All,11395.365384615385,0.0,0.0,,9.341049757635869,-0.5580084094392612,0.0,0.0,0.0,11395.365384615385,0.0,48.683,11395.365384615385,11395.365384615385,0.0,11395.365384615385,0.0,0.0,0.0,0.0
6,2016.0,0.0,Tuberculosis,All,11395.365384615385,0.0,0.0,,9.341049757635869,-0.5580084094392612,0.0,0.0,0.0,11395.365384615385,0.0,48.683,11395.365384615385,11395.365384615385,0.0,11395.365384615385,0.0,0.0,0.0,0.0
7,2016.0,0.0,Tuberculosis,All,11395.365384615385,0.0,0.0,,9.341049757635869,-0.5580084094392612,0.0,0.0,0.0,11395.365384615385,0.0,48.683,11395.365384615385,11395.365384615385,0.0,11395.365384615385,0.0,0.0,0.0,0.0
8,2016.0,0.0,Tuberculosis,All,11395.365384615385,0.0,0.0,,9.341049757635869,-0.5580084094392612,0.0,0.0,0.0,11395.365384615385,0.0,48.683,11395.365384615385,11395.365384615385,0.0,11395.365384615385,0.0,0.0,0.0,0.0
9,2016.0,0.0,Tuberculosis,All,11395.365384615385,0.0,0.0,,9.341049757635869,-0.5580084094392612,0.0,0.0,0.0,11395.365384615385,0.0,48.683,11395.365384615385,11395.365384615385,0.0,11395.365384615385,0.0,0.0,0.0,0.0
10,2016.0,0.0,Tuberculosis,All,11395.365384615385,0.0,0.0,,9.341049757635869,-0.5580084094392612,0.0,0.0,0.0,11395.365384615385,0.0,48.683,11395.365384615385,11395.365384615385,0.0,11395.365384615385,0.0,0.0,0.0,0.0
11,2016.0,0.0,Tuberculosis,All,11395.365384615385,0.0,0.0,,9.341049757635869,-0.5580084094392612,0.0,0.0,0.0,11395.365384615385,0.0,48.683,11395.365384615385,11395.365384615385,0.0,11395.365384615385,0.0,0.0,0.0,0.0
12,2016.0,0.0,Tuberculosis,All,11395.365384615385,0.0,0.0,,9.341049757635869,-0.5580084094392612,0.0,0.0,0.0,11395.365384615385,0.0,48.683,11395.365384615385,11395.365384615385,0.0,11395.365384615385,0.0,0.0,0.0,0.0
13,2016.0,0.0,Tuberculosis,All,11395.365384615385,0.0,0.0,,9.341049757635869,-0.5580084094392612,0.0,0.0,0.0,11395.365384615385,0.0,48.683,11395.365384615385,11395.365384615385,0.0,11395.365384615385,0.0,0.0,0.0,0.0
14,2016.0,0.0,Tuberculosis,All,11395.365384615385,0.0,0.0,,9.341049757635869,-0.5580084094392612,0.0,0.0,0.0,11395.365384615385,0.0,48.683,11395.365384615385,11395.365384615385,0.0,11395.365384615385,0.0,0.0,0.0,0.0
15,2016.0,0.0,Tuberculosis,All,11395.365384615385,0.0,0.0,,9.341049757635869,-0.5580084094392612,0.0,0.0,0.0,11395.365384615385,0.0,48.683,11395.365384615385,11395.365384615385,0.0,11395.365384615385,0.0,0.0,0.0,0.0
16,2016.0,0.0,Tuberculosis,All,11395.365384615385,0.0,0.0,,9.341049757635869,-0.5580084094392612,0.0,0.0,0.0,11395.365384615385,0.0,48.683,11395.365384615385,11395.365384615385,0.0,11395.365384615385,0.0,0.0,0.0,0.0
17,2016.0,0.0,Tuberculosis,All,11395.365384615385,0.0,0.0,,9.341049757635869,-0.5580084094392612,0.0,0.0,0.0,11395.365384615385,0.0,48.683,11395.365384615385,11395.365384615385,0.0,11395.365384615385,0.0,0.0,0.0,0.0
18,2016.0,0.0,Tuberculosis,All,11395.365384615385,0.0,0.0,,9.341049757635869,-0.5580084094392612,0.0,0.0,0.0,11395.365384615385,0.0,48.683,11395.365384615385,11395.365384615385,0.0,11395.365384615385,0.0,0.0,0.0,0.0
19,2016.0,0.0,Tuberculosis,All,11395.365384615385,0.0,0.0,,9.341049757635869,-0.5580084094392612,0.0,0.0,0.0,11395.365384615385,0.0,48.683,11395.365384615385,11395.365384615385,0.0,11395.365384615385,0.0,0.0,0.0,0.0
20,2016.0,0.0,Tuberculosis,All,11395.365384615385,0.0,0.0,,9.341049757635869,-0.5580084094392612,0.0,0.0,0.0,11395.365384615385,0.0,48.683,11395.365384615385,11395.365384615385,0.0,11395.365384615385,0.0,0.0,0.0,0.0
21,2016.0,0.0,Tuberculosis,All,11395.365384615385,0.0,0.0,,9.341049757635869,-0.5580084094392612,0.0,0.0,0.0,11395.365384615385,0.0,48.683,11395.365384615385,11395.365384615385,0.0,11395.365384615385,0.0,0.0,0.0,0.0
22,2016.0,0.0,Tuberculosis,All,11395.365384615385,0.0,0.0,,9.341049757635869,-0.5580084094392612,0.0,0.0,0.0,11395.365384615385,0.0,48.683,11395.365384615385,11395.365384615385,0.0,11395.365384615385,0.0,0.0,0.0,0.0
23,2016.0,0.0,Tuberculosis,All,11395.365384615385,0.0,0.0,,9.341049757635869,-0.5580084094392612,0.0,0.0,0.0,11395.365384615385,0.0,48.683,11395.365384615385,11395.365384615385,0.0,11395.365384615385,0.0,0.0,0.0,0.0
24,2016.0,0.0,Tuberculosis,All,11395.365384615385,0.0,0.0,,9.341049757635869,-0.5580084094392612,0.0,0.0,0.0,11395.365384615385,0.0,48.683,11395.365384615385,11395.365384615385,0.0,11395.365384615385,0.0,0.0,0.0,0.0
25,2016.0,0.0,Tuberculosis,All,11395.365384615385,0.0,0.0,,9.341049757635869,-0.5580084094392612,0.0,0.0,0.0,11395.365384615385,0.0,48.683,11395.365384615385,11395.365384615385,0.0,11395.365384615385,0.0,0.0,0.0,0.0
26,2016.0,0.0,Tuberculosis,All,11395.365384615385,0.0,0.0,,9.341049757635869,-0.5580084094392612,0.0,0.0,0.0,11395.365384615385,0.0,48.683,11395.365384615385,11395.365384615385,0.0,11395.365384615385,0.0,0.0,0.0,0.0
27,2016.0,0.0,Tuberculosis,All,11395.365384615385,0.0,0.0,,9.341049757635869,-0.5580084094392612,0.0,0.0,0.0,11395.365384615385,0.0,48.683,11395.365384615385,11395.365384615385,0.0,11395.365384615385,0.0,0.0,0.0,0.0
28,2016.0,0.0,Tuberculosis,All,11395.365384615385,0.0,0.0,,9.341049757635869,-0.5580084094392612,0.0,0.0,0.0,11395.365384615385,0.0,48.683,11395.365384615385,11395.365384615385,0.0,11395.365384615385,0.0,0.0,0.0,0.0
29,2016.0,0.0,Tuberculosis,All,11395.365384615385,0.0,0.0,,9.341049757635869,-0.5580084094392612,0.0,0.0,0.0,11395.365384615385,0.0,48.683,11395.365384615385,11395.365384615385,0.0,11395.365384615385,0.0,0.0,0.0,0.0
30,2016.0,0.0,Tuberculosis,All,11395.365384615385,0.0,0.0,,9.341049757635869,-0.5580084094392612,0.0,0.0,0.0,11395.365384615385,0.0,48.683,11395.365384615385,11395.365384615385,0.0,11395.365384615385,0.0,0.0,0.0,0.0
31,2016.0,0.0,Tuberculosis,All,11395.365384615385,0.0,0.0,,9.341049757635869,-0.5580084094392612,0.0,0.0,0.0,11395.365384615385,0.0,48.683,11395.365384615385,11395.365384615385,0.0,11395.365384615385,0.0,0.0,0.0,0.0
32,2016.0,0.0,Tuberculosis,All,11395.365384615385,0.0,0.0,,9.341049757635869,-0.5580084094392612,0.0,0.0,0.0,11395.365384615385,0.0,48.683,11395.365384615385,11395.365384615385,0.0,11395.365384615385,0.0,0.0,0.0,0.0
33,2016.0,0.0,Tuberculosis,All,11395.365384615385,0.0,0.0,,9.341049757635869,-0.5580084094392612,0.0,0.0,0.0,11395.365384615385,0.0,48.683,11395.365384615385,11395.365384615385,0.0,11395.365384615385,0.0,0.0,0.0,0.0
34,2016.0,0.0,Tuberculosis,All,11395.365384615385,0.0,0.0,,9.341049757635869,-0.5580084094392612,0.0,0.0,0.0,11395.365384615385,0.0,48.683,11395.365384615385,11395.365384615385,0.0,11395.365384615385,0.0,0.0,0.0,0.0
35,2016.0,0.0,Tuberculosis,All,11395.365384615385,0.0,0.0,,9.341049757635869,-0.5580084094392612,0.0,0.0,0.0,11395.365384615385,0.0,48.683,11395.365384615385,11395.365384615385,0.0,11395.365384615385,0.0,0.0,0.0,0.0
36,2016.0,0.0,Tuberculosis,All,11395.365384615385,0.0,0.0,,9.341049757635869,-0.5580084094392612,0.0,0.0,0.0,11395.365384615385,0.0,48.683,11395.365384615385,11395.365384615385,0.0,11395.365384615385,0.0,0.0,0.0,0.0
37,2016.0,0.0,Tuberculosis,All,11395.365384615385,0.0,0.0,,9.341049757635869,-0.5580084094392612,0.0,0.0,0.0,11395.365384615385,0.0,48.683,11395.365384615385,11395.365384615385,0.0,11395.365384615385,0.0,0.0,0.0,0.0
38,2016.0,0.0,Tuberculosis,All,11395.365384615385,0.0,0.0,,9.341049757635869,-0.5580084094392612,0.0,0.0,0.0,11395.365384615385,0.0,48.683,11395.365384615385,11395.365384615385,0.0,11395.365384615385,0.0,0.0,0.0,0.0
39,2016.0,0.0,Tuberculosis,All,11395.365384615385,0.0,0.0,,9.341049757635869,-0.5580084094392612,0.0,0.0,0.0,11395.365384615385,0.0,48.683,11395.365384615385,11395.365384615385,0.0,11395.365384615385,0.0,0.0,0.0,0.0
40,2016.0,0.0,Tuberculosis,All,11395.365384615385,0.0,0.0,,9.341049757635869,-0.5580084094392612,0.0,0.0,0.0,11395.365384615385,0.0,48.683,11395.365384615385,11395.365384615385,0.0,11395.365384615385,0.0,0.0,0.0,0.0
41,2016.0,0.0,Tuberculosis,All,11395.365384615385,0.0,0.0,,9.341049757635869,-0.5580084094392612,0.0,0.0,0.0,11395.365384615385,0.0,48.683,11395.365384615385,11395.365384615385,0.0,11395.365384615385,0.0,0.0,0.0,0.0
42,2016.0,0.0,Tuberculosis,All,11395.365384615385,0.0,0.0,,9.341049757635869,-0.5580084094392612,0.0,0.0,0.0,11395.365384615385,0.0,48.683,11395.365384615385,11395.365384615385,0.0,11395.365384615385,0.0,0.0,0.0,0.0
43,2016.0,0.0,Tuberculosis,All,11395.365384615385,0.0,0.0,,9.341049757635869,-0.5580084094392612,0.0,0.0,0.0,11395.365384615385,0.0,48.683,11395.365384615385,11395.365384615385,0.0,11395.365384615385,0.0,0.0,0.0,0.0
44,2016.0,0.0,Tuberculosis,All,11395.365384615385,0.0,0.0,,9.341049757635869,-0.5580084094392612,0.0,0.0,0.0,11395.365384615385,0.0,48.683,11395.365384615385,11395.365384615385,0.0,11395.365384615385,0.0,0.0,0.0,0.0
45,2016.0,0.0,Tuberculosis,All,11395.365384615385,0.0,0.0,,9.341049757635869,-0.5580084094392612,0.0,0.0,0.0,11395.365384615385,0.0,48.683,11395.365384615385,11395.365384615385,0.0,11395.365384615385,0.0,0.0,0.0,0.0
46,2016.0,0.0,Tuberculosis,All,11395.365384615385,0.0,0.0,,9.341049757635869,-0.5580084094392612,0.0,0.0,0.0,11395.365384615385,0.0,48.683,11395.365384615385,11395.365384615385,0.0,11395.365384615385,0.0,0.0,0.0,0.0
47,2016.0,0.0,Tuberculosis,All,11395.365384615385,0.0,0.0,,9.341049757635869,-0.5580084094392612,0.0,0.0,0.0,11395.365384615385,0.0,48.683,11395.365384615385,11395.365384615385,0.0,11395.365384615385,0.0,0.0,0.0,0.0
48,2016.0,0.0,Tuberculosis,All,11395.365384615385,0.0,0.0,,9.341049757635869,-0.5580084094392612,0.0,0.0,0.0,11395.365384615385,0.0,48.683,11395.365384615385,11395.365384615385,0.0,11395.365384615385,0.0,0.0,0.0,0.0
49,2016.0,0.0,Tuberculosis,All,11395.365384615385,0.0,0.0,,9.341049757635869,-0.5580084094392612,0.0,0.0,0.0,11395.365384615385,0.0,48.683,11395.365384615385,11395.365384615385,0.0,11395.365384615385,0.0,0.0,0.0,0.0
50,2016.0,0.0,Tuberculosis,All,11395.365384615385,0.0,0.0,,9.341049757635869,-0.5580084094392612,0.0,0.0,0.0,11395.365384615385,0.0,48.683,11395.365384615385,11395.365384615385,0.0,11395.365384615385,0.0,0.0,0.0,0.0
51,2016.0,0.0,Tuberculosis,All,11395.365384615385,0.0,0.0,,9.341049757635869,-0.5580084094392612,0.0,0.0,0.0,11395.365384615385,0.0,48.683,11395.365384615385,11395.365384615385,0.0,11395.365384615385,0.0,0.0,0.0,0.0
52,2016.0,0.0,Tuberculosis,All,11395.365384615385,0.0,0.0,,9.341049757635869,-0.5580084094392612,0.0,0.0,0.0,11395.365384615385,0.0,48.683,11395.365384615385,11395.365384615385,0.0,11395.365384615385,0.0,0.0,0.0,0.0
1,2017.0,0.0,Tuberculosis,All,11589.634615384613,0.0,0.0,,9.357952690260538,-0.527407337548791,0.0,0.0,0.0,11589.634615384613,0.0,49.519,11395.365384615385,11395.365384615385,0.0,11443.932692307691,97.13461538366559,0.0,0.01704809141368183,0.0
2,2017.0,0.0,Tuberculosis,All,11589.634615384613,0.0,0.0,,9.357952690260538,-0.527407337548791,0.0,0.0,0.0,11589.634615384613,0.0,49.519,11589.634615384613,11492.5,0.0,11492.499999999998,112.16139267906233,0.0,0.0,0.0
3,2017.0,0.0,Tuberculosis,All,11589.634615384613,0.0,0.0,,9.357952690260538,-0.527407337548791,0.0,0.0,0.0,11589.634615384613,0.0,49.519,11589.634615384613,11589.634615384613,0.0,11541.067307692305,97.13461538368443,0.0,0.0,0.0
4,2017.0,0.0,Tuberculosis,All,11589.634615384613,0.0,0.0,,9.357952690260538,-0.527407337548791,0.0,0.0,0.0,11589.634615384613,0.0,49.519,11589.634615384613,11589.634615384613,0.0,11589.634615384613,0.0,0.0,0.0,0.0
5,2017.0,0.0,Tuberculosis,All,11589.634615384613,0.0,0.0,,9.357952690260538,-0.527407337548791,0.0,0.0,0.0,11589.634615384613,0.0,49.519,11589.634615384613,11589.634615384613,0.0,11589.634615384613,0.0,0.0,0.0,0.0
6,2017.0,0.0,Tuberculosis,All,11589.634615384613,0.0,0.0,,9.357952690260538,-0.527407337548791,0.0,0.0,0.0,11589.634615384613,0.0,49.519,11589.634615384613,11589.634615384613,0.0,11589.634615384613,0.0,0.0,0.0,0.0
7,2017.0,0.0,Tuberculosis,All,11589.634615384613,0.0,0.0,,9.357952690260538,-0.527407337548791,0.0,0.0,0.0,11589.634615384613,0.0,49.519,11589.634615384613,11589.634615384613,0.0,11589.634615384613,0.0,0.0,0.0,0.0
8,2017.0,0.0,Tuberculosis,All,11589.634615384613,0.0,0.0,,9.357952690260538,-0.527407337548791,0.0,0.0,0.0,11589.634615384613,0.0,49.519,11589.634615384613,11589.634615384613,0.0,11589.634615384613,0.0,0.0,0.0,0.0
9,2017.0,0.0,Tuberculosis,All,11589.634615384613,0.0,0.0,,9.357952690260538,-0.527407337548791,0.0,0.0,0.0,11589.634615384613,0.0,49.519,11589.634615384613,11589.634615384613,0.0,11589.634615384613,0.0,0.0,0.0,0.0
10,2017.0,0.0,Tuberculosis,All,11589.634615384613,0.0,0.0,,9.357952690260538,-0.527407337548791,0.0,0.0,0.0,11589.634615384613,0.0,49.519,11589.634615384613,11589.634615384613,0.0,11589.634615384613,0.0,0.0,0.0,0.0
11,2017.0,0.0,Tuberculosis,All,11589.634615384613,0.0,0.0,,9.357952690260538,-0.527407337548791,0.0,0.0,0.0,11589.634615384613,0.0,49.519,11589.634615384613,11589.634615384613,0.0,11589.634615384613,0.0,0.0,0.0,0.0
12,2017.0,0.0,Tuberculosis,All,11589.634615384613,0.0,0.0,,9.357952690260538,-0.527407337548791,0.0,0.0,0.0,11589.634615384613,0.0,49.519,11589.634615384613,11589.634615384613,0.0,11589.634615384613,0.0,0.0,0.0,0.0
13,2017.0,0.0,Tuberculosis,All,11589.634615384613,0.0,0.0,,9.357952690260538,-0.527407337548791,0.0,0.0,0.0,11589.634615384613,0.0,49.519,11589.634615384613,11589.634615384613,0.0,11589.634615384613,0.0,0.0,0.0,0.0
14,2017.0,0.0,Tuberculosis,All,11589.634615384613,0.0,0.0,,9.357952690260538,-0.527407337548791,0.0,0.0,0.0,11589.634615384613,0.0,49.519,11589.634615384613,11589.634615384613,0.0,11589.634615384613,0.0,0.0,0.0,0.0
15,2017.0,0.0,Tuberculosis,All,11589.634615384613,0.0,0.0,,9.357952690260538,-0.527407337548791,0.0,0.0,0.0,11589.634615384613,0.0,49.519,11589.634615384613,11589.634615384613,0.0,11589.634615384613,0.0,0.0,0.0,0.0
16,2017.0,0.0,Tuberculosis,All,11589.634615384613,0.0,0.0,,9.357952690260538,-0.527407337548791,0.0,0.0,0.0,11589.634615384613,0.0,49.519,11589.634615384613,11589.634615384613,0.0,11589.634615384613,0.0,0.0,0.0,0.0
17,2017.0,0.0,Tuberculosis,All,11589.634615384613,0.0,0.0,,9.357952690260538,-0.527407337548791,0.0,0.0,0.0,11589.634615384613,0.0,49.519,11589.634615384613,11589.634615384613,0.0,11589.634615384613,0.0,0.0,0.0,0.0
18,2017.0,0.0,Tuberculosis,All,11589.634615384613,0.0,0.0,,9.357952690260538,-0.527407337548791,0.0,0.0,0.0,11589.634615384613,0.0,49.519,11589.634615384613,11589.634615384613,0.0,11589.634615384613,0.0,0.0,0.0,0.0
19,2017.0,0.0,Tuberculosis,All,11589.634615384613,0.0,0.0,,9.357952690260538,-0.527407337548791,0.0,0.0,0.0,11589.634615384613,0.0,49.519,11589.634615384613,11589.634615384613,0.0,11589.634615384613,0.0,0.0,0.0,0.0
20,2017.0,0.0,Tuberculosis,All,11589.634615384613,0.0,0.0,,9.357952690260538,-0.527407337548791,0.0,0.0,0.0,11589.634615384613,0.0,49.519,11589.634615384613,11589.634615384613,0.0,11589.634615384613,0.0,0.0,0.0,0.0
21,2017.0,0.0,Tuberculosis,All,11589.634615384613,0.0,0.0,,9.357952690260538,-0.527407337548791,0.0,0.0,0.0,11589.634615384613,0.0,49.519,11589.634615384613,11589.634615384613,0.0,11589.634615384613,0.0,0.0,0.0,0.0
22,2017.0,0.0,Tuberculosis,All,11589.634615384613,0.0,0.0,,9.357952690260538,-0.527407337548791,0.0,0.0,0.0,11589.634615384613,0.0,49.519,11589.634615384613,11589.634615384613,0.0,11589.634615384613,0.0,0.0,0.0,0.0
23,2017.0,0.0,Tuberculosis,All,11589.634615384613,0.0,0.0,,9.357952690260538,-0.527407337548791,0.0,0.0,0.0,11589.634615384613,0.0,49.519,11589.634615384613,11589.634615384613,0.0,11589.634615384613,0.0,0.0,0.0,0.0
24,2017.0,0.0,Tuberculosis,All,11589.634615384613,0.0,0.0,,9.357952690260538,-0.527407337548791,0.0,0.0,0.0,11589.634615384613,0.0,49.519,11589.634615384613,11589.634615384613,0.0,11589.634615384613,0.0,0.0,0.0,0.0
25,2017.0,0.0,Tuberculosis,All,11589.634615384613,0.0,0.0,,9.357952690260538,-0.527407337548791,0.0,0.0,0.0,11589.634615384613,0.0,49.519,11589.634615384613,11589.634615384613,0.0,11589.634615384613,0.0,0.0,0.0,0.0
26,2017.0,0.0,Tuberculosis,All,11589.634615384613,0.0,0.0,,9.357952690260538,-0.527407337548791,0.0,0.0,0.0,11589.634615384613,0.0,49.519,11589.634615384613,11589.634615384613,0.0,11589.634615384613,0.0,0.0,0.0,0.0
27,2017.0,0.0,Tuberculosis,All,11589.634615384613,0.0,0.0,,9.357952690260538,-0.527407337548791,0.0,0.0,0.0,11589.634615384613,0.0,49.519,11589.634615384613,11589.634615384613,0.0,11589.634615384613,0.0,0.0,0.0,0.0
28,2017.0,0.0,Tuberculosis,All,11589.634615384613,0.0,0.0,,9.357952690260538,-0.527407337548791,0.0,0.0,0.0,11589.634615384613,0.0,49.519,11589.634615384613,11589.634615384613,0.0,11589.634615384613,0.0,0.0,0.0,0.0
29,2017.0,0.0,Tuberculosis,All,11589.634615384613,0.0,0.0,,9.357952690260538,-0.527407337548791,0.0,0.0,0.0,11589.634615384613,0.0,49.519,11589.634615384613,11589.634615384613,0.0,11589.634615384613,0.0,0.0,0.0,0.0
30,2017.0,0.0,Tuberculosis,All,11589.634615384613,0.0,0.0,,9.357952690260538,-0.527407337548791,0.0,0.0,0.0,11589.634615384613,0.0,49.519,11589.634615384613,11589.634615384613,0.0,11589.634615384613,0.0,0.0,0.0,0.0
31,2017.0,0.0,Tuberculosis,All,11589.634615384613,0.0,0.0,,9.357952690260538,-0.527407337548791,0.0,0.0,0.0,11589.634615384613,0.0,49.519,11589.634615384613,11589.634615384613,0.0,11589.634615384613,0.0,0.0,0.0,0.0
32,2017.0,0.0,Tuberculosis,All,11589.634615384613,0.0,0.0,,9.357952690260538,-0.527407337548791,0.0,0.0,0.0,11589.634615384613,0.0,49.519,11589.634615384613,11589.634615384613,0.0,11589.634615384613,0.0,0.0,0.0,0.0
33,2017.0,0.0,Tuberculosis,All,11589.634615384613,0.0,0.0,,9.357952690260538,-0.527407337548791,0.0,0.0,0.0,11589.634615384613,0.0,49.519,11589.634615384613,11589.634615384613,0.0,11589.634615384613,0.0,0.0,0.0,0.0
34,2017.0,0.0,Tuberculosis,All,11589.634615384613,0.0,0.0,,9.357952690260538,-0.527407337548791,0.0,0.0,0.0,11589.634615384613,0.0,49.519,11589.634615384613,11589.634615384613,0.0,11589.634615384613,0.0,0.0,0.0,0.0
35,2017.0,0.0,Tuberculosis,All,11589.634615384613,0.0,0.0,,9.357952690260538,-0.527407337548791,0.0,0.0,0.0,11589.634615384613,0.0,49.519,11589.634615384613,11589.634615384613,0.0,11589.634615384613,0.0,0.0,0.0,0.0
36,2017.0,0.0,Tuberculosis,All,11589.634615384613,0.0,0.0,,9.357952690260538,-0.527407337548791,0.0,0.0,0.0,11589.634615384613,0.0,49.519,11589.634615384613,11589.634615384613,0.0,11589.634615384613,0.0,0.0,0.0,0.0
37,2017.0,0.0,Tuberculosis,All,11589.634615384613,0.0,0.0,,9.357952690260538,-0.527407337548791,0.0,0.0,0.0,11589.634615384613,0.0,49.519,11589.634615384613,11589.634615384613,0.0,11589.634615384613,0.0,0.0,0.0,0.0
38,2017.0,0.0,Tuberculosis,All,11589.634615384613,0.0,0.0,,9.357952690260538,-0.527407337548791,0.0,0.0,0.0,11589.634615384613,0.0,49.519,11589.634615384613,11589.634615384613,0.0,11589.634615384613,0.0,0.0,0.0,0.0
39,2017.0,0.0,Tuberculosis,All,11589.634615384613,0.0,0.0,,9.357952690260538,-0.527407337548791,0.0,0.0,0.0,11589.634615384613,0.0,49.519,11589.634615384613,11589.634615384613,0.0,11589.634615384613,0.0,0.0,0.0,0.0
40,2017.0,0.0,Tuberculosis,All,11589.634615384613,0.0,0.0,,9.357952690260538,-0.527407337548791,0.0,0.0,0.0,11589.634615384613,0.0,49.519,11589.634615384613,11589.634615384613,0.0,11589.634615384613,0.0,0.0,0.0,0.0
41,2017.0,0.0,Tuberculosis,All,11589.634615384613,0.0,0.0,,9.357952690260538,-0.527407337548791,0.0,0.0,0.0,11589.634615384613,0.0,49.519,11589.634615384613,11589.634615384613,0.0,11589.634615384613,0.0,0.0,0.0,0.0
42,2017.0,0.0,Tuberculosis,All,11589.634615384613,0.0,0.0,,9.357952690260538,-0.527407337548791,0.0,0.0,0.0,11589.634615384613,0.0,49.519,11589.634615384613,11589.634615384613,0.0,11589.634615384613,0.0,0.0,0.0,0.0
43,2017.0,0.0,Tuberculosis,All,11589.634615384613,0.0,0.0,,9.357952690260538,-0.527407337548791,0.0,0.0,0.0,11589.634615384613,0.0,49.519,11589.634615384613,11589.634615384613,0.0,11589.634615384613,0.0,0.0,0.0,0.0
44,2017.0,0.0,Tuberculosis,All,11589.634615384613,0.0,0.0,,9.357952690260538,-0.527407337548791,0.0,0.0,0.0,11589.634615384613,0.0,49.519,11589.634615384613,11589.634615384613,0.0,11589.634615384613,0.0,0.0,0.0,0.0
45,2017.0,0.0,Tuberculosis,All,11589.634615384613,0.0,0.0,,9.357952690260538,-0.527407337548791,0.0,0.0,0.0,11589.634615384613,0.0,49.519,11589.634615384613,11589.634615384613,0.0,11589.634615384613,0.0,0.0,0.0,0.0
46,2017.0,0.0,Tuberculosis,All,11589.634615384613,0.0,0.0,,9.357952690260538,-0.527407337548791,0.0,0.0,0.0,11589.634615384613,0.0,49.519,11589.634615384613,11589.634615384613,0.0,11589.634615384613,0.0,0.0,0.0,0.0
47,2017.0,0.0,Tuberculosis,All,11589.634615384613,0.0,0.0,,9.357952690260538,-0.527407337548791,0.0,0.0,0.0,11589.634615384613,0.0,49.519,11589.634615384613,11589.634615384613,0.0,11589.634615384613,0.0,0.0,0.0,0.0
48,2017.0,0.0,Tuberculosis,All,11589.634615384613,0.0,0.0,,9.357952690260538,-0.527407337548791,0.0,0.0,0.0,11589.634615384613,0.0,49.519,11589.634615384613,11589.634615384613,0.0,11589.634615384613,0.0,0.0,0.0,0.0
49,2017.0,0.0,Tuberculosis,All,11589.634615384613,0.0,0.0,,9.357952690260538,-0.527407337548791,0.0,0.0,0.0,11589.634615384613,0.0,49.519,11589.634615384613,11589.634615384613,0.0,11589.634615384613,0.0,0.0,0.0,0.0
50,2017.0,0.0,Tuberculosis,All,11589.634615384613,0.0,0.0,,9.357952690260538,-0.527407337548791,0.0,0.0,0.0,11589.634615384613,0.0,49.519,11589.634615384613,11589.634615384613,0.0,11589.634615384613,0.0,0.0,0.0,0.0
51,2017.0,0.0,Tuberculosis,All,11589.634615384613,0.0,0.0,,9.357952690260538,-0.527407337548791,0.0,0.0,0.0,11589.634615384613,0.0,49.519,11589.634615384613,11589.634615384613,0.0,11589.634615384613,0.0,0.0,0.0,0.0
52,2017.0,0.0,Tuberculosis,All,11589.634615384613,0.0,0.0,,9.357952690260538,-0.527407337548791,0.0,0.0,0.0,11589.634615384613,0.0,49.519,11589.634615384613,11589.634615384613,0.0,11589.634615384613,0.0,0.0,0.0,0.0
1,2018.0,0.0,Tuberculosis,All,11696.153846153848,0.0,0.0,,9.367100830180597,-0.5106285474872863,0.0,0.0,0.0,11696.153846153848,204938755.0,50.344,11589.634615384613,11589.634615384613,0.0,11616.264423076922,53.259615382947835,0.0,0.009190905002978748,5.7071459452136555
2,2018.0,0.0,Tuberculosis,All,11696.153846153848,0.0,0.0,,9.367100830180597,-0.5106285474872863,0.0,0.0,0.0,11696.153846153848,204938755.0,50.344,11696.153846153848,11642.89423076923,0.0,11642.89423076923,61.498906557052,0.0,0.0,5.7071459452136555
3,2018.0,0.0,Tuberculosis,All,11696.153846153848,0.0,0.0,,9.367100830180597,-0.5106285474872863,0.0,0.0,0.0,11696.153846153848,204938755.0,50.344,11696.153846153848,11696.153846153848,0.0,11669.524038461539,53.25961538296709,0.0,0.0,5.7071459452136555
4,2018.0,0.0,Tuberculosis,All,11696.153846153848,0.0,0.0,,9.367100830180597,-0.5106285474872863,0.0,0.0,0.0,11696.153846153848,204938755.0,50.344,11696.153846153848,11696.153846153848,0.0,11696.153846153848,0.0,0.0,0.0,5.7071459452136555
5,2018.0,0.0,Tuberculosis,All,11696.153846153848,0.0,0.0,,9.367100830180597,-0.5106285474872863,0.0,0.0,0.0,11696.153846153848,204938755.0,50.344,11696.153846153848,11696.153846153848,0.0,11696.153846153848,0.0,0.0,0.0,5.7071459452136555
6,2018.0,0.0,Tuberculosis,All,11696.153846153848,0.0,0.0,,9.367100830180597,-0.5106285474872863,0.0,0.0,0.0,11696.153846153848,204938755.0,50.344,11696.153846153848,11696.153846153848,0.0,11696.153846153848,0.0,0.0,0.0,5.7071459452136555
7,2018.0,0.0,Tuberculosis,All,11696.153846153848,0.0,0.0,,9.367100830180597,-0.5106285474872863,0.0,0.0,0.0,11696.153846153848,204938755.0,50.344,11696.153846153848,11696.153846153848,0.0,11696.153846153848,0.0,0.0,0.0,5.7071459452136555
8,2018.0,0.0,Tuberculosis,All,11696.153846153848,0.0,0.0,,9.367100830180597,-0.5106285474872863,0.0,0.0,0.0,11696.153846153848,204938755.0,50.344,11696.153846153848,11696.153846153848,0.0,11696.153846153848,0.0,0.0,0.0,5.7071459452136555
9,2018.0,0.0,Tuberculosis,All,11696.153846153848,0.0,0.0,,9.367100830180597,-0.5106285474872863,0.0,0.0,0.0,11696.153846153848,204938755.0,50.344,11696.153846153848,11696.153846153848,0.0,11696.153846153848,0.0,0.0,0.0,5.7071459452136555
10,2018.0,0.0,Tuberculosis,All,11696.153846153848,0.0,0.0,,9.367100830180597,-0.5106285474872863,0.0,0.0,0.0,11696.153846153848,204938755.0,50.344,11696.153846153848,11696.153846153848,0.0,11696.153846153848,0.0,0.0,0.0,5.7071459452136555
11,2018.0,0.0,Tuberculosis,All,11696.153846153848,0.0,0.0,,9.367100830180597,-0.5106285474872863,0.0,0.0,0.0,11696.153846153848,204938755.0,50.344,11696.153846153848,11696.153846153848,0.0,11696.153846153848,0.0,0.0,0.0,5.7071459452136555
12,2018.0,0.0,Tuberculosis,All,11696.153846153848,0.0,0.0,,9.367100830180597,-0.5106285474872863,0.0,0.0,0.0,11696.153846153848,204938755.0,50.344,11696.153846153848,11696.153846153848,0.0,11696.153846153848,0.0,0.0,0.0,5.7071459452136555
13,2018.0,0.0,Tuberculosis,All,11696.153846153848,0.0,0.0,,9.367100830180597,-0.5106285474872863,0.0,0.0,0.0,11696.153846153848,204938755.0,50.344,11696.153846153848,11696.153846153848,0.0,11696.153846153848,0.0,0.0,0.0,5.7071459452136555
14,2018.0,0.0,Tuberculosis,All,11696.153846153848,0.0,0.0,,9.367100830180597,-0.5106285474872863,0.0,0.0,0.0,11696.153846153848,204938755.0,50.344,11696.153846153848,11696.153846153848,0.0,11696.153846153848,0.0,0.0,0.0,5.7071459452136555
15,2018.0,0.0,Tuberculosis,All,11696.153846153848,0.0,0.0,,9.367100830180597,-0.5106285474872863,0.0,0.0,0.0,11696.153846153848,204938755.0,50.344,11696.153846153848,11696.153846153848,0.0,11696.153846153848,0.0,0.0,0.0,5.7071459452136555
16,2018.0,0.0,Tuberculosis,All,11696.153846153848,0.0,0.0,,9.367100830180597,-0.5106285474872863,0.0,0.0,0.0,11696.153846153848,204938755.0,50.344,11696.153846153848,11696.153846153848,0.0,11696.153846153848,0.0,0.0,0.0,5.7071459452136555
17,2018.0,0.0,Tuberculosis,All,11696.153846153848,0.0,0.0,,9.367100830180597,-0.5106285474872863,0.0,0.0,0.0,11696.153846153848,204938755.0,50.344,11696.153846153848,11696.153846153848,0.0,11696.153846153848,0.0,0.0,0.0,5.7071459452136555
18,2018.0,0.0,Tuberculosis,All,11696.153846153848,0.0,0.0,,9.367100830180597,-0.5106285474872863,0.0,0.0,0.0,11696.153846153848,204938755.0,50.344,11696.153846153848,11696.153846153848,0.0,11696.153846153848,0.0,0.0,0.0,5.7071459452136555
19,2018.0,0.0,Tuberculosis,All,11696.153846153848,0.0,0.0,,9.367100830180597,-0.5106285474872863,0.0,0.0,0.0,11696.153846153848,204938755.0,50.344,11696.153846153848,11696.153846153848,0.0,11696.153846153848,0.0,0.0,0.0,5.7071459452136555
20,2018.0,0.0,Tuberculosis,All,11696.153846153848,0.0,0.0,,9.367100830180597,-0.5106285474872863,0.0,0.0,0.0,11696.153846153848,204938755.0,50.344,11696.153846153848,11696.153846153848,0.0,11696.153846153848,0.0,0.0,0.0,5.7071459452136555
21,2018.0,0.0,Tuberculosis,All,11696.153846153848,0.0,0.0,,9.367100830180597,-0.5106285474872863,0.0,0.0,0.0,11696.153846153848,204938755.0,50.344,11696.153846153848,11696.153846153848,0.0,11696.153846153848,0.0,0.0,0.0,5.7071459452136555
22,2018.0,0.0,Tuberculosis,All,11696.153846153848,0.0,0.0,,9.367100830180597,-0.5106285474872863,0.0,0.0,0.0,11696.153846153848,204938755.0,50.344,11696.153846153848,11696.153846153848,0.0,11696.153846153848,0.0,0.0,0.0,5.7071459452136555
23,2018.0,0.0,Tuberculosis,All,11696.153846153848,0.0,0.0,,9.367100830180597,-0.5106285474872863,0.0,0.0,0.0,11696.153846153848,204938755.0,50.344,11696.153846153848,11696.153846153848,0.0,11696.153846153848,0.0,0.0,0.0,5.7071459452136555
24,2018.0,0.0,Tuberculosis,All,11696.153846153848,0.0,0.0,,9.367100830180597,-0.5106285474872863,0.0,0.0,0.0,11696.153846153848,204938755.0,50.344,11696.153846153848,11696.153846153848,0.0,11696.153846153848,0.0,0.0,0.0,5.7071459452136555
25,2018.0,0.0,Tuberculosis,All,11696.153846153848,0.0,0.0,,9.367100830180597,-0.5106285474872863,0.0,0.0,0.0,11696.153846153848,204938755.0,50.344,11696.153846153848,11696.153846153848,0.0,11696.153846153848,0.0,0.0,0.0,5.7071459452136555
26,2018.0,0.0,Tuberculosis,All,11696.153846153848,0.0,0.0,,9.367100830180597,-0.5106285474872863,0.0,0.0,0.0,11696.153846153848,204938755.0,50.344,11696.153846153848,11696.153846153848,0.0,11696.153846153848,0.0,0.0,0.0,5.7071459452136555
27,2018.0,0.0,Tuberculosis,All,11696.153846153848,0.0,0.0,,9.367100830180597,-0.5106285474872863,0.0,0.0,0.0,11696.153846153848,204938755.0,50.344,11696.153846153848,11696.153846153848,0.0,11696.153846153848,0.0,0.0,0.0,5.7071459452136555
28,2018.0,0.0,Tuberculosis,All,11696.153846153848,0.0,0.0,,9.367100830180597,-0.5106285474872863,0.0,0.0,0.0,11696.153846153848,204938755.0,50.344,11696.153846153848,11696.153846153848,0.0,11696.153846153848,0.0,0.0,0.0,5.7071459452136555
29,2018.0,0.0,Tuberculosis,All,11696.153846153848,0.0,0.0,,9.367100830180597,-0.5106285474872863,0.0,0.0,0.0,11696.153846153848,204938755.0,50.344,11696.153846153848,11696.153846153848,0.0,11696.153846153848,0.0,0.0,0.0,5.7071459452136555
30,2018.0,0.0,Tuberculosis,All,11696.153846153848,0.0,0.0,,9.367100830180597,-0.5106285474872863,0.0,0.0,0.0,11696.153846153848,204938755.0,50.344,11696.153846153848,11696.153846153848,0.0,11696.153846153848,0.0,0.0,0.0,5.7071459452136555
31,2018.0,0.0,Tuberculosis,All,11696.153846153848,0.0,0.0,,9.367100830180597,-0.5106285474872863,0.0,0.0,0.0,11696.153846153848,204938755.0,50.344,11696.153846153848,11696.153846153848,0.0,11696.153846153848,0.0,0.0,0.0,5.7071459452136555
32,2018.0,0.0,Tuberculosis,All,11696.153846153848,0.0,0.0,,9.367100830180597,-0.5106285474872863,0.0,0.0,0.0,11696.153846153848,204938755.0,50.344,11696.153846153848,11696.153846153848,0.0,11696.153846153848,0.0,0.0,0.0,5.7071459452136555
33,2018.0,0.0,Tuberculosis,All,11696.153846153848,0.0,0.0,,9.367100830180597,-0.5106285474872863,0.0,0.0,0.0,11696.153846153848,204938755.0,50.344,11696.153846153848,11696.153846153848,0.0,11696.153846153848,0.0,0.0,0.0,5.7071459452136555
34,2018.0,0.0,Tuberculosis,All,11696.153846153848,0.0,0.0,,9.367100830180597,-0.5106285474872863,0.0,0.0,0.0,11696.153846153848,204938755.0,50.344,11696.153846153848,11696.153846153848,0.0,11696.153846153848,0.0,0.0,0.0,5.7071459452136555
35,2018.0,0.0,Tuberculosis,All,11696.153846153848,0.0,0.0,,9.367100830180597,-0.5106285474872863,0.0,0.0,0.0,11696.153846153848,204938755.0,50.344,11696.153846153848,11696.153846153848,0.0,11696.153846153848,0.0,0.0,0.0,5.7071459452136555
36,2018.0,0.0,Tuberculosis,All,11696.153846153848,0.0,0.0,,9.367100830180597,-0.5106285474872863,0.0,0.0,0.0,11696.153846153848,204938755.0,50.344,11696.153846153848,11696.153846153848,0.0,11696.153846153848,0.0,0.0,0.0,5.7071459452136555
37,2018.0,0.0,Tuberculosis,All,11696.153846153848,0.0,0.0,,9.367100830180597,-0.5106285474872863,0.0,0.0,0.0,11696.153846153848,204938755.0,50.344,11696.153846153848,11696.153846153848,0.0,11696.153846153848,0.0,0.0,0.0,5.7071459452136555
38,2018.0,0.0,Tuberculosis,All,11696.153846153848,0.0,0.0,,9.367100830180597,-0.5106285474872863,0.0,0.0,0.0,11696.153846153848,204938755.0,50.344,11696.153846153848,11696.153846153848,0.0,11696.153846153848,0.0,0.0,0.0,5.7071459452136555
39,2018.0,0.0,Tuberculosis,All,11696.153846153848,0.0,0.0,,9.367100830180597,-0.5106285474872863,0.0,0.0,0.0,11696.153846153848,204938755.0,50.344,11696.153846153848,11696.153846153848,0.0,11696.153846153848,0.0,0.0,0.0,5.7071459452136555
40,2018.0,0.0,Tuberculosis,All,11696.153846153848,0.0,0.0,,9.367100830180597,-0.5106285474872863,0.0,0.0,0.0,11696.153846153848,204938755.0,50.344,11696.153846153848,11696.153846153848,0.0,11696.153846153848,0.0,0.0,0.0,5.7071459452136555
41,2018.0,0.0,Tuberculosis,All,11696.153846153848,0.0,0.0,,9.367100830180597,-0.5106285474872863,0.0,0.0,0.0,11696.153846153848,204938755.0,50.344,11696.153846153848,11696.153846153848,0.0,11696.153846153848,0.0,0.0,0.0,5.7071459452136555
42,2018.0,0.0,Tuberculosis,All,11696.153846153848,0.0,0.0,,9.367100830180597,-0.5106285474872863,0.0,0.0,0.0,11696.153846153848,204938755.0,50.344,11696.153846153848,11696.153846153848,0.0,11696.153846153848,0.0,0.0,0.0,5.7071459452136555
43,2018.0,0.0,Tuberculosis,All,11696.153846153848,0.0,0.0,,9.367100830180597,-0.5106285474872863,0.0,0.0,0.0,11696.153846153848,204938755.0,50.344,11696.153846153848,11696.153846153848,0.0,11696.153846153848,0.0,0.0,0.0,5.7071459452136555
44,2018.0,0.0,Tuberculosis,All,11696.153846153848,0.0,0.0,,9.367100830180597,-0.5106285474872863,0.0,0.0,0.0,11696.153846153848,204938755.0,50.344,11696.153846153848,11696.153846153848,0.0,11696.153846153848,0.0,0.0,0.0,5.7071459452136555
45,2018.0,0.0,Tuberculosis,All,11696.153846153848,0.0,0.0,,9.367100830180597,-0.5106285474872863,0.0,0.0,0.0,11696.153846153848,204938755.0,50.344,11696.153846153848,11696.153846153848,0.0,11696.153846153848,0.0,0.0,0.0,5.7071459452136555
46,2018.0,0.0,Tuberculosis,All,11696.153846153848,0.0,0.0,,9.367100830180597,-0.5106285474872863,0.0,0.0,0.0,11696.153846153848,204938755.0,50.344,11696.153846153848,11696.153846153848,0.0,11696.153846153848,0.0,0.0,0.0,5.7071459452136555
47,2018.0,0.0,Tuberculosis,All,11696.153846153848,0.0,0.0,,9.367100830180597,-0.5106285474872863,0.0,0.0,0.0,11696.153846153848,204938755.0,50.344,11696.153846153848,11696.153846153848,0.0,11696.153846153848,0.0,0.0,0.0,5.7071459452136555
48,2018.0,0.0,Tuberculosis,All,11696.153846153848,0.0,0.0,,9.367100830180597,-0.5106285474872863,0.0,0.0,0.0,11696.153846153848,204938755.0,50.344,11696.153846153848,11696.153846153848,0.0,11696.153846153848,0.0,0.0,0.0,5.7071459452136555
49,2018.0,0.0,Tuberculosis,All,11696.153846153848,0.0,0.0,,9.367100830180597,-0.5106285474872863,0.0,0.0,0.0,11696.153846153848,204938755.0,50.344,11696.153846153848,11696.153846153848,0.0,11696.153846153848,0.0,0.0,0.0,5.7071459452136555
50,2018.0,0.0,Tuberculosis,All,11696.153846153848,0.0,0.0,,9.367100830180597,-0.5106285474872863,0.0,0.0,0.0,11696.153846153848,204938755.0,50.344,11696.153846153848,11696.153846153848,0.0,11696.153846153848,0.0,0.0,0.0,5.7071459452136555
51,2018.0,0.0,Tuberculosis,All,11696.153846153848,0.0,0.0,,9.367100830180597,-0.5106285474872863,0.0,0.0,0.0,11696.153846153848,204938755.0,50.344,11696.153846153848,11696.153846153848,0.0,11696.153846153848,0.0,0.0,0.0,5.7071459452136555
52,2018.0,0.0,Tuberculosis,All,11696.153846153848,0.0,0.0,,9.367100830180597,-0.5106285474872863,0.0,0.0,0.0,11696.153846153848,204938755.0,50.344,11696.153846153848,11696.153846153848,0.0,11696.153846153848,0.0,0.0,0.0,5.7071459452136555
1,2019.0,0.0,Tuberculosis,All,12012.634615384615,0.0,0.0,,9.393797501711775,-0.4607768507835176,0.0,0.0,0.0,12012.634615384615,209485641.0,51.157,11696.153846153848,11696.153846153848,0.0,11775.27403846154,158.24038461484184,0.0,0.027058533377178427,5.734347498969925
2,2019.0,0.0,Tuberculosis,All,12012.634615384615,0.0,0.0,,9.393797501711775,-0.4607768507835176,0.0,0.0,0.0,12012.634615384615,209485641.0,51.157,12012.634615384615,11854.39423076923,0.0,11854.39423076923,182.72025730826277,0.0,0.0,5.734347498969925
3,2019.0,0.0,Tuberculosis,All,12012.634615384615,0.0,0.0,,9.393797501711775,-0.4607768507835176,0.0,0.0,0.0,12012.634615384615,209485641.0,51.157,12012.634615384615,12012.634615384615,0.0,11933.514423076924,158.24038461486217,0.0,0.0,5.734347498969925
4,2019.0,0.0,Tuberculosis,All,12012.634615384615,0.0,0.0,,9.393797501711775,-0.4607768507835176,0.0,0.0,0.0,12012.634615384615,209485641.0,51.157,12012.634615384615,12012.634615384615,0.0,12012.634615384615,0.0,0.0,0.0,5.734347498969925
5,2019.0,0.0,Tuberculosis,All,12012.634615384615,0.0,0.0,,9.393797501711775,-0.4607768507835176,0.0,0.0,0.0,12012.634615384615,209485641.0,51.157,12012.634615384615,12012.634615384615,0.0,12012.634615384615,0.0,0.0,0.0,5.734347498969925
6,2019.0,0.0,Tuberculosis,All,12012.634615384615,0.0,0.0,,9.393797501711775,-0.4607768507835176,0.0,0.0,0.0,12012.634615384615,209485641.0,51.157,12012.634615384615,12012.634615384615,0.0,12012.634615384615,0.0,0.0,0.0,5.734347498969925
7,2019.0,0.0,Tuberculosis,All,12012.634615384615,0.0,0.0,,9.393797501711775,-0.4607768507835176,0.0,0.0,0.0,12012.634615384615,209485641.0,51.157,12012.634615384615,12012.634615384615,0.0,12012.634615384615,0.0,0.0,0.0,5.734347498969925
8,2019.0,0.0,Tuberculosis,All,12012.634615384615,0.0,0.0,,9.393797501711775,-0.4607768507835176,0.0,0.0,0.0,12012.634615384615,209485641.0,51.157,12012.634615384615,12012.634615384615,0.0,12012.634615384615,0.0,0.0,0.0,5.734347498969925
9,2019.0,0.0,Tuberculosis,All,12012.634615384615,0.0,0.0,,9.393797501711775,-0.4607768507835176,0.0,0.0,0.0,12012.634615384615,209485641.0,51.157,12012.634615384615,12012.634615384615,0.0,12012.634615384615,0.0,0.0,0.0,5.734347498969925
10,2019.0,0.0,Tuberculosis,All,12012.634615384615,0.0,0.0,,9.393797501711775,-0.4607768507835176,0.0,0.0,0.0,12012.634615384615,209485641.0,51.157,12012.634615384615,12012.634615384615,0.0,12012.634615384615,0.0,0.0,0.0,5.734347498969925
11,2019.0,0.0,Tuberculosis,All,12012.634615384615,0.0,0.0,,9.393797501711775,-0.4607768507835176,0.0,0.0,0.0,12012.634615384615,209485641.0,51.157,12012.634615384615,12012.634615384615,0.0,12012.634615384615,0.0,0.0,0.0,5.734347498969925
12,2019.0,0.0,Tuberculosis,All,12012.634615384615,0.0,0.0,,9.393797501711775,-0.4607768507835176,0.0,0.0,0.0,12012.634615384615,209485641.0,51.157,12012.634615384615,12012.634615384615,0.0,12012.634615384615,0.0,0.0,0.0,5.734347498969925
13,2019.0,0.0,Tuberculosis,All,12012.634615384615,0.0,0.0,,9.393797501711775,-0.4607768507835176,0.0,0.0,0.0,12012.634615384615,209485641.0,51.157,12012.634615384615,12012.634615384615,0.0,12012.634615384615,0.0,0.0,0.0,5.734347498969925
14,2019.0,0.0,Tuberculosis,All,12012.634615384615,0.0,0.0,,9.393797501711775,-0.4607768507835176,0.0,0.0,0.0,12012.634615384615,209485641.0,51.157,12012.634615384615,12012.634615384615,0.0,12012.634615384615,0.0,0.0,0.0,5.734347498969925
15,2019.0,0.0,Tuberculosis,All,12012.634615384615,0.0,0.0,,9.393797501711775,-0.4607768507835176,0.0,0.0,0.0,12012.634615384615,209485641.0,51.157,12012.634615384615,12012.634615384615,0.0,12012.634615384615,0.0,0.0,0.0,5.734347498969925
16,2019.0,0.0,Tuberculosis,All,12012.634615384615,0.0,0.0,,9.393797501711775,-0.4607768507835176,0.0,0.0,0.0,12012.634615384615,209485641.0,51.157,12012.634615384615,12012.634615384615,0.0,12012.634615384615,0.0,0.0,0.0,5.734347498969925
17,2019.0,0.0,Tuberculosis,All,12012.634615384615,0.0,0.0,,9.393797501711775,-0.4607768507835176,0.0,0.0,0.0,12012.634615384615,209485641.0,51.157,12012.634615384615,12012.634615384615,0.0,12012.634615384615,0.0,0.0,0.0,5.734347498969925
18,2019.0,0.0,Tuberculosis,All,12012.634615384615,0.0,0.0,,9.393797501711775,-0.4607768507835176,0.0,0.0,0.0,12012.634615384615,209485641.0,51.157,12012.634615384615,12012.634615384615,0.0,12012.634615384615,0.0,0.0,0.0,5.734347498969925
19,2019.0,0.0,Tuberculosis,All,12012.634615384615,0.0,0.0,,9.393797501711775,-0.4607768507835176,0.0,0.0,0.0,12012.634615384615,209485641.0,51.157,12012.634615384615,12012.634615384615,0.0,12012.634615384615,0.0,0.0,0.0,5.734347498969925
20,2019.0,0.0,Tuberculosis,All,12012.634615384615,0.0,0.0,,9.393797501711775,-0.4607768507835176,0.0,0.0,0.0,12012.634615384615,209485641.0,51.157,12012.634615384615,12012.634615384615,0.0,12012.634615384615,0.0,0.0,0.0,5.734347498969925
21,2019.0,0.0,Tuberculosis,All,12012.634615384615,0.0,0.0,,9.393797501711775,-0.4607768507835176,0.0,0.0,0.0,12012.634615384615,209485641.0,51.157,12012.634615384615,12012.634615384615,0.0,12012.634615384615,0.0,0.0,0.0,5.734347498969925
22,2019.0,0.0,Tuberculosis,All,12012.634615384615,0.0,0.0,,9.393797501711775,-0.4607768507835176,0.0,0.0,0.0,12012.634615384615,209485641.0,51.157,12012.634615384615,12012.634615384615,0.0,12012.634615384615,0.0,0.0,0.0,5.734347498969925
23,2019.0,0.0,Tuberculosis,All,12012.634615384615,0.0,0.0,,9.393797501711775,-0.4607768507835176,0.0,0.0,0.0,12012.634615384615,209485641.0,51.157,12012.634615384615,12012.634615384615,0.0,12012.634615384615,0.0,0.0,0.0,5.734347498969925
24,2019.0,0.0,Tuberculosis,All,12012.634615384615,0.0,0.0,,9.393797501711775,-0.4607768507835176,0.0,0.0,0.0,12012.634615384615,209485641.0,51.157,12012.634615384615,12012.634615384615,0.0,12012.634615384615,0.0,0.0,0.0,5.734347498969925
25,2019.0,0.0,Tuberculosis,All,12012.634615384615,0.0,0.0,,9.393797501711775,-0.4607768507835176,0.0,0.0,0.0,12012.634615384615,209485641.0,51.157,12012.634615384615,12012.634615384615,0.0,12012.634615384615,0.0,0.0,0.0,5.734347498969925
26,2019.0,0.0,Tuberculosis,All,12012.634615384615,0.0,0.0,,9.393797501711775,-0.4607768507835176,0.0,0.0,0.0,12012.634615384615,209485641.0,51.157,12012.634615384615,12012.634615384615,0.0,12012.634615384615,0.0,0.0,0.0,5.734347498969925
27,2019.0,0.0,Tuberculosis,All,12012.634615384615,0.0,0.0,,9.393797501711775,-0.4607768507835176,0.0,0.0,0.0,12012.634615384615,209485641.0,51.157,12012.634615384615,12012.634615384615,0.0,12012.634615384615,0.0,0.0,0.0,5.734347498969925
28,2019.0,0.0,Tuberculosis,All,12012.634615384615,0.0,0.0,,9.393797501711775,-0.4607768507835176,0.0,0.0,0.0,12012.634615384615,209485641.0,51.157,12012.634615384615,12012.634615384615,0.0,12012.634615384615,0.0,0.0,0.0,5.734347498969925
29,2019.0,0.0,Tuberculosis,All,12012.634615384615,0.0,0.0,,9.393797501711775,-0.4607768507835176,0.0,0.0,0.0,12012.634615384615,209485641.0,51.157,12012.634615384615,12012.634615384615,0.0,12012.634615384615,0.0,0.0,0.0,5.734347498969925
30,2019.0,0.0,Tuberculosis,All,12012.634615384615,0.0,0.0,,9.393797501711775,-0.4607768507835176,0.0,0.0,0.0,12012.634615384615,209485641.0,51.157,12012.634615384615,12012.634615384615,0.0,12012.634615384615,0.0,0.0,0.0,5.734347498969925
31,2019.0,0.0,Tuberculosis,All,12012.634615384615,0.0,0.0,,9.393797501711775,-0.4607768507835176,0.0,0.0,0.0,12012.634615384615,209485641.0,51.157,12012.634615384615,12012.634615384615,0.0,12012.634615384615,0.0,0.0,0.0,5.734347498969925
32,2019.0,0.0,Tuberculosis,All,12012.634615384615,0.0,0.0,,9.393797501711775,-0.4607768507835176,0.0,0.0,0.0,12012.634615384615,209485641.0,51.157,12012.634615384615,12012.634615384615,0.0,12012.634615384615,0.0,0.0,0.0,5.734347498969925
33,2019.0,0.0,Tuberculosis,All,12012.634615384615,0.0,0.0,,9.393797501711775,-0.4607768507835176,0.0,0.0,0.0,12012.634615384615,209485641.0,51.157,12012.634615384615,12012.634615384615,0.0,12012.634615384615,0.0,0.0,0.0,5.734347498969925
34,2019.0,0.0,Tuberculosis,All,12012.634615384615,0.0,0.0,,9.393797501711775,-0.4607768507835176,0.0,0.0,0.0,12012.634615384615,209485641.0,51.157,12012.634615384615,12012.634615384615,0.0,12012.634615384615,0.0,0.0,0.0,5.734347498969925
35,2019.0,0.0,Tuberculosis,All,12012.634615384615,0.0,0.0,,9.393797501711775,-0.4607768507835176,0.0,0.0,0.0,12012.634615384615,209485641.0,51.157,12012.634615384615,12012.634615384615,0.0,12012.634615384615,0.0,0.0,0.0,5.734347498969925
36,2019.0,0.0,Tuberculosis,All,12012.634615384615,0.0,0.0,,9.393797501711775,-0.4607768507835176,0.0,0.0,0.0,12012.634615384615,209485641.0,51.157,12012.634615384615,12012.634615384615,0.0,12012.634615384615,0.0,0.0,0.0,5.734347498969925
37,2019.0,0.0,Tuberculosis,All,12012.634615384615,0.0,0.0,,9.393797501711775,-0.4607768507835176,0.0,0.0,0.0,12012.634615384615,209485641.0,51.157,12012.634615384615,12012.634615384615,0.0,12012.634615384615,0.0,0.0,0.0,5.734347498969925
38,2019.0,0.0,Tuberculosis,All,12012.634615384615,0.0,0.0,,9.393797501711775,-0.4607768507835176,0.0,0.0,0.0,12012.634615384615,209485641.0,51.157,12012.634615384615,12012.634615384615,0.0,12012.634615384615,0.0,0.0,0.0,5.734347498969925
39,2019.0,0.0,Tuberculosis,All,12012.634615384615,0.0,0.0,,9.393797501711775,-0.4607768507835176,0.0,0.0,0.0,12012.634615384615,209485641.0,51.157,12012.634615384615,12012.634615384615,0.0,12012.634615384615,0.0,0.0,0.0,5.734347498969925
40,2019.0,0.0,Tuberculosis,All,12012.634615384615,0.0,0.0,,9.393797501711775,-0.4607768507835176,0.0,0.0,0.0,12012.634615384615,209485641.0,51.157,12012.634615384615,12012.634615384615,0.0,12012.634615384615,0.0,0.0,0.0,5.734347498969925
41,2019.0,0.0,Tuberculosis,All,12012.634615384615,0.0,0.0,,9.393797501711775,-0.4607768507835176,0.0,0.0,0.0,12012.634615384615,209485641.0,51.157,12012.634615384615,12012.634615384615,0.0,12012.634615384615,0.0,0.0,0.0,5.734347498969925
42,2019.0,0.0,Tuberculosis,All,12012.634615384615,0.0,0.0,,9.393797501711775,-0.4607768507835176,0.0,0.0,0.0,12012.634615384615,209485641.0,51.157,12012.634615384615,12012.634615384615,0.0,12012.634615384615,0.0,0.0,0.0,5.734347498969925
43,2019.0,0.0,Tuberculosis,All,12012.634615384615,0.0,0.0,,9.393797501711775,-0.4607768507835176,0.0,0.0,0.0,12012.634615384615,209485641.0,51.157,12012.634615384615,12012.634615384615,0.0,12012.634615384615,0.0,0.0,0.0,5.734347498969925
44,2019.0,0.0,Tuberculosis,All,12012.634615384615,0.0,0.0,,9.393797501711775,-0.4607768507835176,0.0,0.0,0.0,12012.634615384615,209485641.0,51.157,12012.634615384615,12012.634615384615,0.0,12012.634615384615,0.0,0.0,0.0,5.734347498969925
45,2019.0,0.0,Tuberculosis,All,12012.634615384615,0.0,0.0,,9.393797501711775,-0.4607768507835176,0.0,0.0,0.0,12012.634615384615,209485641.0,51.157,12012.634615384615,12012.634615384615,0.0,12012.634615384615,0.0,0.0,0.0,5.734347498969925
46,2019.0,0.0,Tuberculosis,All,12012.634615384615,0.0,0.0,,9.393797501711775,-0.4607768507835176,0.0,0.0,0.0,12012.634615384615,209485641.0,51.157,12012.634615384615,12012.634615384615,0.0,12012.634615384615,0.0,0.0,0.0,5.734347498969925
47,2019.0,0.0,Tuberculosis,All,12012.634615384615,0.0,0.0,,9.393797501711775,-0.4607768507835176,0.0,0.0,0.0,12012.634615384615,209485641.0,51.157,12012.634615384615,12012.634615384615,0.0,12012.634615384615,0.0,0.0,0.0,5.734347498969925
48,2019.0,0.0,Tuberculosis,All,12012.634615384615,0.0,0.0,,9.393797501711775,-0.4607768507835176,0.0,0.0,0.0,12012.634615384615,209485641.0,51.157,12012.634615384615,12012.634615384615,0.0,12012.634615384615,0.0,0.0,0.0,5.734347498969925
49,2019.0,0.0,Tuberculosis,All,12012.634615384615,0.0,0.0,,9.393797501711775,-0.4607768507835176,0.0,0.0,0.0,12012.634615384615,209485641.0,51.157,12012.634615384615,12012.634615384615,0.0,12012.634615384615,0.0,0.0,0.0,5.734347498969925
50,2019.0,0.0,Tuberculosis,All,12012.634615384615,0.0,0.0,,9.393797501711775,-0.4607768507835176,0.0,0.0,0.0,12012.634615384615,209485641.0,51.157,12012.634615384615,12012.634615384615,0.0,12012.634615384615,0.0,0.0,0.0,5.734347498969925
51,2019.0,0.0,Tuberculosis,All,12012.634615384615,0.0,0.0,,9.393797501711775,-0.4607768507835176,0.0,0.0,0.0,12012.634615384615,209485641.0,51.157,12012.634615384615,12012.634615384615,0.0,12012.634615384615,0.0,0.0,0.0,5.734347498969925
52,2019.0,0.0,Tuberculosis,All,12012.634615384615,0.0,0.0,,9.393797501711775,-0.4607768507835176,0.0,0.0,0.0,12012.634615384615,209485641.0,51.157,12012.634615384615,12012.634615384615,0.0,12012.634615384615,0.0,0.0,0.0,5.734347498969925
1,2020.0,0.0,Tuberculosis,All,12308.865384615385,0.0,0.0,,9.418156283669104,-0.41411491142489476,0.0,0.0,0.0,12308.865384615385,213996181.0,51.958,12012.634615384615,12012.634615384615,0.0,12086.692307692307,148.11538461485011,0.0,0.024659933371434267,5.751908901876798
2,2020.0,0.0,Tuberculosis,All,12308.865384615385,0.0,0.0,,9.418156283669104,-0.41411491142489476,0.0,0.0,0.0,12308.865384615385,213996181.0,51.958,12308.865384615385,12160.75,0.0,12160.75,171.02891435718195,0.0,0.0,5.751908901876798
3,2020.0,0.0,Tuberculosis,All,12308.865384615385,0.0,0.0,,9.418156283669104,-0.41411491142489476,0.0,0.0,0.0,12308.865384615385,213996181.0,51.958,12308.865384615385,12308.865384615385,0.0,12234.807692307693,148.11538461487385,0.0,0.0,5.751908901876798
4,2020.0,0.0,Tuberculosis,All,12308.865384615385,0.0,0.0,,9.418156283669104,-0.41411491142489476,0.0,0.0,0.0,12308.865384615385,213996181.0,51.958,12308.865384615385,12308.865384615385,0.0,12308.865384615385,0.0,0.0,0.0,5.751908901876798
5,2020.0,0.0,Tuberculosis,All,12308.865384615385,0.0,0.0,,9.418156283669104,-0.41411491142489476,0.0,0.0,0.0,12308.865384615385,213996181.0,51.958,12308.865384615385,12308.865384615385,0.0,12308.865384615385,0.0,0.0,0.0,5.751908901876798
6,2020.0,0.0,Tuberculosis,All,12308.865384615385,0.0,0.0,,9.418156283669104,-0.41411491142489476,0.0,0.0,0.0,12308.865384615385,213996181.0,51.958,12308.865384615385,12308.865384615385,0.0,12308.865384615385,0.0,0.0,0.0,5.751908901876798
7,2020.0,0.0,Tuberculosis,All,12308.865384615385,0.0,0.0,,9.418156283669104,-0.41411491142489476,0.0,0.0,0.0,12308.865384615385,213996181.0,51.958,12308.865384615385,12308.865384615385,0.0,12308.865384615385,0.0,0.0,0.0,5.751908901876798
8,2020.0,0.0,Tuberculosis,All,12308.865384615385,0.0,0.0,,9.418156283669104,-0.41411491142489476,0.0,0.0,0.0,12308.865384615385,213996181.0,51.958,12308.865384615385,12308.865384615385,0.0,12308.865384615385,0.0,0.0,0.0,5.751908901876798
9,2020.0,0.0,Tuberculosis,All,12308.865384615385,0.0,0.0,,9.418156283669104,-0.41411491142489476,0.0,0.0,0.0,12308.865384615385,213996181.0,51.958,12308.865384615385,12308.865384615385,0.0,12308.865384615385,0.0,0.0,0.0,5.751908901876798
10,2020.0,0.0,Tuberculosis,All,12308.865384615385,0.0,0.0,,9.418156283669104,-0.41411491142489476,0.0,0.0,0.0,12308.865384615385,213996181.0,51.958,12308.865384615385,12308.865384615385,0.0,12308.865384615385,0.0,0.0,0.0,5.751908901876798
11,2020.0,0.0,Tuberculosis,All,12308.865384615385,0.0,0.0,,9.418156283669104,-0.41411491142489476,0.0,0.0,0.0,12308.865384615385,213996181.0,51.958,12308.865384615385,12308.865384615385,0.0,12308.865384615385,0.0,0.0,0.0,5.751908901876798
12,2020.0,0.0,Tuberculosis,All,12308.865384615385,0.0,0.0,,9.418156283669104,-0.41411491142489476,0.0,0.0,0.0,12308.865384615385,213996181.0,51.958,12308.865384615385,12308.865384615385,0.0,12308.865384615385,0.0,0.0,0.0,5.751908901876798
13,2020.0,0.0,Tuberculosis,All,12308.865384615385,0.0,0.0,,9.418156283669104,-0.41411491142489476,0.0,0.0,0.0,12308.865384615385,213996181.0,51.958,12308.865384615385,12308.865384615385,0.0,12308.865384615385,0.0,0.0,0.0,5.751908901876798
14,2020.0,0.0,Tuberculosis,All,12308.865384615385,0.0,0.0,,9.418156283669104,-0.41411491142489476,0.0,0.0,0.0,12308.865384615385,213996181.0,51.958,12308.865384615385,12308.865384615385,0.0,12308.865384615385,0.0,0.0,0.0,5.751908901876798
15,2020.0,0.0,Tuberculosis,All,12308.865384615385,0.0,0.0,,9.418156283669104,-0.41411491142489476,0.0,0.0,0.0,12308.865384615385,213996181.0,51.958,12308.865384615385,12308.865384615385,0.0,12308.865384615385,0.0,0.0,0.0,5.751908901876798
16,2020.0,0.0,Tuberculosis,All,12308.865384615385,0.0,0.0,,9.418156283669104,-0.41411491142489476,0.0,0.0,0.0,12308.865384615385,213996181.0,51.958,12308.865384615385,12308.865384615385,0.0,12308.865384615385,0.0,0.0,0.0,5.751908901876798
17,2020.0,0.0,Tuberculosis,All,12308.865384615385,0.0,0.0,,9.418156283669104,-0.41411491142489476,0.0,0.0,0.0,12308.865384615385,213996181.0,51.958,12308.865384615385,12308.865384615385,0.0,12308.865384615385,0.0,0.0,0.0,5.751908901876798
18,2020.0,0.0,Tuberculosis,All,12308.865384615385,0.0,0.0,,9.418156283669104,-0.41411491142489476,0.0,0.0,0.0,12308.865384615385,213996181.0,51.958,12308.865384615385,12308.865384615385,0.0,12308.865384615385,0.0,0.0,0.0,5.751908901876798
19,2020.0,0.0,Tuberculosis,All,12308.865384615385,0.0,0.0,,9.418156283669104,-0.41411491142489476,0.0,0.0,0.0,12308.865384615385,213996181.0,51.958,12308.865384615385,12308.865384615385,0.0,12308.865384615385,0.0,0.0,0.0,5.751908901876798
20,2020.0,0.0,Tuberculosis,All,12308.865384615385,0.0,0.0,,9.418156283669104,-0.41411491142489476,0.0,0.0,0.0,12308.865384615385,213996181.0,51.958,12308.865384615385,12308.865384615385,0.0,12308.865384615385,0.0,0.0,0.0,5.751908901876798
21,2020.0,0.0,Tuberculosis,All,12308.865384615385,0.0,0.0,,9.418156283669104,-0.41411491142489476,0.0,0.0,0.0,12308.865384615385,213996181.0,51.958,12308.865384615385,12308.865384615385,0.0,12308.865384615385,0.0,0.0,0.0,5.751908901876798
22,2020.0,0.0,Tuberculosis,All,12308.865384615385,0.0,0.0,,9.418156283669104,-0.41411491142489476,0.0,0.0,0.0,12308.865384615385,213996181.0,51.958,12308.865384615385,12308.865384615385,0.0,12308.865384615385,0.0,0.0,0.0,5.751908901876798
23,2020.0,0.0,Tuberculosis,All,12308.865384615385,0.0,0.0,,9.418156283669104,-0.41411491142489476,0.0,0.0,0.0,12308.865384615385,213996181.0,51.958,12308.865384615385,12308.865384615385,0.0,12308.865384615385,0.0,0.0,0.0,5.751908901876798
24,2020.0,0.0,Tuberculosis,All,12308.865384615385,0.0,0.0,,9.418156283669104,-0.41411491142489476,0.0,0.0,0.0,12308.865384615385,213996181.0,51.958,12308.865384615385,12308.865384615385,0.0,12308.865384615385,0.0,0.0,0.0,5.751908901876798
25,2020.0,0.0,Tuberculosis,All,12308.865384615385,0.0,0.0,,9.418156283669104,-0.41411491142489476,0.0,0.0,0.0,12308.865384615385,213996181.0,51.958,12308.865384615385,12308.865384615385,0.0,12308.865384615385,0.0,0.0,0.0,5.751908901876798
26,2020.0,0.0,Tuberculosis,All,12308.865384615385,0.0,0.0,,9.418156283669104,-0.41411491142489476,0.0,0.0,0.0,12308.865384615385,213996181.0,51.958,12308.865384615385,12308.865384615385,0.0,12308.865384615385,0.0,0.0,0.0,5.751908901876798
27,2020.0,0.0,Tuberculosis,All,12308.865384615385,0.0,0.0,,9.418156283669104,-0.41411491142489476,0.0,0.0,0.0,12308.865384615385,213996181.0,51.958,12308.865384615385,12308.865384615385,0.0,12308.865384615385,0.0,0.0,0.0,5.751908901876798
28,2020.0,0.0,Tuberculosis,All,12308.865384615385,0.0,0.0,,9.418156283669104,-0.41411491142489476,0.0,0.0,0.0,12308.865384615385,213996181.0,51.958,12308.865384615385,12308.865384615385,0.0,12308.865384615385,0.0,0.0,0.0,5.751908901876798
29,2020.0,0.0,Tuberculosis,All,12308.865384615385,0.0,0.0,,9.418156283669104,-0.41411491142489476,0.0,0.0,0.0,12308.865384615385,213996181.0,51.958,12308.865384615385,12308.865384615385,0.0,12308.865384615385,0.0,0.0,0.0,5.751908901876798
30,2020.0,0.0,Tuberculosis,All,12308.865384615385,0.0,0.0,,9.418156283669104,-0.41411491142489476,0.0,0.0,0.0,12308.865384615385,213996181.0,51.958,12308.865384615385,12308.865384615385,0.0,12308.865384615385,0.0,0.0,0.0,5.751908901876798
31,2020.0,0.0,Tuberculosis,All,12308.865384615385,0.0,0.0,,9.418156283669104,-0.41411491142489476,0.0,0.0,0.0,12308.865384615385,213996181.0,51.958,12308.865384615385,12308.865384615385,0.0,12308.865384615385,0.0,0.0,0.0,5.751908901876798
32,2020.0,0.0,Tuberculosis,All,12308.865384615385,0.0,0.0,,9.418156283669104,-0.41411491142489476,0.0,0.0,0.0,12308.865384615385,213996181.0,51.958,12308.865384615385,12308.865384615385,0.0,12308.865384615385,0.0,0.0,0.0,5.751908901876798
33,2020.0,0.0,Tuberculosis,All,12308.865384615385,0.0,0.0,,9.418156283669104,-0.41411491142489476,0.0,0.0,0.0,12308.865384615385,213996181.0,51.958,12308.865384615385,12308.865384615385,0.0,12308.865384615385,0.0,0.0,0.0,5.751908901876798
34,2020.0,0.0,Tuberculosis,All,12308.865384615385,0.0,0.0,,9.418156283669104,-0.41411491142489476,0.0,0.0,0.0,12308.865384615385,213996181.0,51.958,12308.865384615385,12308.865384615385,0.0,12308.865384615385,0.0,0.0,0.0,5.751908901876798
35,2020.0,0.0,Tuberculosis,All,12308.865384615385,0.0,0.0,,9.418156283669104,-0.41411491142489476,0.0,0.0,0.0,12308.865384615385,213996181.0,51.958,12308.865384615385,12308.865384615385,0.0,12308.865384615385,0.0,0.0,0.0,5.751908901876798
36,2020.0,0.0,Tuberculosis,All,12308.865384615385,0.0,0.0,,9.418156283669104,-0.41411491142489476,0.0,0.0,0.0,12308.865384615385,213996181.0,51.958,12308.865384615385,12308.865384615385,0.0,12308.865384615385,0.0,0.0,0.0,5.751908901876798
37,2020.0,0.0,Tuberculosis,All,12308.865384615385,0.0,0.0,,9.418156283669104,-0.41411491142489476,0.0,0.0,0.0,12308.865384615385,213996181.0,51.958,12308.865384615385,12308.865384615385,0.0,12308.865384615385,0.0,0.0,0.0,5.751908901876798
38,2020.0,0.0,Tuberculosis,All,12308.865384615385,0.0,0.0,,9.418156283669104,-0.41411491142489476,0.0,0.0,0.0,12308.865384615385,213996181.0,51.958,12308.865384615385,12308.865384615385,0.0,12308.865384615385,0.0,0.0,0.0,5.751908901876798
39,2020.0,0.0,Tuberculosis,All,12308.865384615385,0.0,0.0,,9.418156283669104,-0.41411491142489476,0.0,0.0,0.0,12308.865384615385,213996181.0,51.958,12308.865384615385,12308.865384615385,0.0,12308.865384615385,0.0,0.0,0.0,5.751908901876798
40,2020.0,0.0,Tuberculosis,All,12308.865384615385,0.0,0.0,,9.418156283669104,-0.41411491142489476,0.0,0.0,0.0,12308.865384615385,213996181.0,51.958,12308.865384615385,12308.865384615385,0.0,12308.865384615385,0.0,0.0,0.0,5.751908901876798
41,2020.0,0.0,Tuberculosis,All,12308.865384615385,0.0,0.0,,9.418156283669104,-0.41411491142489476,0.0,0.0,0.0,12308.865384615385,213996181.0,51.958,12308.865384615385,12308.865384615385,0.0,12308.865384615385,0.0,0.0,0.0,5.751908901876798
42,2020.0,0.0,Tuberculosis,All,12308.865384615385,0.0,0.0,,9.418156283669104,-0.41411491142489476,0.0,0.0,0.0,12308.865384615385,213996181.0,51.958,12308.865384615385,12308.865384615385,0.0,12308.865384615385,0.0,0.0,0.0,5.751908901876798
43,2020.0,0.0,Tuberculosis,All,12308.865384615385,0.0,0.0,,9.418156283669104,-0.41411491142489476,0.0,0.0,0.0,12308.865384615385,213996181.0,51.958,12308.865384615385,12308.865384615385,0.0,12308.865384615385,0.0,0.0,0.0,5.751908901876798
44,2020.0,0.0,Tuberculosis,All,12308.865384615385,0.0,0.0,,9.418156283669104,-0.41411491142489476,0.0,0.0,0.0,12308.865384615385,213996181.0,51.958,12308.865384615385,12308.865384615385,0.0,12308.865384615385,0.0,0.0,0.0,5.751908901876798
45,2020.0,0.0,Tuberculosis,All,12308.865384615385,0.0,0.0,,9.418156283669104,-0.41411491142489476,0.0,0.0,0.0,12308.865384615385,213996181.0,51.958,12308.865384615385,12308.865384615385,0.0,12308.865384615385,0.0,0.0,0.0,5.751908901876798
46,2020.0,0.0,Tuberculosis,All,12308.865384615385,0.0,0.0,,9.418156283669104,-0.41411491142489476,0.0,0.0,0.0,12308.865384615385,213996181.0,51.958,12308.865384615385,12308.865384615385,0.0,12308.865384615385,0.0,0.0,0.0,5.751908901876798
47,2020.0,0.0,Tuberculosis,All,12308.865384615385,0.0,0.0,,9.418156283669104,-0.41411491142489476,0.0,0.0,0.0,12308.865384615385,213996181.0,51.958,12308.865384615385,12308.865384615385,0.0,12308.865384615385,0.0,0.0,0.0,5.751908901876798
48,2020.0,0.0,Tuberculosis,All,12308.865384615385,0.0,0.0,,9.418156283669104,-0.41411491142489476,0.0,0.0,0.0,12308.865384615385,213996181.0,51.958,12308.865384615385,12308.865384615385,0.0,12308.865384615385,0.0,0.0,0.0,5.751908901876798
49,2020.0,0.0,Tuberculosis,All,12308.865384615385,0.0,0.0,,9.418156283669104,-0.41411491142489476,0.0,0.0,0.0,12308.865384615385,213996181.0,51.958,12308.865384615385,12308.865384615385,0.0,12308.865384615385,0.0,0.0,0.0,5.751908901876798
50,2020.0,0.0,Tuberculosis,All,12308.865384615385,0.0,0.0,,9.418156283669104,-0.41411491142489476,0.0,0.0,0.0,12308.865384615385,213996181.0,51.958,12308.865384615385,12308.865384615385,0.0,12308.865384615385,0.0,0.0,0.0,5.751908901876798
51,2020.0,0.0,Tuberculosis,All,12308.865384615385,0.0,0.0,,9.418156283669104,-0.41411491142489476,0.0,0.0,0.0,12308.865384615385,213996181.0,51.958,12308.865384615385,12308.865384615385,0.0,12308.865384615385,0.0,0.0,0.0,5.751908901876798
52,2020.0,0.0,Tuberculosis,All,12308.865384615385,0.0,0.0,,9.418156283669104,-0.41411491142489476,0.0,0.0,0.0,12308.865384615385,213996181.0,51.958,12308.865384615385,12308.865384615385,0.0,12308.865384615385,0.0,0.0,0.0,5.751908901876798
1,2021.0,0.0,Tuberculosis,All,17874.923076923074,0.0,0.0,,9.7912100068959,0.4626442691946186,0.0,0.0,0.0,17874.923076923074,218529286.0,52.746,12308.865384615385,12308.865384615385,0.0,13700.379807692309,2783.02884615383,0.0,0.4521990872744939,8.179646492288944
2,2021.0,0.0,Tuberculosis,All,17874.923076923074,0.0,0.0,,9.7912100068959,0.4626442691946186,0.0,0.0,0.0,17874.923076923074,218529286.0,52.746,17874.923076923074,15091.89423076923,0.0,15091.894230769229,3213.5649069788283,0.0,0.0,8.179646492288944
3,2021.0,0.0,Tuberculosis,All,17874.923076923074,0.0,0.0,,9.7912100068959,0.4626442691946186,0.0,0.0,0.0,17874.923076923074,218529286.0,52.746,17874.923076923074,17874.923076923074,0.0,16483.408653846152,2783.0288461538526,0.0,0.0,8.179646492288944
4,2021.0,0.0,Tuberculosis,All,17874.923076923074,0.0,0.0,,9.7912100068959,0.4626442691946186,0.0,0.0,0.0,17874.923076923074,218529286.0,52.746,17874.923076923074,17874.923076923074,0.0,17874.923076923074,0.0,0.0,0.0,8.179646492288944
5,2021.0,0.0,Tuberculosis,All,17874.923076923074,0.0,0.0,,9.7912100068959,0.4626442691946186,0.0,0.0,0.0,17874.923076923074,218529286.0,52.746,17874.923076923074,17874.923076923074,0.0,17874.923076923074,0.0,0.0,0.0,8.179646492288944
6,2021.0,0.0,Tuberculosis,All,17874.923076923074,0.0,0.0,,9.7912100068959,0.4626442691946186,0.0,0.0,0.0,17874.923076923074,218529286.0,52.746,17874.923076923074,17874.923076923074,0.0,17874.923076923074,0.0,0.0,0.0,8.179646492288944
7,2021.0,0.0,Tuberculosis,All,17874.923076923074,0.0,0.0,,9.7912100068959,0.4626442691946186,0.0,0.0,0.0,17874.923076923074,218529286.0,52.746,17874.923076923074,17874.923076923074,0.0,17874.923076923074,0.0,0.0,0.0,8.179646492288944
8,2021.0,0.0,Tuberculosis,All,17874.923076923074,0.0,0.0,,9.7912100068959,0.4626442691946186,0.0,0.0,0.0,17874.923076923074,218529286.0,52.746,17874.923076923074,17874.923076923074,0.0,17874.923076923074,0.0,0.0,0.0,8.179646492288944
9,2021.0,0.0,Tuberculosis,All,17874.923076923074,0.0,0.0,,9.7912100068959,0.4626442691946186,0.0,0.0,0.0,17874.923076923074,218529286.0,52.746,17874.923076923074,17874.923076923074,0.0,17874.923076923074,0.0,0.0,0.0,8.179646492288944
10,2021.0,0.0,Tuberculosis,All,17874.923076923074,0.0,0.0,,9.7912100068959,0.4626442691946186,0.0,0.0,0.0,17874.923076923074,218529286.0,52.746,17874.923076923074,17874.923076923074,0.0,17874.923076923074,0.0,0.0,0.0,8.179646492288944
11,2021.0,0.0,Tuberculosis,All,17874.923076923074,0.0,0.0,,9.7912100068959,0.4626442691946186,0.0,0.0,0.0,17874.923076923074,218529286.0,52.746,17874.923076923074,17874.923076923074,0.0,17874.923076923074,0.0,0.0,0.0,8.179646492288944
12,2021.0,0.0,Tuberculosis,All,17874.923076923074,0.0,0.0,,9.7912100068959,0.4626442691946186,0.0,0.0,0.0,17874.923076923074,218529286.0,52.746,17874.923076923074,17874.923076923074,0.0,17874.923076923074,0.0,0.0,0.0,8.179646492288944
13,2021.0,0.0,Tuberculosis,All,17874.923076923074,0.0,0.0,,9.7912100068959,0.4626442691946186,0.0,0.0,0.0,17874.923076923074,218529286.0,52.746,17874.923076923074,17874.923076923074,0.0,17874.923076923074,0.0,0.0,0.0,8.179646492288944
14,2021.0,0.0,Tuberculosis,All,17874.923076923074,0.0,0.0,,9.7912100068959,0.4626442691946186,0.0,0.0,0.0,17874.923076923074,218529286.0,52.746,17874.923076923074,17874.923076923074,0.0,17874.923076923074,0.0,0.0,0.0,8.179646492288944
15,2021.0,0.0,Tuberculosis,All,17874.923076923074,0.0,0.0,,9.7912100068959,0.4626442691946186,0.0,0.0,0.0,17874.923076923074,218529286.0,52.746,17874.923076923074,17874.923076923074,0.0,17874.923076923074,0.0,0.0,0.0,8.179646492288944
16,2021.0,0.0,Tuberculosis,All,17874.923076923074,0.0,0.0,,9.7912100068959,0.4626442691946186,0.0,0.0,0.0,17874.923076923074,218529286.0,52.746,17874.923076923074,17874.923076923074,0.0,17874.923076923074,0.0,0.0,0.0,8.179646492288944
17,2021.0,0.0,Tuberculosis,All,17874.923076923074,0.0,0.0,,9.7912100068959,0.4626442691946186,0.0,0.0,0.0,17874.923076923074,218529286.0,52.746,17874.923076923074,17874.923076923074,0.0,17874.923076923074,0.0,0.0,0.0,8.179646492288944
18,2021.0,0.0,Tuberculosis,All,17874.923076923074,0.0,0.0,,9.7912100068959,0.4626442691946186,0.0,0.0,0.0,17874.923076923074,218529286.0,52.746,17874.923076923074,17874.923076923074,0.0,17874.923076923074,0.0,0.0,0.0,8.179646492288944
19,2021.0,0.0,Tuberculosis,All,17874.923076923074,0.0,0.0,,9.7912100068959,0.4626442691946186,0.0,0.0,0.0,17874.923076923074,218529286.0,52.746,17874.923076923074,17874.923076923074,0.0,17874.923076923074,0.0,0.0,0.0,8.179646492288944
20,2021.0,0.0,Tuberculosis,All,17874.923076923074,0.0,0.0,,9.7912100068959,0.4626442691946186,0.0,0.0,0.0,17874.923076923074,218529286.0,52.746,17874.923076923074,17874.923076923074,0.0,17874.923076923074,0.0,0.0,0.0,8.179646492288944
21,2021.0,0.0,Tuberculosis,All,17874.923076923074,0.0,0.0,,9.7912100068959,0.4626442691946186,0.0,0.0,0.0,17874.923076923074,218529286.0,52.746,17874.923076923074,17874.923076923074,0.0,17874.923076923074,0.0,0.0,0.0,8.179646492288944
22,2021.0,0.0,Tuberculosis,All,17874.923076923074,0.0,0.0,,9.7912100068959,0.4626442691946186,0.0,0.0,0.0,17874.923076923074,218529286.0,52.746,17874.923076923074,17874.923076923074,0.0,17874.923076923074,0.0,0.0,0.0,8.179646492288944
23,2021.0,0.0,Tuberculosis,All,17874.923076923074,0.0,0.0,,9.7912100068959,0.4626442691946186,0.0,0.0,0.0,17874.923076923074,218529286.0,52.746,17874.923076923074,17874.923076923074,0.0,17874.923076923074,0.0,0.0,0.0,8.179646492288944
24,2021.0,0.0,Tuberculosis,All,17874.923076923074,0.0,0.0,,9.7912100068959,0.4626442691946186,0.0,0.0,0.0,17874.923076923074,218529286.0,52.746,17874.923076923074,17874.923076923074,0.0,17874.923076923074,0.0,0.0,0.0,8.179646492288944
25,2021.0,0.0,Tuberculosis,All,17874.923076923074,0.0,0.0,,9.7912100068959,0.4626442691946186,0.0,0.0,0.0,17874.923076923074,218529286.0,52.746,17874.923076923074,17874.923076923074,0.0,17874.923076923074,0.0,0.0,0.0,8.179646492288944
26,2021.0,0.0,Tuberculosis,All,17874.923076923074,0.0,0.0,,9.7912100068959,0.4626442691946186,0.0,0.0,0.0,17874.923076923074,218529286.0,52.746,17874.923076923074,17874.923076923074,0.0,17874.923076923074,0.0,0.0,0.0,8.179646492288944
27,2021.0,0.0,Tuberculosis,All,17874.923076923074,0.0,0.0,,9.7912100068959,0.4626442691946186,0.0,0.0,0.0,17874.923076923074,218529286.0,52.746,17874.923076923074,17874.923076923074,0.0,17874.923076923074,0.0,0.0,0.0,8.179646492288944
28,2021.0,0.0,Tuberculosis,All,17874.923076923074,0.0,0.0,,9.7912100068959,0.4626442691946186,0.0,0.0,0.0,17874.923076923074,218529286.0,52.746,17874.923076923074,17874.923076923074,0.0,17874.923076923074,0.0,0.0,0.0,8.179646492288944
29,2021.0,0.0,Tuberculosis,All,17874.923076923074,0.0,0.0,,9.7912100068959,0.4626442691946186,0.0,0.0,0.0,17874.923076923074,218529286.0,52.746,17874.923076923074,17874.923076923074,0.0,17874.923076923074,0.0,0.0,0.0,8.179646492288944
30,2021.0,0.0,Tuberculosis,All,17874.923076923074,0.0,0.0,,9.7912100068959,0.4626442691946186,0.0,0.0,0.0,17874.923076923074,218529286.0,52.746,17874.923076923074,17874.923076923074,0.0,17874.923076923074,0.0,0.0,0.0,8.179646492288944
31,2021.0,0.0,Tuberculosis,All,17874.923076923074,0.0,0.0,,9.7912100068959,0.4626442691946186,0.0,0.0,0.0,17874.923076923074,218529286.0,52.746,17874.923076923074,17874.923076923074,0.0,17874.923076923074,0.0,0.0,0.0,8.179646492288944
32,2021.0,0.0,Tuberculosis,All,17874.923076923074,0.0,0.0,,9.7912100068959,0.4626442691946186,0.0,0.0,0.0,17874.923076923074,218529286.0,52.746,17874.923076923074,17874.923076923074,0.0,17874.923076923074,0.0,0.0,0.0,8.179646492288944
33,2021.0,0.0,Tuberculosis,All,17874.923076923074,0.0,0.0,,9.7912100068959,0.4626442691946186,0.0,0.0,0.0,17874.923076923074,218529286.0,52.746,17874.923076923074,17874.923076923074,0.0,17874.923076923074,0.0,0.0,0.0,8.179646492288944
34,2021.0,0.0,Tuberculosis,All,17874.923076923074,0.0,0.0,,9.7912100068959,0.4626442691946186,0.0,0.0,0.0,17874.923076923074,218529286.0,52.746,17874.923076923074,17874.923076923074,0.0,17874.923076923074,0.0,0.0,0.0,8.179646492288944
35,2021.0,0.0,Tuberculosis,All,17874.923076923074,0.0,0.0,,9.7912100068959,0.4626442691946186,0.0,0.0,0.0,17874.923076923074,218529286.0,52.746,17874.923076923074,17874.923076923074,0.0,17874.923076923074,0.0,0.0,0.0,8.179646492288944
36,2021.0,0.0,Tuberculosis,All,17874.923076923074,0.0,0.0,,9.7912100068959,0.4626442691946186,0.0,0.0,0.0,17874.923076923074,218529286.0,52.746,17874.923076923074,17874.923076923074,0.0,17874.923076923074,0.0,0.0,0.0,8.179646492288944
37,2021.0,0.0,Tuberculosis,All,17874.923076923074,0.0,0.0,,9.7912100068959,0.4626442691946186,0.0,0.0,0.0,17874.923076923074,218529286.0,52.746,17874.923076923074,17874.923076923074,0.0,17874.923076923074,0.0,0.0,0.0,8.179646492288944
38,2021.0,0.0,Tuberculosis,All,17874.923076923074,0.0,0.0,,9.7912100068959,0.4626442691946186,0.0,0.0,0.0,17874.923076923074,218529286.0,52.746,17874.923076923074,17874.923076923074,0.0,17874.923076923074,0.0,0.0,0.0,8.179646492288944
39,2021.0,0.0,Tuberculosis,All,17874.923076923074,0.0,0.0,,9.7912100068959,0.4626442691946186,0.0,0.0,0.0,17874.923076923074,218529286.0,52.746,17874.923076923074,17874.923076923074,0.0,17874.923076923074,0.0,0.0,0.0,8.179646492288944
40,2021.0,0.0,Tuberculosis,All,17874.923076923074,0.0,0.0,,9.7912100068959,0.4626442691946186,0.0,0.0,0.0,17874.923076923074,218529286.0,52.746,17874.923076923074,17874.923076923074,0.0,17874.923076923074,0.0,0.0,0.0,8.179646492288944
41,2021.0,0.0,Tuberculosis,All,17874.923076923074,0.0,0.0,,9.7912100068959,0.4626442691946186,0.0,0.0,0.0,17874.923076923074,218529286.0,52.746,17874.923076923074,17874.923076923074,0.0,17874.923076923074,0.0,0.0,0.0,8.179646492288944
42,2021.0,0.0,Tuberculosis,All,17874.923076923074,0.0,0.0,,9.7912100068959,0.4626442691946186,0.0,0.0,0.0,17874.923076923074,218529286.0,52.746,17874.923076923074,17874.923076923074,0.0,17874.923076923074,0.0,0.0,0.0,8.179646492288944
43,2021.0,0.0,Tuberculosis,All,17874.923076923074,0.0,0.0,,9.7912100068959,0.4626442691946186,0.0,0.0,0.0,17874.923076923074,218529286.0,52.746,17874.923076923074,17874.923076923074,0.0,17874.923076923074,0.0,0.0,0.0,8.179646492288944
44,2021.0,0.0,Tuberculosis,All,17874.923076923074,0.0,0.0,,9.7912100068959,0.4626442691946186,0.0,0.0,0.0,17874.923076923074,218529286.0,52.746,17874.923076923074,17874.923076923074,0.0,17874.923076923074,0.0,0.0,0.0,8.179646492288944
45,2021.0,0.0,Tuberculosis,All,17874.923076923074,0.0,0.0,,9.7912100068959,0.4626442691946186,0.0,0.0,0.0,17874.923076923074,218529286.0,52.746,17874.923076923074,17874.923076923074,0.0,17874.923076923074,0.0,0.0,0.0,8.179646492288944
46,2021.0,0.0,Tuberculosis,All,17874.923076923074,0.0,0.0,,9.7912100068959,0.4626442691946186,0.0,0.0,0.0,17874.923076923074,218529286.0,52.746,17874.923076923074,17874.923076923074,0.0,17874.923076923074,0.0,0.0,0.0,8.179646492288944
47,2021.0,0.0,Tuberculosis,All,17874.923076923074,0.0,0.0,,9.7912100068959,0.4626442691946186,0.0,0.0,0.0,17874.923076923074,218529286.0,52.746,17874.923076923074,17874.923076923074,0.0,17874.923076923074,0.0,0.0,0.0,8.179646492288944
48,2021.0,0.0,Tuberculosis,All,17874.923076923074,0.0,0.0,,9.7912100068959,0.4626442691946186,0.0,0.0,0.0,17874.923076923074,218529286.0,52.746,17874.923076923074,17874.923076923074,0.0,17874.923076923074,0.0,0.0,0.0,8.179646492288944
49,2021.0,0.0,Tuberculosis,All,17874.923076923074,0.0,0.0,,9.7912100068959,0.4626442691946186,0.0,0.0,0.0,17874.923076923074,218529286.0,52.746,17874.923076923074,17874.923076923074,0.0,17874.923076923074,0.0,0.0,0.0,8.179646492288944
50,2021.0,0.0,Tuberculosis,All,17874.923076923074,0.0,0.0,,9.7912100068959,0.4626442691946186,0.0,0.0,0.0,17874.923076923074,218529286.0,52.746,17874.923076923074,17874.923076923074,0.0,17874.923076923074,0.0,0.0,0.0,8.179646492288944
51,2021.0,0.0,Tuberculosis,All,17874.923076923074,0.0,0.0,,9.7912100068959,0.4626442691946186,0.0,0.0,0.0,17874.923076923074,218529286.0,52.746,17874.923076923074,17874.923076923074,0.0,17874.923076923074,0.0,0.0,0.0,8.179646492288944
52,2021.0,0.0,Tuberculosis,All,17874.923076923074,0.0,0.0,,9.7912100068959,0.4626442691946186,0.0,0.0,0.0,17874.923076923074,218529286.0,52.746,17874.923076923074,17874.923076923074,0.0,17874.923076923074,0.0,0.0,0.0,8.179646492288944
1,2022.0,0.0,Tuberculosis,All,15374.038461538461,0.0,0.0,,9.640500594235068,0.06870772246445397,0.0,0.0,0.0,15374.038461538461,223150896.0,53.521,17874.923076923074,17874.923076923074,0.0,17249.701923076922,1250.442307692338,0.0,-0.13991023092084304,6.8895257590802865
2,2022.0,0.0,Tuberculosis,All,15374.038461538461,0.0,0.0,,9.640500594235068,0.06870772246445397,0.0,0.0,0.0,15374.038461538461,223150896.0,53.521,15374.038461538461,16624.480769230766,0.0,16624.480769230766,1443.8864059045156,0.0,0.0,6.8895257590802865
3,2022.0,0.0,Tuberculosis,All,15374.038461538461,0.0,0.0,,9.640500594235068,0.06870772246445397,0.0,0.0,0.0,15374.038461538461,223150896.0,53.521,15374.038461538461,15374.038461538461,0.0,15999.259615384613,1250.4423076923113,0.0,0.0,6.8895257590802865
4,2022.0,0.0,Tuberculosis,All,15374.038461538461,0.0,0.0,,9.640500594235068,0.06870772246445397,0.0,0.0,0.0,15374.038461538461,223150896.0,53.521,15374.038461538461,15374.038461538461,0.0,15374.038461538461,0.0,0.0,0.0,6.8895257590802865
5,2022.0,0.0,Tuberculosis,All,15374.038461538461,0.0,0.0,,9.640500594235068,0.06870772246445397,0.0,0.0,0.0,15374.038461538461,223150896.0,53.521,15374.038461538461,15374.038461538461,0.0,15374.038461538461,0.0,0.0,0.0,6.8895257590802865
6,2022.0,0.0,Tuberculosis,All,15374.038461538461,0.0,0.0,,9.640500594235068,0.06870772246445397,0.0,0.0,0.0,15374.038461538461,223150896.0,53.521,15374.038461538461,15374.038461538461,0.0,15374.038461538461,0.0,0.0,0.0,6.8895257590802865
7,2022.0,0.0,Tuberculosis,All,15374.038461538461,0.0,0.0,,9.640500594235068,0.06870772246445397,0.0,0.0,0.0,15374.038461538461,223150896.0,53.521,15374.038461538461,15374.038461538461,0.0,15374.038461538461,0.0,0.0,0.0,6.8895257590802865
8,2022.0,0.0,Tuberculosis,All,15374.038461538461,0.0,0.0,,9.640500594235068,0.06870772246445397,0.0,0.0,0.0,15374.038461538461,223150896.0,53.521,15374.038461538461,15374.038461538461,0.0,15374.038461538461,0.0,0.0,0.0,6.8895257590802865
9,2022.0,0.0,Tuberculosis,All,15374.038461538461,0.0,0.0,,9.640500594235068,0.06870772246445397,0.0,0.0,0.0,15374.038461538461,223150896.0,53.521,15374.038461538461,15374.038461538461,0.0,15374.038461538461,0.0,0.0,0.0,6.8895257590802865
10,2022.0,0.0,Tuberculosis,All,15374.038461538461,0.0,0.0,,9.640500594235068,0.06870772246445397,0.0,0.0,0.0,15374.038461538461,223150896.0,53.521,15374.038461538461,15374.038461538461,0.0,15374.038461538461,0.0,0.0,0.0,6.8895257590802865
11,2022.0,0.0,Tuberculosis,All,15374.038461538461,0.0,0.0,,9.640500594235068,0.06870772246445397,0.0,0.0,0.0,15374.038461538461,223150896.0,53.521,15374.038461538461,15374.038461538461,0.0,15374.038461538461,0.0,0.0,0.0,6.8895257590802865
12,2022.0,0.0,Tuberculosis,All,15374.038461538461,0.0,0.0,,9.640500594235068,0.06870772246445397,0.0,0.0,0.0,15374.038461538461,223150896.0,53.521,15374.038461538461,15374.038461538461,0.0,15374.038461538461,0.0,0.0,0.0,6.8895257590802865
13,2022.0,0.0,Tuberculosis,All,15374.038461538461,0.0,0.0,,9.640500594235068,0.06870772246445397,0.0,0.0,0.0,15374.038461538461,223150896.0,53.521,15374.038461538461,15374.038461538461,0.0,15374.038461538461,0.0,0.0,0.0,6.8895257590802865
14,2022.0,0.0,Tuberculosis,All,15374.038461538461,0.0,0.0,,9.640500594235068,0.06870772246445397,0.0,0.0,0.0,15374.038461538461,223150896.0,53.521,15374.038461538461,15374.038461538461,0.0,15374.038461538461,0.0,0.0,0.0,6.8895257590802865
15,2022.0,0.0,Tuberculosis,All,15374.038461538461,0.0,0.0,,9.640500594235068,0.06870772246445397,0.0,0.0,0.0,15374.038461538461,223150896.0,53.521,15374.038461538461,15374.038461538461,0.0,15374.038461538461,0.0,0.0,0.0,6.8895257590802865
16,2022.0,0.0,Tuberculosis,All,15374.038461538461,0.0,0.0,,9.640500594235068,0.06870772246445397,0.0,0.0,0.0,15374.038461538461,223150896.0,53.521,15374.038461538461,15374.038461538461,0.0,15374.038461538461,0.0,0.0,0.0,6.8895257590802865
17,2022.0,0.0,Tuberculosis,All,15374.038461538461,0.0,0.0,,9.640500594235068,0.06870772246445397,0.0,0.0,0.0,15374.038461538461,223150896.0,53.521,15374.038461538461,15374.038461538461,0.0,15374.038461538461,0.0,0.0,0.0,6.8895257590802865
18,2022.0,0.0,Tuberculosis,All,15374.038461538461,0.0,0.0,,9.640500594235068,0.06870772246445397,0.0,0.0,0.0,15374.038461538461,223150896.0,53.521,15374.038461538461,15374.038461538461,0.0,15374.038461538461,0.0,0.0,0.0,6.8895257590802865
19,2022.0,0.0,Tuberculosis,All,15374.038461538461,0.0,0.0,,9.640500594235068,0.06870772246445397,0.0,0.0,0.0,15374.038461538461,223150896.0,53.521,15374.038461538461,15374.038461538461,0.0,15374.038461538461,0.0,0.0,0.0,6.8895257590802865
20,2022.0,0.0,Tuberculosis,All,15374.038461538461,0.0,0.0,,9.640500594235068,0.06870772246445397,0.0,0.0,0.0,15374.038461538461,223150896.0,53.521,15374.038461538461,15374.038461538461,0.0,15374.038461538461,0.0,0.0,0.0,6.8895257590802865
21,2022.0,0.0,Tuberculosis,All,15374.038461538461,0.0,0.0,,9.640500594235068,0.06870772246445397,0.0,0.0,0.0,15374.038461538461,223150896.0,53.521,15374.038461538461,15374.038461538461,0.0,15374.038461538461,0.0,0.0,0.0,6.8895257590802865
22,2022.0,0.0,Tuberculosis,All,15374.038461538461,0.0,0.0,,9.640500594235068,0.06870772246445397,0.0,0.0,0.0,15374.038461538461,223150896.0,53.521,15374.038461538461,15374.038461538461,0.0,15374.038461538461,0.0,0.0,0.0,6.8895257590802865
23,2022.0,0.0,Tuberculosis,All,15374.038461538461,0.0,0.0,,9.640500594235068,0.06870772246445397,0.0,0.0,0.0,15374.038461538461,223150896.0,53.521,15374.038461538461,15374.038461538461,0.0,15374.038461538461,0.0,0.0,0.0,6.8895257590802865
24,2022.0,0.0,Tuberculosis,All,15374.038461538461,0.0,0.0,,9.640500594235068,0.06870772246445397,0.0,0.0,0.0,15374.038461538461,223150896.0,53.521,15374.038461538461,15374.038461538461,0.0,15374.038461538461,0.0,0.0,0.0,6.8895257590802865
25,2022.0,0.0,Tuberculosis,All,15374.038461538461,0.0,0.0,,9.640500594235068,0.06870772246445397,0.0,0.0,0.0,15374.038461538461,223150896.0,53.521,15374.038461538461,15374.038461538461,0.0,15374.038461538461,0.0,0.0,0.0,6.8895257590802865
26,2022.0,0.0,Tuberculosis,All,15374.038461538461,0.0,0.0,,9.640500594235068,0.06870772246445397,0.0,0.0,0.0,15374.038461538461,223150896.0,53.521,15374.038461538461,15374.038461538461,0.0,15374.038461538461,0.0,0.0,0.0,6.8895257590802865
27,2022.0,0.0,Tuberculosis,All,15374.038461538461,0.0,0.0,,9.640500594235068,0.06870772246445397,0.0,0.0,0.0,15374.038461538461,223150896.0,53.521,15374.038461538461,15374.038461538461,0.0,15374.038461538461,0.0,0.0,0.0,6.8895257590802865
28,2022.0,0.0,Tuberculosis,All,15374.038461538461,0.0,0.0,,9.640500594235068,0.06870772246445397,0.0,0.0,0.0,15374.038461538461,223150896.0,53.521,15374.038461538461,15374.038461538461,0.0,15374.038461538461,0.0,0.0,0.0,6.8895257590802865
29,2022.0,0.0,Tuberculosis,All,15374.038461538461,0.0,0.0,,9.640500594235068,0.06870772246445397,0.0,0.0,0.0,15374.038461538461,223150896.0,53.521,15374.038461538461,15374.038461538461,0.0,15374.038461538461,0.0,0.0,0.0,6.8895257590802865
30,2022.0,0.0,Tuberculosis,All,15374.038461538461,0.0,0.0,,9.640500594235068,0.06870772246445397,0.0,0.0,0.0,15374.038461538461,223150896.0,53.521,15374.038461538461,15374.038461538461,0.0,15374.038461538461,0.0,0.0,0.0,6.8895257590802865
31,2022.0,0.0,Tuberculosis,All,15374.038461538461,0.0,0.0,,9.640500594235068,0.06870772246445397,0.0,0.0,0.0,15374.038461538461,223150896.0,53.521,15374.038461538461,15374.038461538461,0.0,15374.038461538461,0.0,0.0,0.0,6.8895257590802865
32,2022.0,0.0,Tuberculosis,All,15374.038461538461,0.0,0.0,,9.640500594235068,0.06870772246445397,0.0,0.0,0.0,15374.038461538461,223150896.0,53.521,15374.038461538461,15374.038461538461,0.0,15374.038461538461,0.0,0.0,0.0,6.8895257590802865
33,2022.0,0.0,Tuberculosis,All,15374.038461538461,0.0,0.0,,9.640500594235068,0.06870772246445397,0.0,0.0,0.0,15374.038461538461,223150896.0,53.521,15374.038461538461,15374.038461538461,0.0,15374.038461538461,0.0,0.0,0.0,6.8895257590802865
34,2022.0,0.0,Tuberculosis,All,15374.038461538461,0.0,0.0,,9.640500594235068,0.06870772246445397,0.0,0.0,0.0,15374.038461538461,223150896.0,53.521,15374.038461538461,15374.038461538461,0.0,15374.038461538461,0.0,0.0,0.0,6.8895257590802865
35,2022.0,0.0,Tuberculosis,All,15374.038461538461,0.0,0.0,,9.640500594235068,0.06870772246445397,0.0,0.0,0.0,15374.038461538461,223150896.0,53.521,15374.038461538461,15374.038461538461,0.0,15374.038461538461,0.0,0.0,0.0,6.8895257590802865
36,2022.0,0.0,Tuberculosis,All,15374.038461538461,0.0,0.0,,9.640500594235068,0.06870772246445397,0.0,0.0,0.0,15374.038461538461,223150896.0,53.521,15374.038461538461,15374.038461538461,0.0,15374.038461538461,0.0,0.0,0.0,6.8895257590802865
37,2022.0,0.0,Tuberculosis,All,15374.038461538461,0.0,0.0,,9.640500594235068,0.06870772246445397,0.0,0.0,0.0,15374.038461538461,223150896.0,53.521,15374.038461538461,15374.038461538461,0.0,15374.038461538461,0.0,0.0,0.0,6.8895257590802865
38,2022.0,0.0,Tuberculosis,All,15374.038461538461,0.0,0.0,,9.640500594235068,0.06870772246445397,0.0,0.0,0.0,15374.038461538461,223150896.0,53.521,15374.038461538461,15374.038461538461,0.0,15374.038461538461,0.0,0.0,0.0,6.8895257590802865
39,2022.0,0.0,Tuberculosis,All,15374.038461538461,0.0,0.0,,9.640500594235068,0.06870772246445397,0.0,0.0,0.0,15374.038461538461,223150896.0,53.521,15374.038461538461,15374.038461538461,0.0,15374.038461538461,0.0,0.0,0.0,6.8895257590802865
40,2022.0,0.0,Tuberculosis,All,15374.038461538461,0.0,0.0,,9.640500594235068,0.06870772246445397,0.0,0.0,0.0,15374.038461538461,223150896.0,53.521,15374.038461538461,15374.038461538461,0.0,15374.038461538461,0.0,0.0,0.0,6.8895257590802865
41,2022.0,0.0,Tuberculosis,All,15374.038461538461,0.0,0.0,,9.640500594235068,0.06870772246445397,0.0,0.0,0.0,15374.038461538461,223150896.0,53.521,15374.038461538461,15374.038461538461,0.0,15374.038461538461,0.0,0.0,0.0,6.8895257590802865
42,2022.0,0.0,Tuberculosis,All,15374.038461538461,0.0,0.0,,9.640500594235068,0.06870772246445397,0.0,0.0,0.0,15374.038461538461,223150896.0,53.521,15374.038461538461,15374.038461538461,0.0,15374.038461538461,0.0,0.0,0.0,6.8895257590802865
43,2022.0,0.0,Tuberculosis,All,15374.038461538461,0.0,0.0,,9.640500594235068,0.06870772246445397,0.0,0.0,0.0,15374.038461538461,223150896.0,53.521,15374.038461538461,15374.038461538461,0.0,15374.038461538461,0.0,0.0,0.0,6.8895257590802865
44,2022.0,0.0,Tuberculosis,All,15374.038461538461,0.0,0.0,,9.640500594235068,0.06870772246445397,0.0,0.0,0.0,15374.038461538461,223150896.0,53.521,15374.038461538461,15374.038461538461,0.0,15374.038461538461,0.0,0.0,0.0,6.8895257590802865
45,2022.0,0.0,Tuberculosis,All,15374.038461538461,0.0,0.0,,9.640500594235068,0.06870772246445397,0.0,0.0,0.0,15374.038461538461,223150896.0,53.521,15374.038461538461,15374.038461538461,0.0,15374.038461538461,0.0,0.0,0.0,6.8895257590802865
46,2022.0,0.0,Tuberculosis,All,15374.038461538461,0.0,0.0,,9.640500594235068,0.06870772246445397,0.0,0.0,0.0,15374.038461538461,223150896.0,53.521,15374.038461538461,15374.038461538461,0.0,15374.038461538461,0.0,0.0,0.0,6.8895257590802865
47,2022.0,0.0,Tuberculosis,All,15374.038461538461,0.0,0.0,,9.640500594235068,0.06870772246445397,0.0,0.0,0.0,15374.038461538461,223150896.0,53.521,15374.038461538461,15374.038461538461,0.0,15374.038461538461,0.0,0.0,0.0,6.8895257590802865
48,2022.0,0.0,Tuberculosis,All,15374.038461538461,0.0,0.0,,9.640500594235068,0.06870772246445397,0.0,0.0,0.0,15374.038461538461,223150896.0,53.521,15374.038461538461,15374.038461538461,0.0,15374.038461538461,0.0,0.0,0.0,6.8895257590802865
49,2022.0,0.0,Tuberculosis,All,15374.038461538461,0.0,0.0,,9.640500594235068,0.06870772246445397,0.0,0.0,0.0,15374.038461538461,223150896.0,53.521,15374.038461538461,15374.038461538461,0.0,15374.038461538461,0.0,0.0,0.0,6.8895257590802865
50,2022.0,0.0,Tuberculosis,All,15374.038461538461,0.0,0.0,,9.640500594235068,0.06870772246445397,0.0,0.0,0.0,15374.038461538461,223150896.0,53.521,15374.038461538461,15374.038461538461,0.0,15374.038461538461,0.0,0.0,0.0,6.8895257590802865
51,2022.0,0.0,Tuberculosis,All,15374.038461538461,0.0,0.0,,9.640500594235068,0.06870772246445397,0.0,0.0,0.0,15374.038461538461,223150896.0,53.521,15374.038461538461,15374.038461538461,0.0,15374.038461538461,0.0,0.0,0.0,6.8895257590802865
52,2022.0,0.0,Tuberculosis,All,15374.038461538461,0.0,0.0,,9.640500594235068,0.06870772246445397,0.0,0.0,0.0,15374.038461538461,223150896.0,53.521,15374.038461538461,15374.038461538461,0.0,15374.038461538461,0.0,0.0,0.0,6.8895257590802865
1,2023.0,0.0,Tuberculosis,All,18274.25,0.0,0.0,,9.813302964414971,0.5255457993674184,0.0,0.0,0.0,18274.25,227882945.0,54.283,15374.038461538461,15374.038461538461,0.0,16099.091346153846,1450.1057692307743,0.0,0.1886434423666271,8.019138948726505
2,2023.0,0.0,Tuberculosis,All,18274.25,0.0,0.0,,9.813302964414971,0.5255457993674184,0.0,0.0,0.0,18274.25,227882945.0,54.283,18274.25,16824.14423076923,0.0,16824.14423076923,1674.4379124376426,0.0,0.0,8.019138948726505
3,2023.0,0.0,Tuberculosis,All,18274.25,0.0,0.0,,9.813302964414971,0.5255457993674184,0.0,0.0,0.0,18274.25,227882945.0,54.283,18274.25,18274.25,0.0,17549.197115384617,1450.1057692307988,0.0,0.0,8.019138948726505
4,2023.0,0.0,Tuberculosis,All,18274.25,0.0,0.0,,9.813302964414971,0.5255457993674184,0.0,0.0,0.0,18274.25,227882945.0,54.283,18274.25,18274.25,0.0,18274.25,0.0,0.0,0.0,8.019138948726505
5,2023.0,0.0,Tuberculosis,All,18274.25,0.0,0.0,,9.813302964414971,0.5255457993674184,0.0,0.0,0.0,18274.25,227882945.0,54.283,18274.25,18274.25,0.0,18274.25,0.0,0.0,0.0,8.019138948726505
6,2023.0,0.0,Tuberculosis,All,18274.25,0.0,0.0,,9.813302964414971,0.5255457993674184,0.0,0.0,0.0,18274.25,227882945.0,54.283,18274.25,18274.25,0.0,18274.25,0.0,0.0,0.0,8.019138948726505
7,2023.0,0.0,Tuberculosis,All,18274.25,0.0,0.0,,9.813302964414971,0.5255457993674184,0.0,0.0,0.0,18274.25,227882945.0,54.283,18274.25,18274.25,0.0,18274.25,0.0,0.0,0.0,8.019138948726505
8,2023.0,0.0,Tuberculosis,All,18274.25,0.0,0.0,,9.813302964414971,0.5255457993674184,0.0,0.0,0.0,18274.25,227882945.0,54.283,18274.25,18274.25,0.0,18274.25,0.0,0.0,0.0,8.019138948726505
9,2023.0,0.0,Tuberculosis,All,18274.25,0.0,0.0,,9.813302964414971,0.5255457993674184,0.0,0.0,0.0,18274.25,227882945.0,54.283,18274.25,18274.25,0.0,18274.25,0.0,0.0,0.0,8.019138948726505
10,2023.0,0.0,Tuberculosis,All,18274.25,0.0,0.0,,9.813302964414971,0.5255457993674184,0.0,0.0,0.0,18274.25,227882945.0,54.283,18274.25,18274.25,0.0,18274.25,0.0,0.0,0.0,8.019138948726505
11,2023.0,0.0,Tuberculosis,All,18274.25,0.0,0.0,,9.813302964414971,0.5255457993674184,0.0,0.0,0.0,18274.25,227882945.0,54.283,18274.25,18274.25,0.0,18274.25,0.0,0.0,0.0,8.019138948726505
12,2023.0,0.0,Tuberculosis,All,18274.25,0.0,0.0,,9.813302964414971,0.5255457993674184,0.0,0.0,0.0,18274.25,227882945.0,54.283,18274.25,18274.25,0.0,18274.25,0.0,0.0,0.0,8.019138948726505
13,2023.0,0.0,Tuberculosis,All,18274.25,0.0,0.0,,9.813302964414971,0.5255457993674184,0.0,0.0,0.0,18274.25,227882945.0,54.283,18274.25,18274.25,0.0,18274.25,0.0,0.0,0.0,8.019138948726505
14,2023.0,0.0,Tuberculosis,All,18274.25,0.0,0.0,,9.813302964414971,0.5255457993674184,0.0,0.0,0.0,18274.25,227882945.0,54.283,18274.25,18274.25,0.0,18274.25,0.0,0.0,0.0,8.019138948726505
15,2023.0,0.0,Tuberculosis,All,18274.25,0.0,0.0,,9.813302964414971,0.5255457993674184,0.0,0.0,0.0,18274.25,227882945.0,54.283,18274.25,18274.25,0.0,18274.25,0.0,0.0,0.0,8.019138948726505
16,2023.0,0.0,Tuberculosis,All,18274.25,0.0,0.0,,9.813302964414971,0.5255457993674184,0.0,0.0,0.0,18274.25,227882945.0,54.283,18274.25,18274.25,0.0,18274.25,0.0,0.0,0.0,8.019138948726505
17,2023.0,0.0,Tuberculosis,All,18274.25,0.0,0.0,,9.813302964414971,0.5255457993674184,0.0,0.0,0.0,18274.25,227882945.0,54.283,18274.25,18274.25,0.0,18274.25,0.0,0.0,0.0,8.019138948726505
18,2023.0,0.0,Tuberculosis,All,18274.25,0.0,0.0,,9.813302964414971,0.5255457993674184,0.0,0.0,0.0,18274.25,227882945.0,54.283,18274.25,18274.25,0.0,18274.25,0.0,0.0,0.0,8.019138948726505
19,2023.0,0.0,Tuberculosis,All,18274.25,0.0,0.0,,9.813302964414971,0.5255457993674184,0.0,0.0,0.0,18274.25,227882945.0,54.283,18274.25,18274.25,0.0,18274.25,0.0,0.0,0.0,8.019138948726505
20,2023.0,0.0,Tuberculosis,All,18274.25,0.0,0.0,,9.813302964414971,0.5255457993674184,0.0,0.0,0.0,18274.25,227882945.0,54.283,18274.25,18274.25,0.0,18274.25,0.0,0.0,0.0,8.019138948726505
21,2023.0,0.0,Tuberculosis,All,18274.25,0.0,0.0,,9.813302964414971,0.5255457993674184,0.0,0.0,0.0,18274.25,227882945.0,54.283,18274.25,18274.25,0.0,18274.25,0.0,0.0,0.0,8.019138948726505
22,2023.0,0.0,Tuberculosis,All,18274.25,0.0,0.0,,9.813302964414971,0.5255457993674184,0.0,0.0,0.0,18274.25,227882945.0,54.283,18274.25,18274.25,0.0,18274.25,0.0,0.0,0.0,8.019138948726505
23,2023.0,0.0,Tuberculosis,All,18274.25,0.0,0.0,,9.813302964414971,0.5255457993674184,0.0,0.0,0.0,18274.25,227882945.0,54.283,18274.25,18274.25,0.0,18274.25,0.0,0.0,0.0,8.019138948726505
24,2023.0,0.0,Tuberculosis,All,18274.25,0.0,0.0,,9.813302964414971,0.5255457993674184,0.0,0.0,0.0,18274.25,227882945.0,54.283,18274.25,18274.25,0.0,18274.25,0.0,0.0,0.0,8.019138948726505
25,2023.0,0.0,Tuberculosis,All,18274.25,0.0,0.0,,9.813302964414971,0.5255457993674184,0.0,0.0,0.0,18274.25,227882945.0,54.283,18274.25,18274.25,0.0,18274.25,0.0,0.0,0.0,8.019138948726505
26,2023.0,0.0,Tuberculosis,All,18274.25,0.0,0.0,,9.813302964414971,0.5255457993674184,0.0,0.0,0.0,18274.25,227882945.0,54.283,18274.25,18274.25,0.0,18274.25,0.0,0.0,0.0,8.019138948726505
27,2023.0,0.0,Tuberculosis,All,18274.25,0.0,0.0,,9.813302964414971,0.5255457993674184,0.0,0.0,0.0,18274.25,227882945.0,54.283,18274.25,18274.25,0.0,18274.25,0.0,0.0,0.0,8.019138948726505
28,2023.0,0.0,Tuberculosis,All,18274.25,0.0,0.0,,9.813302964414971,0.5255457993674184,0.0,0.0,0.0,18274.25,227882945.0,54.283,18274.25,18274.25,0.0,18274.25,0.0,0.0,0.0,8.019138948726505
29,2023.0,0.0,Tuberculosis,All,18274.25,0.0,0.0,,9.813302964414971,0.5255457993674184,0.0,0.0,0.0,18274.25,227882945.0,54.283,18274.25,18274.25,0.0,18274.25,0.0,0.0,0.0,8.019138948726505
30,2023.0,0.0,Tuberculosis,All,18274.25,0.0,0.0,,9.813302964414971,0.5255457993674184,0.0,0.0,0.0,18274.25,227882945.0,54.283,18274.25,18274.25,0.0,18274.25,0.0,0.0,0.0,8.019138948726505
31,2023.0,0.0,Tuberculosis,All,18274.25,0.0,0.0,,9.813302964414971,0.5255457993674184,0.0,0.0,0.0,18274.25,227882945.0,54.283,18274.25,18274.25,0.0,18274.25,0.0,0.0,0.0,8.019138948726505
32,2023.0,0.0,Tuberculosis,All,18274.25,0.0,0.0,,9.813302964414971,0.5255457993674184,0.0,0.0,0.0,18274.25,227882945.0,54.283,18274.25,18274.25,0.0,18274.25,0.0,0.0,0.0,8.019138948726505
33,2023.0,0.0,Tuberculosis,All,18274.25,0.0,0.0,,9.813302964414971,0.5255457993674184,0.0,0.0,0.0,18274.25,227882945.0,54.283,18274.25,18274.25,0.0,18274.25,0.0,0.0,0.0,8.019138948726505
34,2023.0,0.0,Tuberculosis,All,18274.25,0.0,0.0,,9.813302964414971,0.5255457993674184,0.0,0.0,0.0,18274.25,227882945.0,54.283,18274.25,18274.25,0.0,18274.25,0.0,0.0,0.0,8.019138948726505
35,2023.0,0.0,Tuberculosis,All,18274.25,0.0,0.0,,9.813302964414971,0.5255457993674184,0.0,0.0,0.0,18274.25,227882945.0,54.283,18274.25,18274.25,0.0,18274.25,0.0,0.0,0.0,8.019138948726505
36,2023.0,0.0,Tuberculosis,All,18274.25,0.0,0.0,,9.813302964414971,0.5255457993674184,0.0,0.0,0.0,18274.25,227882945.0,54.283,18274.25,18274.25,0.0,18274.25,0.0,0.0,0.0,8.019138948726505
37,2023.0,0.0,Tuberculosis,All,18274.25,0.0,0.0,,9.813302964414971,0.5255457993674184,0.0,0.0,0.0,18274.25,227882945.0,54.283,18274.25,18274.25,0.0,18274.25,0.0,0.0,0.0,8.019138948726505
38,2023.0,0.0,Tuberculosis,All,18274.25,0.0,0.0,,9.813302964414971,0.5255457993674184,0.0,0.0,0.0,18274.25,227882945.0,54.283,18274.25,18274.25,0.0,18274.25,0.0,0.0,0.0,8.019138948726505
39,2023.0,0.0,Tuberculosis,All,18274.25,0.0,0.0,,9.813302964414971,0.5255457993674184,0.0,0.0,0.0,18274.25,227882945.0,54.283,18274.25,18274.25,0.0,18274.25,0.0,0.0,0.0,8.019138948726505
40,2023.0,0.0,Tuberculosis,All,18274.25,0.0,0.0,,9.813302964414971,0.5255457993674184,0.0,0.0,0.0,18274.25,227882945.0,54.283,18274.25,18274.25,0.0,18274.25,0.0,0.0,0.0,8.019138948726505
41,2023.0,0.0,Tuberculosis,All,18274.25,0.0,0.0,,9.813302964414971,0.5255457993674184,0.0,0.0,0.0,18274.25,227882945.0,54.283,18274.25,18274.25,0.0,18274.25,0.0,0.0,0.0,8.019138948726505
42,2023.0,0.0,Tuberculosis,All,18274.25,0.0,0.0,,9.813302964414971,0.5255457993674184,0.0,0.0,0.0,18274.25,227882945.0,54.283,18274.25,18274.25,0.0,18274.25,0.0,0.0,0.0,8.019138948726505
43,2023.0,0.0,Tuberculosis,All,18274.25,0.0,0.0,,9.813302964414971,0.5255457993674184,0.0,0.0,0.0,18274.25,227882945.0,54.283,18274.25,18274.25,0.0,18274.25,0.0,0.0,0.0,8.019138948726505
44,2023.0,0.0,Tuberculosis,All,18274.25,0.0,0.0,,9.813302964414971,0.5255457993674184,0.0,0.0,0.0,18274.25,227882945.0,54.283,18274.25,18274.25,0.0,18274.25,0.0,0.0,0.0,8.019138948726505
45,2023.0,0.0,Tuberculosis,All,18274.25,0.0,0.0,,9.813302964414971,0.5255457993674184,0.0,0.0,0.0,18274.25,227882945.0,54.283,18274.25,18274.25,0.0,18274.25,0.0,0.0,0.0,8.019138948726505
46,2023.0,0.0,Tuberculosis,All,18274.25,0.0,0.0,,9.813302964414971,0.5255457993674184,0.0,0.0,0.0,18274.25,227882945.0,54.283,18274.25,18274.25,0.0,18274.25,0.0,0.0,0.0,8.019138948726505
47,2023.0,0.0,Tuberculosis,All,18274.25,0.0,0.0,,9.813302964414971,0.5255457993674184,0.0,0.0,0.0,18274.25,227882945.0,54.283,18274.25,18274.25,0.0,18274.25,0.0,0.0,0.0,8.019138948726505
48,2023.0,0.0,Tuberculosis,All,18274.25,0.0,0.0,,9.813302964414971,0.5255457993674184,0.0,0.0,0.0,18274.25,227882945.0,54.283,18274.25,18274.25,0.0,18274.25,0.0,0.0,0.0,8.019138948726505
49,2023.0,0.0,Tuberculosis,All,18274.25,0.0,0.0,,9.813302964414971,0.5255457993674184,0.0,0.0,0.0,18274.25,227882945.0,54.283,18274.25,18274.25,0.0,18274.25,0.0,0.0,0.0,8.019138948726505
50,2023.0,0.0,Tuberculosis,All,18274.25,0.0,0.0,,9.813302964414971,0.5255457993674184,0.0,0.0,0.0,18274.25,227882945.0,54.283,18274.25,18274.25,0.0,18274.25,0.0,0.0,0.0,8.019138948726505
51,2023.0,0.0,Tuberculosis,All,18274.25,0.0,0.0,,9.813302964414971,0.5255457993674184,0.0,0.0,0.0,18274.25,227882945.0,54.283,18274.25,18274.25,0.0,18274.25,0.0,0.0,0.0,8.019138948726505
52,2023.0,0.0,Tuberculosis,All,18274.25,0.0,0.0,,9.813302964414971,0.5255457993674184,0.0,0.0,0.0,18274.25,227882945.0,54.283,18274.25,18274.25,0.0,18274.25,0.0,0.0,0.0,8.019138948726505
20,2018.0,10.0,Yellow Fever,Abia,1.0,0.9,90.0,2018-03-05,0.6931471805599453,-0.5957212795077483,25.97142857142857,86.14285714285714,24.9,0.903846153846154,204938755.0,50.344,0.0,0.0,0.0,1.0,0.0,0.9,0.0,0.00048795065628265383
20,2018.0,10.0,Yellow Fever,Abia,1.0,0.9,90.0,2018-03-05,0.6931471805599453,-0.5957212795077483,25.97142857142857,86.14285714285714,24.9,0.903846153846154,204938755.0,50.344,1.0,0.0,0.9,1.0,0.0,0.9,0.0,0.00048795065628265383
20,2018.0,10.0,Yellow Fever,Abia,1.0,0.9,90.0,2018-03-05,0.6931471805599453,-0.5957212795077483,25.97142857142857,86.14285714285714,24.9,0.903846153846154,204938755.0,50.344,1.0,1.0,0.9,1.0,0.0,0.9,0.0,0.00048795065628265383
20,2018.0,10.0,Yellow Fever,Abia,1.0,0.9,90.0,2018-03-05,0.6931471805599453,-0.5957212795077483,25.97142857142857,86.14285714285714,24.9,0.903846153846154,204938755.0,50.344,1.0,1.0,0.9,1.0,0.0,0.9,0.0,0.00048795065628265383
20,2018.0,10.0,Yellow Fever,Abuja,1.0,0.9,90.0,2018-03-05,0.6931471805599453,-0.5957212795077483,26.457142857142856,75.71428571428571,15.9,0.903846153846154,204938755.0,50.344,0.0,0.0,0.0,1.0,0.0,0.9,0.0,0.00048795065628265383
20,2018.0,10.0,Yellow Fever,Abuja,1.0,0.9,90.0,2018-03-05,0.6931471805599453,-0.5957212795077483,26.457142857142856,75.71428571428571,15.9,0.903846153846154,204938755.0,50.344,1.0,0.0,0.9,1.0,0.0,0.9,0.0,0.00048795065628265383
20,2018.0,10.0,Yellow Fever,Abuja,1.0,0.9,90.0,2018-03-05,0.6931471805599453,-0.5957212795077483,26.457142857142856,75.71428571428571,15.9,0.903846153846154,204938755.0,50.344,1.0,1.0,0.9,1.0,0.0,0.9,0.0,0.00048795065628265383
20,2018.0,10.0,Yellow Fever,Abuja,1.0,0.9,90.0,2018-03-05,0.6931471805599453,-0.5957212795077483,26.457142857142856,75.71428571428571,15.9,0.903846153846154,204938755.0,50.344,1.0,1.0,0.9,1.0,0.0,0.9,0.0,0.00048795065628265383
20,2018.0,10.0,Yellow Fever,Anambra,3.0,2.7,90.0,2018-03-05,1.3862943611198906,-0.2707823997762493,26.942857142857143,84.28571428571429,21.0,0.903846153846154,204938755.0,50.344,0.0,0.0,0.0,3.0,0.0,2.7,0.0,0.0014638519688479614
20,2018.0,10.0,Yellow Fever,Anambra,3.0,2.7,90.0,2018-03-05,1.3862943611198906,-0.2707823997762493,26.942857142857143,84.28571428571429,21.0,0.903846153846154,204938755.0,50.344,3.0,0.0,2.7,3.0,0.0,2.7,0.0,0.0014638519688479614
20,2018.0,10.0,Yellow Fever,Anambra,3.0,2.7,90.0,2018-03-05,1.3862943611198906,-0.2707823997762493,26.942857142857143,84.28571428571429,21.0,0.903846153846154,204938755.0,50.344,3.0,3.0,2.7,3.0,0.0,2.7,0.0,0.0014638519688479614
20,2018.0,10.0,Yellow Fever,Anambra,3.0,2.7,90.0,2018-03-05,1.3862943611198906,-0.2707823997762493,26.942857142857143,84.28571428571429,21.0,0.903846153846154,204938755.0,50.344,3.0,3.0,2.7,3.0,0.0,2.7,0.0,0.0014638519688479614
20,2020.0,46.0,Yellow Fever,Bauchi,1.0,0.0,0.0,2020-11-09,0.6931471805599453,-0.5957212795077483,31.27142857142857,43.57142857142857,0.0,4.153846153846154,213996181.0,51.958,0.0,0.0,0.0,1.0,0.0,0.0,0.0,0.00046729805893124795
20,2020.0,46.0,Yellow Fever,Bauchi,1.0,0.0,0.0,2020-11-09,0.6931471805599453,-0.5957212795077483,31.27142857142857,43.57142857142857,0.0,4.153846153846154,213996181.0,51.958,1.0,0.0,0.0,1.0,0.0,0.0,0.0,0.00046729805893124795
20,2020.0,46.0,Yellow Fever,Bauchi,1.0,0.0,0.0,2020-11-09,0.6931471805599453,-0.5957212795077483,31.27142857142857,43.57142857142857,0.0,4.153846153846154,213996181.0,51.958,1.0,1.0,0.0,1.0,0.0,0.0,0.0,0.00046729805893124795
20,2020.0,46.0,Yellow Fever,Bauchi,1.0,0.0,0.0,2020-11-09,0.6931471805599453,-0.5957212795077483,31.27142857142857,43.57142857142857,0.0,4.153846153846154,213996181.0,51.958,1.0,1.0,0.0,1.0,0.0,0.0,0.0,0.00046729805893124795
20,2018.0,10.0,Yellow Fever,Borno,6.0,5.4,90.0,2018-03-05,1.9459101490553132,0.21662591982099935,32.42857142857143,38.85714285714285,0.2,0.903846153846154,204938755.0,50.344,0.0,0.0,0.0,6.0,0.0,5.4,0.0,0.002927703937695923
20,2018.0,10.0,Yellow Fever,Borno,6.0,5.4,90.0,2018-03-05,1.9459101490553132,0.21662591982099935,32.42857142857143,38.85714285714285,0.2,0.903846153846154,204938755.0,50.344,6.0,0.0,5.4,6.0,0.0,5.4,0.0,0.002927703937695923
20,2018.0,10.0,Yellow Fever,Borno,6.0,5.4,90.0,2018-03-05,1.9459101490553132,0.21662591982099935,32.42857142857143,38.85714285714285,0.2,0.903846153846154,204938755.0,50.344,6.0,6.0,5.4,6.0,0.0,5.4,0.0,0.002927703937695923
20,2018.0,10.0,Yellow Fever,Borno,6.0,5.4,90.0,2018-03-05,1.9459101490553132,0.21662591982099935,32.42857142857143,38.85714285714285,0.2,0.903846153846154,204938755.0,50.344,6.0,6.0,5.4,6.0,0.0,5.4,0.0,0.002927703937695923
20,2018.0,10.0,Yellow Fever,Delta,4.0,3.6,90.0,2018-03-05,1.6094379124341003,-0.10831295991049975,26.11428571428572,87.71428571428571,31.3,0.903846153846154,204938755.0,50.344,0.0,0.0,0.0,4.0,0.0,3.6,0.0,0.0019518026251306153
20,2018.0,10.0,Yellow Fever,Delta,4.0,3.6,90.0,2018-03-05,1.6094379124341003,-0.10831295991049975,26.11428571428572,87.71428571428571,31.3,0.903846153846154,204938755.0,50.344,4.0,0.0,3.6,4.0,0.0,3.6,0.0,0.0019518026251306153
20,2018.0,10.0,Yellow Fever,Delta,4.0,3.6,90.0,2018-03-05,1.6094379124341003,-0.10831295991049975,26.11428571428572,87.71428571428571,31.3,0.903846153846154,204938755.0,50.344,4.0,4.0,3.6,4.0,0.0,3.6,0.0,0.0019518026251306153
20,2018.0,10.0,Yellow Fever,Delta,4.0,3.6,90.0,2018-03-05,1.6094379124341003,-0.10831295991049975,26.11428571428572,87.71428571428571,31.3,0.903846153846154,204938755.0,50.344,4.0,4.0,3.6,4.0,0.0,3.6,0.0,0.0019518026251306153
20,2018.0,10.0,Yellow Fever,Ebonyi,1.0,0.9,90.0,2018-03-05,0.6931471805599453,-0.5957212795077483,27.37142857142857,80.57142857142857,23.200000000000003,0.903846153846154,204938755.0,50.344,0.0,0.0,0.0,1.0,0.0,0.9,0.0,0.00048795065628265383
20,2018.0,10.0,Yellow Fever,Ebonyi,1.0,0.9,90.0,2018-03-05,0.6931471805599453,-0.5957212795077483,27.37142857142857,80.57142857142857,23.200000000000003,0.903846153846154,204938755.0,50.344,1.0,0.0,0.9,1.0,0.0,0.9,0.0,0.00048795065628265383
20,2018.0,10.0,Yellow Fever,Ebonyi,1.0,0.9,90.0,2018-03-05,0.6931471805599453,-0.5957212795077483,27.37142857142857,80.57142857142857,23.200000000000003,0.903846153846154,204938755.0,50.344,1.0,1.0,0.9,1.0,0.0,0.9,0.0,0.00048795065628265383
20,2018.0,10.0,Yellow Fever,Edo,4.0,3.6,90.0,2018-03-05,1.6094379124341003,-0.10831295991049975,25.785714285714285,88.42857142857143,30.7,0.903846153846154,204938755.0,50.344,0.0,0.0,0.0,4.0,0.0,3.6,0.0,0.0019518026251306153
20,2018.0,10.0,Yellow Fever,Edo,4.0,3.6,90.0,2018-03-05,1.6094379124341003,-0.10831295991049975,25.785714285714285,88.42857142857143,30.7,0.903846153846154,204938755.0,50.344,4.0,0.0,3.6,4.0,0.0,3.6,0.0,0.0019518026251306153
20,2018.0,10.0,Yellow Fever,Edo,4.0,3.6,90.0,2018-03-05,1.6094379124341003,-0.10831295991049975,25.785714285714285,88.42857142857143,30.7,0.903846153846154,204938755.0,50.344,4.0,4.0,3.6,4.0,0.0,3.6,0.0,0.0019518026251306153
20,2018.0,10.0,Yellow Fever,Edo,4.0,3.6,90.0,2018-03-05,1.6094379124341003,-0.10831295991049975,25.785714285714285,88.42857142857143,30.7,0.903846153846154,204938755.0,50.344,4.0,4.0,3.6,4.0,0.0,3.6,0.0,0.0019518026251306153
20,2018.0,10.0,Yellow Fever,Enugu,1.0,0.9,90.0,2018-03-05,0.6931471805599453,-0.5957212795077483,26.414285714285715,83.42857142857143,15.1,0.903846153846154,204938755.0,50.344,0.0,0.0,0.0,1.0,0.0,0.9,0.0,0.00048795065628265383
20,2018.0,10.0,Yellow Fever,Enugu,1.0,0.9,90.0,2018-03-05,0.6931471805599453,-0.5957212795077483,26.414285714285715,83.42857142857143,15.1,0.903846153846154,204938755.0,50.344,1.0,0.0,0.9,1.0,0.0,0.9,0.0,0.00048795065628265383
20,2018.0,10.0,Yellow Fever,Enugu,1.0,0.9,90.0,2018-03-05,0.6931471805599453,-0.5957212795077483,26.414285714285715,83.42857142857143,15.1,0.903846153846154,204938755.0,50.344,1.0,1.0,0.9,1.0,0.0,0.9,0.0,0.00048795065628265383
20,2018.0,10.0,Yellow Fever,Enugu,1.0,0.9,90.0,2018-03-05,0.6931471805599453,-0.5957212795077483,26.414285714285715,83.42857142857143,15.1,0.903846153846154,204938755.0,50.344,1.0,1.0,0.9,1.0,0.0,0.9,0.0,0.00048795065628265383
20,2018.0,10.0,Yellow Fever,Imo,2.0,1.8,90.0,2018-03-05,1.0986122886681098,-0.4332518396419988,26.17142857142857,88.0,40.7,0.903846153846154,204938755.0,50.344,0.0,0.0,0.0,2.0,0.0,1.8,0.0,0.0009759013125653077
20,2018.0,10.0,Yellow Fever,Imo,2.0,1.8,90.0,2018-03-05,1.0986122886681098,-0.4332518396419988,26.17142857142857,88.0,40.7,0.903846153846154,204938755.0,50.344,2.0,0.0,1.8,2.0,0.0,1.8,0.0,0.0009759013125653077
20,2018.0,10.0,Yellow Fever,Imo,2.0,1.8,90.0,2018-03-05,1.0986122886681098,-0.4332518396419988,26.17142857142857,88.0,40.7,0.903846153846154,204938755.0,50.344,2.0,2.0,1.8,2.0,0.0,1.8,0.0,0.0009759013125653077
20,2018.0,10.0,Yellow Fever,Imo,2.0,1.8,90.0,2018-03-05,1.0986122886681098,-0.4332518396419988,26.17142857142857,88.0,40.7,0.903846153846154,204938755.0,50.344,2.0,2.0,1.8,2.0,0.0,1.8,0.0,0.0009759013125653077
20,2018.0,10.0,Yellow Fever,Jigawa,1.0,0.9,90.0,2018-03-05,0.6931471805599453,-0.5957212795077483,30.24285714285714,52.57142857142857,8.8,0.903846153846154,204938755.0,50.344,0.0,0.0,0.0,1.0,0.0,0.9,0.0,0.00048795065628265383
20,2018.0,10.0,Yellow Fever,Jigawa,1.0,0.9,90.0,2018-03-05,0.6931471805599453,-0.5957212795077483,30.24285714285714,52.57142857142857,8.8,0.903846153846154,204938755.0,50.344,1.0,0.0,0.9,1.0,0.0,0.9,0.0,0.00048795065628265383
20,2018.0,10.0,Yellow Fever,Jigawa,1.0,0.9,90.0,2018-03-05,0.6931471805599453,-0.5957212795077483,30.24285714285714,52.57142857142857,8.8,0.903846153846154,204938755.0,50.344,1.0,1.0,0.9,1.0,0.0,0.9,0.0,0.00048795065628265383
20,2018.0,10.0,Yellow Fever,Jigawa,1.0,0.9,90.0,2018-03-05,0.6931471805599453,-0.5957212795077483,30.24285714285714,52.57142857142857,8.8,0.903846153846154,204938755.0,50.344,1.0,1.0,0.9,1.0,0.0,0.9,0.0,0.00048795065628265383
20,2018.0,10.0,Yellow Fever,Kano,1.0,0.9,90.0,2018-03-05,0.6931471805599453,-0.5957212795077483,30.085714285714285,52.57142857142857,23.6,0.903846153846154,204938755.0,50.344,0.0,0.0,0.0,1.0,0.0,0.9,0.0,0.00048795065628265383
20,2018.0,10.0,Yellow Fever,Kano,1.0,0.9,90.0,2018-03-05,0.6931471805599453,-0.5957212795077483,30.085714285714285,52.57142857142857,23.6,0.903846153846154,204938755.0,50.344,1.0,0.0,0.9,1.0,0.0,0.9,0.0,0.00048795065628265383
20,2018.0,10.0,Yellow Fever,Kano,1.0,0.9,90.0,2018-03-05,0.6931471805599453,-0.5957212795077483,30.085714285714285,52.57142857142857,23.6,0.903846153846154,204938755.0,50.344,1.0,1.0,0.9,1.0,0.0,0.9,0.0,0.00048795065628265383
20,2018.0,10.0,Yellow Fever,Kano,1.0,0.9,90.0,2018-03-05,0.6931471805599453,-0.5957212795077483,30.085714285714285,52.57142857142857,23.6,0.903846153846154,204938755.0,50.344,1.0,1.0,0.9,1.0,0.0,0.9,0.0,0.00048795065628265383
20,2018.0,10.0,Yellow Fever,Katsina,2.0,1.8,90.0,2018-03-05,1.0986122886681098,-0.4332518396419988,31.15714285714285,42.42857142857143,1.8,0.903846153846154,204938755.0,50.344,0.0,0.0,0.0,2.0,0.0,1.8,0.0,0.0009759013125653077
20,2018.0,10.0,Yellow Fever,Katsina,2.0,1.8,90.0,2018-03-05,1.0986122886681098,-0.4332518396419988,31.15714285714285,42.42857142857143,1.8,0.903846153846154,204938755.0,50.344,2.0,0.0,1.8,2.0,0.0,1.8,0.0,0.0009759013125653077
20,2018.0,10.0,Yellow Fever,Katsina,2.0,1.8,90.0,2018-03-05,1.0986122886681098,-0.4332518396419988,31.15714285714285,42.42857142857143,1.8,0.903846153846154,204938755.0,50.344,2.0,2.0,1.8,2.0,0.0,1.8,0.0,0.0009759013125653077
20,2018.0,10.0,Yellow Fever,Katsina,2.0,1.8,90.0,2018-03-05,1.0986122886681098,-0.4332518396419988,31.15714285714285,42.42857142857143,1.8,0.903846153846154,204938755.0,50.344,2.0,2.0,1.8,2.0,0.0,1.8,0.0,0.0009759013125653077
20,2018.0,10.0,Yellow Fever,Kebbi,15.0,13.4,89.33,2018-03-05,2.772588722239781,1.6788508786127452,32.24285714285714,49.57142857142857,19.4,0.903846153846154,204938755.0,50.344,0.0,0.0,0.0,15.0,0.0,13.4,0.0,0.007319259844239807
20,2018.0,10.0,Yellow Fever,Kebbi,15.0,13.4,89.33,2018-03-05,2.772588722239781,1.6788508786127452,32.24285714285714,49.57142857142857,19.4,0.903846153846154,204938755.0,50.344,15.0,0.0,13.4,15.0,0.0,13.4,0.0,0.007319259844239807
20,2018.0,10.0,Yellow Fever,Kebbi,15.0,13.4,89.33,2018-03-05,2.772588722239781,1.6788508786127452,32.24285714285714,49.57142857142857,19.4,0.903846153846154,204938755.0,50.344,15.0,15.0,13.4,15.0,0.0,13.4,0.0,0.007319259844239807
20,2018.0,10.0,Yellow Fever,Kebbi,15.0,13.4,89.33,2018-03-05,2.772588722239781,1.6788508786127452,32.24285714285714,49.57142857142857,19.4,0.903846153846154,204938755.0,50.344,15.0,15.0,13.4,15.0,0.0,13.4,0.0,0.007319259844239807
20,2018.0,10.0,Yellow Fever,Kogi,17.0,15.2,89.41,2018-03-05,2.8903717578961645,2.003789758344244,28.5,73.0,6.2,0.903846153846154,204938755.0,50.344,0.0,0.0,0.0,17.0,0.0,15.2,0.0,0.008295161156805115
20,2018.0,10.0,Yellow Fever,Kogi,17.0,15.2,89.41,2018-03-05,2.8903717578961645,2.003789758344244,28.5,73.0,6.2,0.903846153846154,204938755.0,50.344,17.0,0.0,15.2,17.0,0.0,15.2,0.0,0.008295161156805115
20,2018.0,10.0,Yellow Fever,Kogi,17.0,15.2,89.41,2018-03-05,2.8903717578961645,2.003789758344244,28.5,73.0,6.2,0.903846153846154,204938755.0,50.344,17.0,17.0,15.2,17.0,0.0,15.2,0.0,0.008295161156805115
20,2018.0,10.0,Yellow Fever,Kwara,13.0,11.6,89.23,2018-03-05,2.6390573296152584,1.353911998881246,26.785714285714285,77.85714285714286,6.0,0.903846153846154,204938755.0,50.344,0.0,0.0,0.0,13.0,0.0,11.6,0.0,0.0063433585316745
20,2018.0,10.0,Yellow Fever,Kwara,13.0,11.6,89.23,2018-03-05,2.6390573296152584,1.353911998881246,26.785714285714285,77.85714285714286,6.0,0.903846153846154,204938755.0,50.344,13.0,0.0,11.6,13.0,0.0,11.6,0.0,0.0063433585316745
20,2018.0,10.0,Yellow Fever,Kwara,13.0,11.6,89.23,2018-03-05,2.6390573296152584,1.353911998881246,26.785714285714285,77.85714285714286,6.0,0.903846153846154,204938755.0,50.344,13.0,13.0,11.6,13.0,0.0,11.6,0.0,0.0063433585316745
20,2018.0,10.0,Yellow Fever,Lagos,2.0,1.8,90.0,2018-03-05,1.0986122886681098,-0.4332518396419988,27.11428571428572,84.14285714285714,19.1,0.903846153846154,204938755.0,50.344,0.0,0.0,0.0,2.0,0.0,1.8,0.0,0.0009759013125653077
20,2018.0,10.0,Yellow Fever,Lagos,2.0,1.8,90.0,2018-03-05,1.0986122886681098,-0.4332518396419988,27.11428571428572,84.14285714285714,19.1,0.903846153846154,204938755.0,50.344,2.0,0.0,1.8,2.0,0.0,1.8,0.0,0.0009759013125653077
20,2018.0,10.0,Yellow Fever,Lagos,2.0,1.8,90.0,2018-03-05,1.0986122886681098,-0.4332518396419988,27.11428571428572,84.14285714285714,19.1,0.903846153846154,204938755.0,50.344,2.0,2.0,1.8,2.0,0.0,1.8,0.0,0.0009759013125653077
20,2018.0,10.0,Yellow Fever,Nasarawa,1.0,0.9,90.0,2018-03-05,0.6931471805599453,-0.5957212795077483,28.31428571428572,72.57142857142857,14.9,0.903846153846154,204938755.0,50.344,0.0,0.0,0.0,1.0,0.0,0.9,0.0,0.00048795065628265383
20,2018.0,10.0,Yellow Fever,Nasarawa,1.0,0.9,90.0,2018-03-05,0.6931471805599453,-0.5957212795077483,28.31428571428572,72.57142857142857,14.9,0.903846153846154,204938755.0,50.344,1.0,0.0,0.9,1.0,0.0,0.9,0.0,0.00048795065628265383
20,2018.0,10.0,Yellow Fever,Nasarawa,1.0,0.9,90.0,2018-03-05,0.6931471805599453,-0.5957212795077483,28.31428571428572,72.57142857142857,14.9,0.903846153846154,204938755.0,50.344,1.0,1.0,0.9,1.0,0.0,0.9,0.0,0.00048795065628265383
20,2018.0,10.0,Yellow Fever,Niger,2.0,1.8,90.0,2018-03-05,1.0986122886681098,-0.4332518396419988,28.17142857142857,71.71428571428571,16.8,0.903846153846154,204938755.0,50.344,0.0,0.0,0.0,2.0,0.0,1.8,0.0,0.0009759013125653077
20,2018.0,10.0,Yellow Fever,Niger,2.0,1.8,90.0,2018-03-05,1.0986122886681098,-0.4332518396419988,28.17142857142857,71.71428571428571,16.8,0.903846153846154,204938755.0,50.344,2.0,0.0,1.8,2.0,0.0,1.8,0.0,0.0009759013125653077
20,2018.0,10.0,Yellow Fever,Niger,2.0,1.8,90.0,2018-03-05,1.0986122886681098,-0.4332518396419988,28.17142857142857,71.71428571428571,16.8,0.903846153846154,204938755.0,50.344,2.0,2.0,1.8,2.0,0.0,1.8,0.0,0.0009759013125653077
20,2018.0,10.0,Yellow Fever,Ondo,2.0,1.8,90.0,2018-03-05,1.0986122886681098,-0.4332518396419988,25.042857142857144,87.14285714285714,27.7,0.903846153846154,204938755.0,50.344,0.0,0.0,0.0,2.0,0.0,1.8,0.0,0.0009759013125653077
20,2018.0,10.0,Yellow Fever,Ondo,2.0,1.8,90.0,2018-03-05,1.0986122886681098,-0.4332518396419988,25.042857142857144,87.14285714285714,27.7,0.903846153846154,204938755.0,50.344,2.0,0.0,1.8,2.0,0.0,1.8,0.0,0.0009759013125653077
20,2018.0,10.0,Yellow Fever,Ondo,2.0,1.8,90.0,2018-03-05,1.0986122886681098,-0.4332518396419988,25.042857142857144,87.14285714285714,27.7,0.903846153846154,204938755.0,50.344,2.0,2.0,1.8,2.0,0.0,1.8,0.0,0.0009759013125653077
20,2018.0,10.0,Yellow Fever,Oyo,1.0,0.9,90.0,2018-03-05,0.6931471805599453,-0.5957212795077483,26.071428571428573,82.28571428571429,12.2,0.903846153846154,204938755.0,50.344,0.0,0.0,0.0,1.0,0.0,0.9,0.0,0.00048795065628265383
20,2018.0,10.0,Yellow Fever,Oyo,1.0,0.9,90.0,2018-03-05,0.6931471805599453,-0.5957212795077483,26.071428571428573,82.28571428571429,12.2,0.903846153846154,204938755.0,50.344,1.0,0.0,0.9,1.0,0.0,0.9,0.0,0.00048795065628265383
20,2018.0,10.0,Yellow Fever,Oyo,1.0,0.9,90.0,2018-03-05,0.6931471805599453,-0.5957212795077483,26.071428571428573,82.28571428571429,12.2,0.903846153846154,204938755.0,50.344,1.0,1.0,0.9,1.0,0.0,0.9,0.0,0.00048795065628265383
20,2018.0,10.0,Yellow Fever,Oyo,1.0,0.9,90.0,2018-03-05,0.6931471805599453,-0.5957212795077483,26.071428571428573,82.28571428571429,12.2,0.903846153846154,204938755.0,50.344,1.0,1.0,0.9,1.0,0.0,0.9,0.0,0.00048795065628265383
20,2018.0,10.0,Yellow Fever,Plateau,5.0,4.5,90.0,2018-03-05,1.791759469228055,0.0541564799552498,27.52857142857143,72.71428571428571,28.4,0.903846153846154,204938755.0,50.344,0.0,0.0,0.0,5.0,0.0,4.5,0.0,0.0024397532814132692
20,2018.0,10.0,Yellow Fever,Plateau,5.0,4.5,90.0,2018-03-05,1.791759469228055,0.0541564799552498,27.52857142857143,72.71428571428571,28.4,0.903846153846154,204938755.0,50.344,5.0,0.0,4.5,5.0,0.0,4.5,0.0,0.0024397532814132692
20,2018.0,10.0,Yellow Fever,Plateau,5.0,4.5,90.0,2018-03-05,1.791759469228055,0.0541564799552498,27.52857142857143,72.71428571428571,28.4,0.903846153846154,204938755.0,50.344,5.0,5.0,4.5,5.0,0.0,4.5,0.0,0.0024397532814132692
20,2018.0,10.0,Yellow Fever,Plateau,5.0,4.5,90.0,2018-03-05,1.791759469228055,0.0541564799552498,27.52857142857143,72.71428571428571,28.4,0.903846153846154,204938755.0,50.344,5.0,5.0,4.5,5.0,0.0,4.5,0.0,0.0024397532814132692
20,2018.0,10.0,Yellow Fever,Rivers,2.0,1.8,90.0,2018-03-05,1.0986122886681098,-0.4332518396419988,26.47142857142857,86.71428571428571,38.4,0.903846153846154,204938755.0,50.344,0.0,0.0,0.0,2.0,0.0,1.8,0.0,0.0009759013125653077
20,2018.0,10.0,Yellow Fever,Rivers,2.0,1.8,90.0,2018-03-05,1.0986122886681098,-0.4332518396419988,26.47142857142857,86.71428571428571,38.4,0.903846153846154,204938755.0,50.344,2.0,0.0,1.8,2.0,0.0,1.8,0.0,0.0009759013125653077
20,2018.0,10.0,Yellow Fever,Rivers,2.0,1.8,90.0,2018-03-05,1.0986122886681098,-0.4332518396419988,26.47142857142857,86.71428571428571,38.4,0.903846153846154,204938755.0,50.344,2.0,2.0,1.8,2.0,0.0,1.8,0.0,0.0009759013125653077
20,2018.0,10.0,Yellow Fever,Rivers,2.0,1.8,90.0,2018-03-05,1.0986122886681098,-0.4332518396419988,26.47142857142857,86.71428571428571,38.4,0.903846153846154,204938755.0,50.344,2.0,2.0,1.8,2.0,0.0,1.8,0.0,0.0009759013125653077
20,2018.0,10.0,Yellow Fever,Zamfara,24.0,21.4,89.17,2018-03-05,3.2188758248682006,3.141075837404491,30.9,52.285714285714285,6.4,0.903846153846154,204938755.0,50.344,0.0,0.0,0.0,24.0,0.0,21.4,0.0,0.011710815750783692
20,2018.0,10.0,Yellow Fever,Zamfara,24.0,21.4,89.17,2018-03-05,3.2188758248682006,3.141075837404491,30.9,52.285714285714285,6.4,0.903846153846154,204938755.0,50.344,24.0,0.0,21.4,24.0,0.0,21.4,0.0,0.011710815750783692
20,2018.0,10.0,Yellow Fever,Zamfara,24.0,21.4,89.17,2018-03-05,3.2188758248682006,3.141075837404491,30.9,52.285714285714285,6.4,0.903846153846154,204938755.0,50.344,24.0,24.0,21.4,24.0,0.0,21.4,0.0,0.011710815750783692
20,2018.0,10.0,Yellow Fever,Zamfara,24.0,21.4,89.17,2018-03-05,3.2188758248682006,3.141075837404491,30.9,52.285714285714285,6.4,0.903846153846154,204938755.0,50.344,24.0,24.0,21.4,24.0,0.0,21.4,0.0,0.011710815750783692
